Time_sec1	Voltage_A0TG	Time_sec2	Voltage_A1TG
0	0.872875034809113	0.006233	3.62050008773804
0.022553	0.87200003862381	0.028785	3.62187528610229
0.045104	0.872875034809113	0.051336	3.62225008010864
0.06766	0.872500061988831	0.073893	3.62162518501282
0.090226	0.872500061988831	0.096464	3.62075018882751
0.112783	0.871875047683716	0.119021	3.61925005912781
0.135342	0.870375037193298	0.141575	3.61900019645691
0.1579	0.871125042438507	0.164132	3.61950016021729
0.180454	0.87200003862381	0.186691	3.62037515640259
0.203011	0.872500061988831	0.209249	3.62175011634827
0.225567	0.872750043869019	0.2318	3.62200021743774
0.248124	0.872625052928925	0.254357	3.62125015258789
0.270699	0.871875047683716	0.276933	3.61900019645691
0.293244	0.871000051498413	0.299477	3.61937522888184
0.315798	0.872250020503998	0.322031	3.61912512779236
0.338353	0.871875047683716	0.344586	3.61987519264221
0.360937	0.872125029563904	0.36717	3.62150025367737
0.383506	0.873000025749207	0.389745	3.62162518501282
0.406075	0.871500015258789	0.412308	3.62175011634827
0.428634	0.87200003862381	0.434867	3.62062525749207
0.451189	0.872500061988831	0.457426	3.61862516403198
0.473752	0.871875047683716	0.479985	3.61875009536743
0.49631	0.871875047683716	0.502543	3.61875009536743
0.518868	0.872375071048737	0.5251	3.62025022506714
0.541416	0.870500028133392	0.547654	3.62112522125244
0.563974	0.875750064849854	0.570223	3.62187528610229
0.586559	0.871625065803528	0.592791	3.62125015258789
0.609115	0.873125016689301	0.615356	3.62075018882751
0.631677	0.87200003862381	0.637914	3.61937522888184
0.654233	0.871750056743622	0.660466	3.61887526512146
0.67679	0.872250020503998	0.683022	3.61925005912781
0.699344	0.872750043869019	0.705577	3.62012505531311
0.721925	0.874250054359436	0.728196	3.62162518501282
0.744583	0.874500036239624	0.750848	3.62187528610229
0.767254	0.872750043869019	0.773518	3.62100028991699
0.789873	0.871625065803528	0.796178	3.62012505531311
0.812501	0.872750043869019	0.81874	3.61937522888184
0.835062	0.872375071048737	0.841296	3.61862516403198
0.857622	0.872875034809113	0.863854	3.61950016021729
0.880173	0.872500061988831	0.886411	3.62062525749207
0.902731	0.875250041484833	0.908968	3.62162518501282
0.925287	0.872375071048737	0.93152	3.62162518501282
0.947844	0.872625052928925	0.954077	3.62137508392334
0.970425	0.871875047683716	0.976668	3.61962509155273
0.992991	0.872250020503998	0.999223	3.61900019645691
1.015545	0.87200003862381	1.021779	3.61887526512146
1.038104	0.871375024318695	1.044336	3.61925005912781
1.060656	0.872625052928925	1.066894	3.62100028991699
1.083213	0.872375071048737	1.08945	3.62212514877319
1.105768	0.871500015258789	1.112001	3.62150025367737
1.128326	0.871875047683716	1.134558	3.62037515640259
1.150888	0.871125042438507	1.157127	3.61950016021729
1.173457	0.872500061988831	1.179694	3.61900019645691
1.196013	0.871375024318695	1.202245	3.61500024795532
1.218569	0.871375024318695	1.224802	3.61612510681152
1.24112	0.772625029087067	1.247358	3.61237525939941
1.263677	0.676750004291534	1.269927	3.59625005722046
1.286246	0.585125029087067	1.292478	3.56275010108948
1.308802	0.507250010967255	1.315035	3.50912523269653
1.331375	0.431375026702881	1.33761	3.44487524032593
1.353951	0.367000013589859	1.360223	3.36675024032593
1.376543	0.308500021696091	1.382772	3.28637504577637
1.399092	0.259625017642975	1.405349	3.19800019264221
1.421672	0.216750010848045	1.427911	3.11325025558472
1.444223	0.180000007152557	1.450456	3.02312517166138
1.466776	0.143500000238419	1.473027	2.93937516212463
1.489356	0.112000003457069	1.495584	2.85300016403198
1.511898	0.0797500014305115	1.518131	2.77662515640259
1.534455	0.0517500042915344	1.540703	2.70237517356873
1.557027	0.0283750016242266	1.56326	2.6395001411438
1.579582	0.00937500037252903	1.585833	2.58037519454956
1.602154	0.00525000039488077	1.608391	2.53175020217896
1.62471	0.00150000001303852	1.630942	2.48487520217896
1.647266	0.00162500003352761	1.653494	2.44612503051758
1.669838	0.00125000008847564	1.676071	2.40850019454956
1.69239	0.000875000027008355	1.698628	2.37600016593933
1.714947	-0.000125000005937181	1.721197	2.3498752117157
1.737527	0.00137500010896474	1.743759	2.32587504386902
1.76008	0.0020000000949949	1.766318	2.3058750629425
1.782636	0.00375000014901161	1.788874	2.28625011444092
1.805194	0.00312500004656613	1.811427	2.26950001716614
1.827752	0.000750000006519258	1.833985	2.25212502479553
1.850319	0.000625000044237822	1.856556	2.23862504959106
1.872875	0.000875000027008355	1.879113	2.22500014305115
1.895434	0.000625000044237822	1.901666	2.21425008773804
1.917991	0.00100000004749745	1.924224	2.20562505722046
1.940544	0.00487500010058284	1.946781	2.19762516021729
1.963101	0.00387500016950071	1.969339	2.18975019454956
1.98566	0.0020000000949949	1.991893	2.18274998664856
2.008218	0.00137500010896474	2.01445	2.17462515830994
2.030797	0	2.037034	2.16862511634827
2.053344	0.000500000023748726	2.059577	2.16175007820129
2.075898	0.000625000044237822	2.082131	2.15812516212463
2.098454	0.00137500010896474	2.104686	2.15475010871887
2.121006	0.00250000017695129	2.127243	2.15200018882751
2.143562	0.00375000014901161	2.149795	2.1487500667572
2.166121	0.00112500006798655	2.172353	2.14512515068054
2.188678	0.000625000044237822	2.19491	2.14087510108948
2.211242	0.000625000044237822	2.21748	2.13775014877319
2.233798	0.000750000006519258	2.240031	2.13450002670288
2.256355	0.000500000023748726	2.262587	2.13300013542175
2.278911	0.00175000005401671	2.285143	2.13237500190735
2.301463	0.00337500008754432	2.307701	2.1313750743866
2.32402	0.00312500004656613	2.330253	2.13000011444092
2.346576	0.00137500010896474	2.352833	2.12687516212463
2.36916	-0.00100000004749745	2.375396	2.1247501373291
2.39174	0.004250000230968	2.397979	2.12250018119812
2.414293	0.000625000044237822	2.420532	2.12087512016296
2.436853	0.00525000039488077	2.443086	2.12100005149841
2.459411	0.00550000043585896	2.465645	2.12062501907349
2.481967	0.00350000010803342	2.4882	2.12137508392334
2.50452	0.00400000018998981	2.510752	2.11962509155273
2.527082	0.00100000004749745	2.533316	2.11762499809265
2.549656	0.000375000003259629	2.555889	2.116375207901
2.572208	0	2.578445	2.11437511444092
2.594765	0.00125000008847564	2.600998	2.11387515068054
2.617319	0.00100000004749745	2.623551	2.1146252155304
2.639872	0.0020000000949949	2.646121	2.11512517929077
2.662441	0.00500000035390258	2.668678	2.11487507820129
2.684998	0.00250000017695129	2.691225	2.1146252155304
2.707564	0.00112500006798655	2.713796	2.11237502098083
2.730137	-0.000125000005937181	2.736375	2.11187505722046
2.752697	0.00100000004749745	2.758934	2.11087512969971
2.775255	0.00337500008754432	2.781488	2.11175012588501
2.797813	0.00112500006798655	2.804045	2.11487507820129
2.820365	0.00312500004656613	2.826602	2.11849999427795
2.842924	0.00250000017695129	2.849161	2.12350010871887
2.86548	0.00112500006798655	2.871713	2.12674999237061
2.88804	0.00137500010896474	2.894273	2.12987518310547
2.9106	0.000250000011874363	2.916837	2.13237500190735
2.933157	0.000625000044237822	2.939395	2.13550019264221
2.955722	0.00500000035390258	2.961955	2.1386251449585
2.978283	0.00125000008847564	2.984516	2.14175009727478
3.000836	0.00375000014901161	3.007074	2.14375019073486
3.023394	0.00287500023841858	3.029632	2.14500021934509
3.045951	0.00412499997764826	3.052184	2.14500021934509
3.068509	0.00100000004749745	3.074741	2.14387512207031
3.091088	0.000125000005937181	3.097326	2.14400005340576
3.113644	0.00175000005401671	3.119877	2.14375019073486
3.136209	0.00137500010896474	3.142442	2.14525008201599
3.158766	0.000625000044237822	3.164999	2.14750003814697
3.181318	0.00387500016950071	3.187555	2.15050005912781
3.203875	0.00512500014156103	3.21011	2.15149998664856
3.226434	0.00175000005401671	3.232666	2.15350008010864
3.24899	0.000875000027008355	3.255222	2.15412521362305
3.271564	0.000125000005937181	3.277801	2.15650010108948
3.294132	0.00175000005401671	3.300365	2.15775012969971
3.316689	0.00162500003352761	3.322916	2.16075015068054
3.339236	0.00275000021792948	3.345469	2.1635000705719
3.361806	0.00312500004656613	3.368039	2.16612505912781
3.384351	0.0022500001359731	3.390614	2.16750001907349
3.406941	0.00337500008754432	3.413174	2.16775012016296
3.429498	0.000875000027008355	3.435731	2.16812515258789
3.452051	0.000875000027008355	3.458289	2.17025017738342
3.47461	0.00100000004749745	3.480849	2.18012499809265
3.497167	0.000750000006519258	3.503407	2.19525003433228
3.519738	0.00175000005401671	3.525971	2.20775008201599
3.542292	0.00275000021792948	3.548525	2.22337508201599
3.564847	0.000625000044237822	3.571083	2.22937512397766
3.587404	0.00150000001303852	3.593636	2.23312520980835
3.609958	0.00137500010896474	3.616209	2.2350001335144
3.632529	0.00175000005401671	3.638766	2.23625016212463
3.655093	0.00337500008754432	3.661326	2.23812508583069
3.677645	0.00325000006705523	3.683878	2.24025011062622
3.700212	0.00462500005960464	3.70645	2.2425000667572
3.722786	0.00500000035390258	3.729031	2.24425005912781
3.745369	0.00512500014156103	3.751603	2.24362516403198
3.767929	0.00387500016950071	3.774161	2.24475002288818
3.79048	0.00500000035390258	3.796718	2.24462509155273
3.813037	0.00600000005215406	3.819274	2.24525022506714
3.8356	0.00650000013411045	3.841832	2.24737501144409
3.858157	0.00700000021606684	3.864389	2.24950003623962
3.88071	0.0101250000298023	3.886947	2.25162506103516
3.903267	0.00975000020116568	3.909504	2.25337505340576
3.925832	0.0123750008642673	3.932064	2.25362515449524
3.948383	0.00662500038743019	3.954615	2.25400018692017
3.970947	0.00950000062584877	3.977186	2.25462508201599
3.993509	0.00687500042840838	3.999747	2.25675010681152
4.016067	0.0111250001937151	4.022305	2.25975012779236
4.038645	0.00912500079721212	4.044877	2.26237511634827
4.061197	0.0146250007674098	4.06743	2.26550006866455
4.08375	0.0140000004321337	4.089982	2.26800012588501
4.106306	0.012750000692904	4.112538	2.27025008201599
4.128863	0.0131250005215406	4.135095	2.27387499809265
4.151415	0.0130000002682209	4.157652	2.27950000762939
4.173971	0.0146250007674098	4.180218	2.28612518310547
4.196542	0.0147500010207295	4.202774	2.29387521743774
4.219111	0.0162500012665987	4.225343	2.30275011062622
4.241661	0.0193750001490116	4.247893	2.31125020980835
4.264212	0.017000000923872	4.270445	2.32012510299683
4.28677	0.019250001758337	4.293002	2.32925009727478
4.309325	0.0168750006705523	4.315557	2.34050011634827
4.331876	0.0177500005811453	4.338113	2.35262513160706
4.35448	0.0177500005811453	4.360736	2.36700010299683
4.377068	0.0186250004917383	4.383302	2.3802502155304
4.39963	0.0196250006556511	4.405864	2.39300012588501
4.422187	0.0225000008940697	4.428425	2.40175008773804
4.444744	0.0211250018328428	4.450978	2.40912508964539
4.467301	0.0221250001341105	4.47354	2.4135000705719
4.489861	0.0197500009089708	4.496095	2.41887521743774
4.512414	0.0211250018328428	4.518652	2.42337512969971
4.534971	0.0217500012367964	4.541204	2.43050003051758
4.557524	0.0225000008940697	4.563757	2.4381251335144
4.580078	0.0233750008046627	4.586311	2.44825005531311
4.602637	0.0252500008791685	4.60887	2.45887517929077
4.625208	0.0231250002980232	4.631448	2.47112512588501
4.647773	0.024125000461936	4.654006	2.4841251373291
4.670328	0.0237500015646219	4.67656	2.49925017356873
4.692871	0.0245000012218952	4.699109	2.51462507247925
4.715438	0.024625001475215	4.721689	2.53237509727478
4.738021	0.0261250007897615	4.744254	2.54862523078918
4.7606	0.0287500005215406	4.766838	2.56512522697449
4.783164	0.0286250021308661	4.789402	2.57925009727478
4.805724	0.027750002220273	4.811957	2.59162521362305
4.828281	0.0267500020563602	4.834513	2.60250020027161
4.850832	0.0272500012069941	4.857069	2.61287522315979
4.873388	0.0282500013709068	4.879626	2.62337517738342
4.895945	0.0281250011175871	4.902178	2.63300013542175
4.918517	0.0301250014454126	4.92475	2.64237523078918
4.941087	0.032124999910593	4.947325	2.65000009536743
4.963645	0.0307500008493662	4.969884	2.6560001373291
4.986208	0.0296250022947788	4.992441	2.66075015068054
5.008765	0.0297500006854534	5.014997	2.6643750667572
5.031317	0.0307500008493662	5.037555	2.66900014877319
5.053873	0.0311250016093254	5.060108	2.67325019836426
5.076432	0.0322500020265579	5.082664	2.6782500743866
5.098988	0.0333750024437904	5.10522	2.68225002288818
5.121575	0.0341250002384186	5.127813	2.68587517738342
5.144133	0.033125001937151	5.150366	2.68887519836426
5.166692	0.0373750030994415	5.172924	2.69037508964539
5.18925	0.0329999998211861	5.195483	2.69150018692017
5.211801	0.034875001758337	5.218038	2.69350004196167
5.234357	0.0347500033676624	5.240595	2.69675016403198
5.256919	0.0347500033676624	5.263151	2.70025014877319
5.279475	0.0368750020861626	5.285724	2.70437502861023
5.302045	0.0370000004768372	5.308282	2.70700001716614
5.324602	0.0350000001490116	5.33083	2.70850014686584
5.34715	0.036250002682209	5.353406	2.70912504196167
5.369732	0.0360000021755695	5.37596	2.71112513542175
5.392287	0.0372500009834766	5.398525	2.71400022506714
5.414847	0.0363750010728836	5.421087	2.71700024604797
5.437412	0.0380000025033951	5.443645	2.72150015830994
5.459963	0.0400000028312206	5.466208	2.72500014305115
5.482531	0.0401250012218952	5.488769	2.72850012779236
5.505105	0.0388750024139881	5.511338	2.73125004768372
5.527664	0.0391250029206276	5.533897	2.73300004005432
5.550219	0.0381250008940697	5.556457	2.73712515830994
5.572767	0.0398750007152557	5.579	2.74150013923645
5.595339	0.0410000011324883	5.601571	2.74775004386902
5.617895	0.0410000011324883	5.624127	2.75500011444092
5.640447	0.0438750013709068	5.646685	2.76162505149841
5.663004	0.0422500036656857	5.669241	2.76775002479553
5.685563	0.0411250032484531	5.691797	2.7737500667572
5.708118	0.0418750010430813	5.71435	2.77987504005432
5.730707	0.0418750010430813	5.736946	2.78637504577637
5.753269	0.0428750030696392	5.759503	2.79450011253357
5.775833	0.0423750020563602	5.782066	2.80275011062622
5.798388	0.0431250035762787	5.80462	2.81100010871887
5.820942	0.0450000017881393	5.82718	2.81812524795532
5.843506	0.0432500019669533	5.849744	2.82462501525879
5.866084	0.0436250008642673	5.872317	2.82975006103516
5.888643	0.0430000014603138	5.894875	2.83437514305115
5.911197	0.0420000031590462	5.917434	2.83875012397766
5.933753	0.0498750023543835	5.939986	2.8443751335144
5.95631	0.0458750016987324	5.962542	2.84887504577637
5.978871	0.0470000021159649	5.985104	2.85375022888184
6.001424	0.0471250005066395	6.007661	2.85687518119812
6.023986	0.0466250032186508	6.03022	2.85887503623962
6.04656	0.0461250022053719	6.052793	2.85937523841858
6.069112	0.0472500026226044	6.075351	2.86025023460388
6.091671	0.0472500026226044	6.097909	2.86187505722046
6.114229	0.0466250032186508	6.120462	2.86400008201599
6.136786	0.047375001013279	6.143019	2.86675024032593
6.159341	0.0508750006556511	6.165574	2.86900019645691
6.181892	0.0495000034570694	6.18813	2.87075018882751
6.20445	0.0486250035464764	6.210703	2.87175011634827
6.227029	0.0478750020265579	6.233262	2.87287521362305
6.249587	0.0488750040531158	6.255828	2.87437510490417
6.272147	0.0498750023543835	6.278385	2.87712502479553
6.294703	0.0488750040531158	6.300936	2.8822500705719
6.31726	0.0488750040531158	6.323493	2.88687515258789
6.339838	0.0517500042915344	6.346071	2.89200019836426
6.362407	0.0515000037848949	6.368639	2.89625024795532
6.38497	0.050500001758337	6.391209	2.90000009536743
6.407553	0.051000002771616	6.413785	2.90400004386902
6.430113	0.0500000007450581	6.43635	2.90787506103516
6.452671	0.0515000037848949	6.458909	2.91425013542175
6.475231	0.0508750006556511	6.481467	2.92000007629395
6.497792	0.0542500019073486	6.504024	2.92650008201599
6.520343	0.0545000024139881	6.52658	2.93212509155273
6.542899	0.0521250031888485	6.549136	2.93712520599365
6.565455	0.0521250031888485	6.571687	2.94112515449524
6.588014	0.052375003695488	6.594246	2.94512510299683
6.610565	0.0526250042021275	6.616803	2.95000004768372
6.633121	0.0533750019967556	6.639359	2.95450019836426
6.65568	0.0540000014007092	6.661913	2.9603750705719
6.678236	0.055500004440546	6.684468	2.96587514877319
6.700799	0.0563750043511391	6.707037	2.97125005722046
6.723361	0.0552500039339066	6.729599	2.97425007820129
6.745924	0.0547500029206276	6.752156	2.97650003433228
6.768481	0.0528750009834766	6.774709	2.97975015640259
6.791035	0.0553750023245811	6.797268	2.9832501411438
6.813588	0.0563750043511391	6.819831	2.98662519454956
6.83615	0.0561250038444996	6.842383	2.99125003814697
6.858706	0.0576250031590462	6.864939	2.99537515640259
6.881263	0.0573750026524067	6.887496	2.99850010871887
6.903816	0.0560000017285347	6.91005	3.00050020217896
6.926374	0.0561250038444996	6.932607	3.00162506103516
6.948946	0.0557500012218952	6.955178	3.00312519073486
6.971503	0.0567500032484531	6.977736	3.00500011444092
6.994057	0.0566250011324883	7.000309	3.00800013542175
7.016633	0.0573750026524067	7.022865	3.01087522506714
7.03919	0.0590000040829182	7.045433	3.01325011253357
7.061753	0.0576250031590462	7.06799	3.01487517356873
7.084309	0.0578750036656857	7.090541	3.01550006866455
7.106866	0.0575000010430813	7.113098	3.0153751373291
7.129425	0.0580000020563602	7.135657	3.01600003242493
7.15199	0.0583750009536743	7.158227	3.01700019836426
7.174546	0.0603750012814999	7.180797	3.01887512207031
7.19712	0.0603750012814999	7.203353	3.02125024795532
7.219672	0.0620000027120113	7.225923	3.02325010299683
7.242243	0.0597500018775463	7.24848	3.02437520027161
7.264798	0.0595000013709068	7.27103	3.02412509918213
7.287354	0.0587500035762787	7.293586	3.02450013160706
7.309905	0.0593750029802322	7.316138	3.02500009536743
7.33246	0.0603750012814999	7.338693	3.02775025367737
7.35506	0.0597500018775463	7.361297	3.03150010108948
7.377622	0.063000001013279	7.383849	3.03462505340576
7.400177	0.0637500062584877	7.406415	3.03775024414062
7.422745	0.0628750026226044	7.428983	3.03962516784668
7.445303	0.0640000030398369	7.451536	3.04112505912781
7.46786	0.0610000044107437	7.474098	3.04375004768372
7.49042	0.0625	7.496657	3.04737520217896
7.512981	0.0620000027120113	7.519219	3.05162525177002
7.535554	0.0618750043213367	7.541786	3.05687522888184
7.558102	0.0670000016689301	7.564334	3.06250023841858
7.580657	0.0636250004172325	7.586894	3.06737518310547
7.603214	0.0635000020265579	7.609451	3.07137513160706
7.625771	0.0631249994039536	7.632005	3.07462525367737
7.648329	0.0631249994039536	7.654557	3.07925009727478
7.670889	0.0631249994039536	7.677126	3.08400011062622
7.693446	0.0628750026226044	7.699683	3.08962512016296
7.716016	0.0640000030398369	7.722267	3.09662508964539
7.738591	0.0655000060796738	7.744824	3.10200023651123
7.761148	0.0643750056624413	7.767385	3.10700011253357
7.783705	0.0640000030398369	7.789938	3.11075019836426
7.806258	0.0651250034570694	7.812486	3.11500024795532
7.828813	0.0643750056624413	7.835045	3.11800003051758
7.851378	0.0663750022649765	7.857615	3.12375020980835
7.873934	0.0666250064969063	7.880167	3.12987518310547
7.89649	0.0662500038743019	7.902724	3.13500022888184
7.919045	0.0682500004768372	7.925277	3.13962507247925
7.941599	0.0672500059008598	7.947837	3.14425015449524
7.964157	0.0626250058412552	7.970403	3.14737510681152
7.986729	0.0653750002384186	7.992961	3.15012526512146
8.009284	0.0632500052452087	8.015517	3.15362524986267
8.031837	0.0667500048875809	8.038069	3.15762519836426
8.054393	0.0672500059008598	8.060632	3.1623752117157
8.076957	0.068000003695488	8.08319	3.16762518882751
8.099516	0.0666250064969063	8.105749	3.17237520217896
8.122069	0.0672500059008598	8.128306	3.17475008964539
8.144625	0.0698750019073486	8.150858	3.17687511444092
8.167182	0.0670000016689301	8.173415	3.17962503433228
8.189738	0.0672500059008598	8.195971	3.18225026130676
8.212291	0.0670000016689301	8.218528	3.18662524223328
8.234848	0.0683750063180923	8.241087	3.19187521934509
8.257425	0.069750003516674	8.263657	3.1956250667572
8.279971	0.0696250051259995	8.286211	3.19912505149841
8.30253	0.0677500069141388	8.308768	3.20150017738342
8.325087	0.0726250037550926	8.331319	3.20325016975403
8.347639	0.0683750063180923	8.353897	3.20575022697449
8.370227	0.0692500025033951	8.376472	3.2083752155304
8.392798	0.0690000057220459	8.399035	3.21187520027161
8.415354	0.0696250051259995	8.421587	3.21637511253357
8.43791	0.0711250007152557	8.444143	3.21987509727478
8.460478	0.0698750019073486	8.466716	3.22325015068054
8.483058	0.0695000067353249	8.489296	3.22437524795532
8.505636	0.0705000013113022	8.511869	3.22625017166138
8.528192	0.0682500004768372	8.534424	3.22762513160706
8.550744	0.0715000033378601	8.556981	3.23062515258789
8.5733	0.070750005543232	8.579537	3.23425006866455
8.595855	0.0721250027418137	8.602087	3.23712515830994
8.61841	0.0722500011324883	8.624643	3.24000024795532
8.640978	0.070250004529953	8.647216	3.24237513542175
8.663534	0.0717500001192093	8.669766	3.24262523651123
8.686086	0.070250004529953	8.692319	3.24462509155273
8.708643	0.0746250003576279	8.714876	3.24550008773804
8.731217	0.0720000043511391	8.737455	3.24737524986267
8.753776	0.0717500001192093	8.760019	3.25050020217896
8.776343	0.0734999999403954	8.782577	3.25275015830994
8.798902	0.0740000009536743	8.805135	3.25537514686584
8.821468	0.0716250017285347	8.827706	3.2563750743866
8.844026	0.0718750059604645	8.850254	3.25662517547607
8.866582	0.070750005543232	8.872815	3.25712513923645
8.88914	0.0712500065565109	8.895373	3.25762510299683
8.911693	0.0713750049471855	8.91793	3.25887513160706
8.93424	0.0700000002980232	8.940478	3.26175022125244
8.956803	0.0743750035762787	8.963036	3.2636251449585
8.979372	0.0743750035762787	8.985605	3.26525020599365
9.001927	0.0728750005364418	9.008166	3.26600027084351
9.024492	0.0742500051856041	9.030724	3.26550006866455
9.04705	0.0741250067949295	9.053283	3.26525020599365
9.069604	0.0731250047683716	9.075837	3.26525020599365
9.092159	0.0746250003576279	9.098392	3.26700019836426
9.114712	0.0747500061988831	9.120945	3.26925015449524
9.137266	0.0766250044107437	9.143498	3.27062511444092
9.159838	0.075250007212162	9.166072	3.27137517929077
9.182395	0.0740000009536743	9.188632	3.27137517929077
9.204951	0.0732500031590462	9.211185	3.27075004577637
9.22751	0.0742500051856041	9.233742	3.26975011825562
9.250061	0.0738750025629997	9.256318	3.27100014686584
9.272639	0.0756250023841858	9.278877	3.27337527275085
9.295194	0.0757500007748604	9.301427	3.27450013160706
9.31775	0.0807500034570694	9.323982	3.27587509155273
9.340317	0.0767500028014183	9.34655	3.27650022506714
9.362884	0.075250007212162	9.369117	3.27625012397766
9.385448	0.0745000019669533	9.391681	3.27625012397766
9.408008	0.0750000029802322	9.414241	3.27625012397766
9.430559	0.0762500017881393	9.436797	3.27700018882751
9.453116	0.0757500007748604	9.459353	3.28000020980835
9.475691	0.0767500028014183	9.481924	3.28150010108948
9.498249	0.0778750032186508	9.504481	3.28337526321411
9.5208	0.0767500028014183	9.527037	3.28450012207031
9.543361	0.0760000050067902	9.549599	3.28450012207031
9.565922	0.0758750066161156	9.572154	3.28525018692017
9.588481	0.0760000050067902	9.594713	3.28575015068054
9.611033	0.0772500038146973	9.617271	3.28775024414062
9.63359	0.0755000039935112	9.639833	3.29137516021729
9.656145	0.078625001013279	9.662383	3.29337525367737
9.678708	0.0773750022053719	9.68494	3.2963752746582
9.701259	0.0772500038146973	9.707496	3.29762506484985
9.723827	0.0776250064373016	9.730068	3.29837512969971
9.746394	0.0792500004172325	9.752627	3.29900026321411
9.768951	0.0776250064373016	9.775189	3.30112504959106
9.791511	0.0775000005960464	9.797748	3.30450010299683
9.814068	0.0780000016093254	9.820309	3.30737519264221
9.836634	0.0793750062584877	9.842867	3.31012511253357
9.859191	0.0778750032186508	9.865432	3.31287527084351
9.88175	0.0762500017881393	9.887988	3.31412506103516
9.90431	0.080375000834465	9.910543	3.31562519073486
9.926872	0.0777500048279762	9.933105	3.31625008583069
9.94943	0.0785000026226044	9.955663	3.3188750743866
9.971985	0.078625001013279	9.978225	3.32237505912781
9.994546	0.0787500068545341	10.000798	3.32487511634827
10.017124	0.0806250050663948	10.023357	3.3278751373291
10.039681	0.078125	10.045925	3.33037519454956
10.062245	0.0788750052452087	10.068482	3.33037519454956
10.084801	0.0782500058412552	10.091039	3.33200025558472
10.107368	0.0782500058412552	10.113601	3.33300018310547
10.129927	0.078125	10.13616	3.3353750705719
10.15248	0.0791250020265579	10.158717	3.33837509155273
10.175039	0.0805000066757202	10.181273	3.34125018119812
10.197594	0.0807500034570694	10.203826	3.34387516975403
10.220146	0.0800000056624413	10.226378	3.34550023078918
10.242698	0.078625001013279	10.248935	3.34562516212463
10.265259	0.0778750032186508	10.271492	3.34637522697449
10.287817	0.0823750048875809	10.29405	3.34812521934509
10.31037	0.0792500004172325	10.316608	3.34912514686584
10.332926	0.0797500014305115	10.339163	3.35212516784668
10.355532	0.0812500044703484	10.361768	3.35412526130676
10.378094	0.0825000032782555	10.384328	3.35650014877319
10.400653	0.0800000056624413	10.406891	3.35712504386902
10.423209	0.0816250070929527	10.429447	3.35650014877319
10.445771	0.0801250040531158	10.452004	3.35625004768372
10.468328	0.0796250030398369	10.47458	3.35750007629395
10.490905	0.0800000056624413	10.497143	3.35837507247925
10.513464	0.0805000066757202	10.519702	3.36062526702881
10.536022	0.0821250006556511	10.542254	3.36237525939941
10.558578	0.0822500064969063	10.56481	3.36437511444092
10.581129	0.0811250060796738	10.587367	3.36337518692017
10.603699	0.0810000002384186	10.609931	3.36350011825562
10.626251	0.0805000066757202	10.632483	3.36300015449524
10.648808	0.0805000066757202	10.65504	3.36337518692017
10.671375	0.0830000042915344	10.677612	3.36437511444092
10.693932	0.0800000056624413	10.700164	3.36612510681152
10.716488	0.0828750059008598	10.722733	3.36787509918213
10.739064	0.0815000012516975	10.745297	3.36800026893616
10.761586	0.0821250006556511	10.767824	3.36687517166138
10.784146	0.0813750028610229	10.790379	3.36625027656555
10.806704	0.0812500044703484	10.812936	3.3655002117157
10.829255	0.0813750028610229	10.835488	3.36525011062622
10.851806	0.0816250070929527	10.858043	3.366375207901
10.874362	0.0826250016689301	10.880596	3.36800026893616
10.89692	0.0840000063180923	10.903152	3.36850023269653
10.919474	0.0828750059008598	10.92572	3.36862516403198
10.942042	0.0822500064969063	10.948279	3.3672502040863
10.964604	0.0821250006556511	10.970842	3.366375207901
10.987182	0.0837500020861626	10.993414	3.36537504196167
11.009732	0.083125002682209	11.015961	3.3655002117157
11.032292	0.0873750075697899	11.03853	3.36675024032593
11.05485	0.0846250057220459	11.061087	3.36787509918213
11.077412	0.083625003695488	11.083646	3.3683750629425
11.099966	0.0828750059008598	11.106209	3.36800026893616
11.122529	0.0830000042915344	11.128766	3.36687517166138
11.145085	0.0821250006556511	11.151318	3.36537504196167
11.167642	0.0822500064969063	11.173875	3.36537504196167
11.19022	0.0823750048875809	11.196453	3.366375207901
11.212774	0.083625003695488	11.219011	3.3675000667572
11.235342	0.085875004529953	11.241574	3.36912512779236
11.257893	0.0843750014901161	11.264126	3.37012505531311
11.280446	0.0846250057220459	11.286678	3.36975026130676
11.302997	0.0830000042915344	11.30923	3.36900019645691
11.325549	0.080875001847744	11.331777	3.36862516403198
11.348104	0.0838750004768372	11.354357	3.36900019645691
11.370707	0.0840000063180923	11.376935	3.37075018882751
11.393262	0.0838750004768372	11.3995	3.37287521362305
11.415832	0.0857500061392784	11.422065	3.37512516975403
11.438389	0.0873750075697899	11.444622	3.37637519836426
11.460941	0.0838750004768372	11.467178	3.37625026702881
11.483506	0.0846250057220459	11.489744	3.37675023078918
11.506063	0.0840000063180923	11.512297	3.37700009346008
11.528627	0.0842500030994415	11.53486	3.37825012207031
11.551179	0.0847500041127205	11.557417	3.38050007820129
11.57374	0.0847500041127205	11.579973	3.3828752040863
11.596311	0.0860000029206276	11.602543	3.38562512397766
11.618867	0.0850000008940697	11.6251	3.38737511634827
11.641419	0.0846250057220459	11.647657	3.38800024986267
11.663976	0.0866250023245811	11.670217	3.3886251449585
11.686541	0.0802500024437904	11.692774	3.3903751373291
11.7091	0.0847500041127205	11.715343	3.39187526702881
11.731689	0.0852500051259995	11.737927	3.39500021934509
11.754251	0.0868750065565109	11.760509	3.39750027656555
11.776834	0.0862500071525574	11.783066	3.40075016021729
11.799384	0.0898750051856041	11.805635	3.40175008773804
11.821954	0.0855000019073486	11.828192	3.40250015258789
11.844511	0.0851250067353249	11.850744	3.40400004386902
11.867069	0.083125002682209	11.873301	3.40462517738342
11.889627	0.0860000029206276	11.89586	3.40712523460388
11.912179	0.0862500071525574	11.918416	3.41025018692017
11.934736	0.0868750065565109	11.940978	3.41300010681152
11.957302	0.0868750065565109	11.963534	3.4152500629425
11.979859	0.088625006377697	11.986092	3.41625022888184
12.002411	0.085875004529953	12.008649	3.41662526130676
12.024969	0.085375003516674	12.031202	3.41612505912781
12.047525	0.0865000039339066	12.053753	3.41812515258789
12.070075	0.0856250077486038	12.076313	3.42062520980835
12.092635	0.085875004529953	12.098872	3.42325019836426
12.115193	0.0876250043511391	12.121425	3.42575025558472
12.137749	0.0861250013113022	12.143982	3.42750024795532
12.160308	0.0845000073313713	12.166545	3.4282500743866
12.182864	0.0871250033378601	12.189101	3.42850017547607
12.205437	0.085375003516674	12.211669	3.428875207901
12.227992	0.0861250013113022	12.234225	3.43025016784668
12.250545	0.0868750065565109	12.256783	3.43212509155273
12.273103	0.0867500007152557	12.279336	3.43425011634827
12.295658	0.0888750031590462	12.301891	3.43712520599365
12.318213	0.0872500017285347	12.324445	3.43787527084351
12.34077	0.0871250033378601	12.347004	3.4381251335144
12.363326	0.0902500078082085	12.369583	3.43787527084351
12.385926	0.0868750065565109	12.392159	3.4381251335144
12.408475	0.0872500017285347	12.414703	3.43975019454956
12.431031	0.088125005364418	12.437269	3.44137525558472
12.453579	0.0876250043511391	12.459852	3.44425010681152
12.476177	0.0882500037550926	12.482409	3.44587516784668
12.498735	0.0871250033378601	12.504968	3.44662523269653
12.521289	0.0870000049471855	12.527527	3.44700026512146
12.543847	0.0868750065565109	12.550079	3.4465000629425
12.566403	0.0867500007152557	12.572635	3.44687509536743
12.588958	0.0878750011324883	12.59519	3.44837522506714
12.611509	0.0875000059604645	12.617747	3.45037508010864
12.634079	0.0876250043511391	12.640312	3.45275020599365
12.656632	0.0873750075697899	12.662865	3.4537501335144
12.679189	0.0878750011324883	12.685433	3.45387506484985
12.701751	0.0878750011324883	12.707989	3.45412516593933
12.724314	0.0856250077486038	12.730552	3.4537501335144
12.746879	0.0878750011324883	12.753111	3.45450019836426
12.769436	0.0882500037550926	12.775669	3.45587515830994
12.791987	0.088125005364418	12.798224	3.45750021934509
12.814544	0.0893750041723251	12.820797	3.45962524414062
12.837134	0.0887500047683716	12.843366	3.46062517166138
12.85968	0.088125005364418	12.865928	3.46112513542175
12.882246	0.0877500027418137	12.888483	3.45987510681152
12.904802	0.0867500007152557	12.911035	3.460125207901
12.927358	0.0885000005364418	12.933591	3.46062517166138
12.949931	0.0888750031590462	12.956164	3.46200013160706
12.972483	0.0888750031590462	12.978721	3.46437525749207
12.995041	0.0901250019669533	13.001274	3.46550011634827
13.017597	0.0892500057816505	13.02383	3.46625018119812
13.040155	0.0887500047683716	13.046387	3.46625018119812
13.062709	0.0892500057816505	13.068947	3.46562504768372
13.085265	0.0872500017285347	13.091493	3.46512508392334
13.10782	0.0923750028014183	13.114053	3.46587514877319
13.130373	0.088625006377697	13.13661	3.46712517738342
13.152929	0.0890000015497208	13.159166	3.46887516975403
13.175485	0.0906250029802322	13.181718	3.47050023078918
13.198042	0.089125007390976	13.204274	3.47075009346008
13.22062	0.0892500057816505	13.226858	3.47062516212463
13.243178	0.0887500047683716	13.249415	3.46975016593933
13.265737	0.0878750011324883	13.27197	3.46987509727478
13.288293	0.0892500057816505	13.294526	3.47012519836426
13.310845	0.0887500047683716	13.317082	3.47187519073486
13.333392	0.0893750041723251	13.339625	3.47350025177002
13.355964	0.0910000056028366	13.362198	3.47437524795532
13.378515	0.0895000025629997	13.384744	3.47550010681152
13.401087	0.0876250043511391	13.407322	3.47387528419495
13.423645	0.088625006377697	13.429872	3.47325015068054
13.446186	0.0893750041723251	13.452425	3.47325015068054
13.468751	0.0895000025629997	13.474989	3.47425007820129
13.491313	0.0897500067949295	13.497546	3.47650027275085
13.513869	0.0902500078082085	13.520108	3.47725009918213
13.536428	0.0911250039935112	13.54266	3.47825026512146
13.558991	0.0895000025629997	13.565224	3.4777500629425
13.581579	0.0903750061988831	13.587816	3.4766252040863
13.604135	0.0892500057816505	13.610369	3.47637510299683
13.626692	0.0900000035762787	13.632924	3.47650027275085
13.649243	0.0903750061988831	13.655476	3.47737526893616
13.671794	0.0897500067949295	13.678031	3.47925019264221
13.69435	0.090875007212162	13.700595	3.48062515258789
13.716919	0.0910000056028366	13.723157	3.48100018501282
13.739483	0.0906250029802322	13.745723	3.48037505149841
13.762058	0.0901250019669533	13.768296	3.48025012016296
13.784605	0.0888750031590462	13.790839	3.47900009155273
13.807164	0.0950000062584877	13.813397	3.47962522506714
13.82972	0.0901250019669533	13.835953	3.48025012016296
13.852272	0.0911250039935112	13.858509	3.4821252822876
13.874828	0.0926250070333481	13.881079	3.48312520980835
13.897394	0.0892500057816505	13.903627	3.4832501411438
13.919949	0.090875007212162	13.926182	3.4830002784729
13.942514	0.0903750061988831	13.948751	3.48200011253357
13.965071	0.0893750041723251	13.971309	3.48162508010864
13.987635	0.090875007212162	13.993867	3.48200011253357
14.010211	0.0906250029802322	14.016448	3.48312520980835
14.032768	0.0906250029802322	14.039005	3.4850001335144
14.05535	0.0918750017881393	14.061584	3.48600006103516
14.077909	0.0905000045895576	14.084142	3.48587512969971
14.100462	0.0912500023841858	14.106699	3.48475027084351
14.123032	0.0898750051856041	14.12927	3.48437523841858
14.145594	0.090875007212162	14.151827	3.4841251373291
14.168153	0.0888750031590462	14.174386	3.4850001335144
14.190704	0.0877500027418137	14.196941	3.48712515830994
14.21326	0.0943750068545341	14.219497	3.48800015449524
14.235832	0.0923750028014183	14.242064	3.4896252155304
14.258388	0.0903750061988831	14.264621	3.48875021934509
14.28094	0.0907500013709068	14.287177	3.48850011825562
14.303508	0.090875007212162	14.309746	3.48687505722046
14.326057	0.0913750007748604	14.33229	3.48712515830994
14.348611	0.0918750017881393	14.354856	3.48837518692017
14.371181	0.0911250039935112	14.377427	3.49037528038025
14.393763	0.0938750058412552	14.400001	3.49112510681152
14.416327	0.0912500023841858	14.422559	3.49100017547607
14.438884	0.0913750007748604	14.445116	3.4916250705719
14.461436	0.0911250039935112	14.467673	3.49062514305115
14.483994	0.090875007212162	14.490228	3.4905002117157
14.506557	0.0913750007748604	14.51279	3.49062514305115
14.529106	0.0905000045895576	14.535344	3.49150013923645
14.551666	0.0926250070333481	14.557903	3.49325013160706
14.574225	0.0930000022053719	14.580458	3.49475026130676
14.596781	0.0925000011920929	14.603014	3.49512505531311
14.619335	0.0910000056028366	14.625568	3.49500012397766
14.641893	0.0897500067949295	14.648131	3.49400019645691
14.664465	0.0932500064373016	14.670703	3.49350023269653
14.687022	0.0918750017881393	14.693254	3.49412512779236
14.709581	0.0920000076293945	14.71583	3.49637508392334
14.73216	0.0926250070333481	14.738398	3.49762511253357
14.754716	0.0922500044107437	14.760949	3.4986252784729
14.77727	0.0920000076293945	14.783504	3.49925017356873
14.799836	0.0917500033974648	14.806068	3.4980001449585
14.822387	0.0915000066161156	14.828624	3.49750018119812
14.844943	0.0883750021457672	14.851182	3.49762511253357
14.86752	0.0918750017881393	14.873752	3.4986252784729
14.890066	0.0917500033974648	14.89633	3.50012516975403
14.91265	0.0927500054240227	14.918887	3.50175023078918
14.935206	0.0930000022053719	14.941439	3.50300025939941
14.957764	0.0922500044107437	14.963998	3.50350022315979
14.980319	0.0913750007748604	14.986552	3.50187516212463
15.002872	0.0911250039935112	15.009109	3.50200009346008
15.025436	0.0910000056028366	15.031673	3.50200009346008
15.048012	0.0926250070333481	15.054244	3.50337505340576
15.070564	0.0917500033974648	15.076796	3.50575017929077
15.093107	0.0940000042319298	15.09934	3.50650024414062
15.115662	0.0933750048279762	15.121895	3.50775027275085
15.138222	0.0920000076293945	15.144454	3.50762510299683
15.160774	0.0925000011920929	15.167011	3.50712513923645
15.183333	0.0915000066161156	15.18957	3.50662517547607
15.205891	0.0935000032186508	15.212123	3.50600028038025
15.228451	0.0921250060200691	15.234683	3.50750017166138
15.251003	0.0928750038146973	15.25724	3.50975012779236
15.273573	0.0953750014305115	15.279836	3.51112508773804
15.296157	0.0923750028014183	15.30239	3.51212525367737
15.318714	0.0928750038146973	15.324946	3.51112508773804
15.341266	0.0913750007748604	15.3475	3.51075005531311
15.363836	0.0921250060200691	15.370069	3.50975012779236
15.386392	0.0922500044107437	15.392624	3.51100015640259
15.408949	0.0932500064373016	15.415182	3.51325011253357
15.431518	0.0935000032186508	15.43775	3.51487517356873
15.45407	0.0947500020265579	15.460308	3.5162501335144
15.476636	0.0921250060200691	15.482868	3.51612520217896
15.499192	0.0926250070333481	15.505433	3.5145001411438
15.521754	0.0920000076293945	15.527992	3.51525020599365
15.544312	0.0940000042319298	15.550545	3.51487517356873
15.566869	0.0927500054240227	15.573101	3.51562523841858
15.589424	0.0927500054240227	15.595657	3.51750016212463
15.611979	0.0947500020265579	15.618212	3.51912522315979
15.634534	0.094250001013279	15.640762	3.52025008201599
15.657084	0.0926250070333481	15.663312	3.52037525177002
15.679631	0.0927500054240227	15.685866	3.51887512207031
15.702188	0.0922500044107437	15.70842	3.51937508583069
15.724767	0.0922500044107437	15.731008	3.51912522315979
15.747338	0.094250001013279	15.753577	3.51987504959106
15.769929	0.0935000032186508	15.776163	3.52212524414062
15.792483	0.0958750024437904	15.798716	3.52325010299683
15.815036	0.093125008046627	15.821269	3.52400016784668
15.837593	0.094250001013279	15.843826	3.52437520027161
15.860146	0.093125008046627	15.866384	3.52337527275085
15.882709	0.093125008046627	15.888942	3.52275013923645
15.905263	0.0926250070333481	15.911496	3.522625207901
15.927821	0.0940000042319298	15.934053	3.5237500667572
15.950376	0.0935000032186508	15.956614	3.52562522888184
15.97293	0.0951250046491623	15.979168	3.52700018882751
15.995491	0.0930000022053719	16.001724	3.52762508392334
16.018047	0.093125008046627	16.02428	3.52700018882751
16.0406	0.0923750028014183	16.046838	3.52625012397766
16.063156	0.0925000011920929	16.069394	3.52637505531311
16.085722	0.0928750038146973	16.091955	3.52625012397766
16.108279	0.0936250016093254	16.114512	3.52725005149841
16.130834	0.0947500020265579	16.137067	3.5290002822876
16.153387	0.0946250036358833	16.159624	3.53062510490417
16.175945	0.0937500074505806	16.182178	3.53062510490417
16.198501	0.0932500064373016	16.204734	3.5298752784729
16.221053	0.0925000011920929	16.22729	3.52937507629395
16.243609	0.093125008046627	16.249842	3.52875018119812
16.266163	0.0936250016093254	16.272395	3.5290002822876
16.288719	0.093125008046627	16.294951	3.5310001373291
16.31127	0.0945000052452087	16.317508	3.53175020217896
16.333842	0.0951250046491623	16.340074	3.53312516212463
16.356437	0.0948750078678131	16.362672	3.53300023078918
16.379007	0.0973750054836273	16.38524	3.53212523460388
16.401569	0.0925000011920929	16.407807	3.53150010108948
16.424129	0.0922500044107437	16.430362	3.5307502746582
16.446686	0.0943750068545341	16.452919	3.5318751335144
16.469243	0.094250001013279	16.475476	3.53362512588501
16.491802	0.0956250056624413	16.49804	3.53425025939941
16.51436	0.0946250036358833	16.520596	3.53587508201599
16.536931	0.0971250012516975	16.543164	3.53525018692017
16.55949	0.0938750058412552	16.565723	3.53412508964539
16.582043	0.0920000076293945	16.588281	3.53325009346008
16.6046	0.0921250060200691	16.610833	3.53350019454956
16.627158	0.0937500074505806	16.63339	3.53437519073486
16.649715	0.0938750058412552	16.655948	3.53612518310547
16.672268	0.0962500050663948	16.678501	3.53700017929077
16.694824	0.0941250026226044	16.701074	3.53750014305115
16.7174	0.0940000042319298	16.723639	3.5365002155304
16.73996	0.0941250026226044	16.746208	3.53575015068054
16.76253	0.0916250050067902	16.768763	3.53437519073486
16.785085	0.0946250036358833	16.791312	3.53500008583069
16.807634	0.0951250046491623	16.813867	3.53637528419495
16.830219	0.0938750058412552	16.836457	3.53725028038025
16.852777	0.096000000834465	16.85901	3.53862524032593
16.875346	0.0928750038146973	16.881579	3.53962516784668
16.897904	0.0940000042319298	16.904136	3.53775024414062
16.920457	0.0940000042319298	16.926694	3.53725028038025
16.943013	0.0933750048279762	16.949251	3.53625011444092
16.96557	0.0940000042319298	16.971807	3.53675007820129
16.988132	0.0955000072717667	16.994364	3.538250207901
17.010702	0.0945000052452087	17.01694	3.53950023651123
17.033259	0.096500001847744	17.039496	3.54037523269653
17.055832	0.0928750038146973	17.062065	3.54075026512146
17.078389	0.0938750058412552	17.084622	3.53887510299683
17.100942	0.0926250070333481	17.107179	3.53862524032593
17.123497	0.0932500064373016	17.129735	3.53787517547607
17.146054	0.0941250026226044	17.152287	3.53837513923645
17.168612	0.0947500020265579	17.174839	3.54037523269653
17.191185	0.0957500040531158	17.197422	3.54150009155273
17.213741	0.0952500030398369	17.219974	3.54237508773804
17.236319	0.0962500050663948	17.242551	3.54175019264221
17.258872	0.0911250039935112	17.265106	3.54075026512146
17.281426	0.0948750078678131	17.287663	3.5393750667572
17.303982	0.0951250046491623	17.310218	3.53887510299683
17.326541	0.0945000052452087	17.332768	3.54075026512146
17.349109	0.0953750014305115	17.355376	3.54175019264221
17.371701	0.0958750024437904	17.377934	3.54275012016296
17.394269	0.0946250036358833	17.400509	3.54362511634827
17.416834	0.0986250042915344	17.423066	3.54175019264221
17.43939	0.0980000048875809	17.445632	3.54200005531311
17.461952	0.0937500074505806	17.468184	3.54112505912781
17.484506	0.0946250036358833	17.490738	3.54112505912781
17.507066	0.0947500020265579	17.513298	3.54200005531311
17.529622	0.094250001013279	17.535855	3.54362511634827
17.552174	0.0958750024437904	17.558412	3.54450011253357
17.574746	0.0956250056624413	17.580979	3.54450011253357
17.597297	0.0958750024437904	17.60353	3.54375028610229
17.61985	0.0972500070929527	17.626083	3.54287505149841
17.642401	0.0940000042319298	17.648638	3.54237508773804
17.664958	0.0982500016689301	17.67119	3.54250025749207
17.687514	0.0958750024437904	17.693746	3.54387521743774
17.710065	0.0962500050663948	17.716322	3.54500007629395
17.732667	0.0955000072717667	17.738905	3.54625010490417
17.755232	0.0956250056624413	17.761466	3.54625010490417
17.777788	0.0936250016093254	17.784021	3.54537510871887
17.800346	0.0943750068545341	17.806583	3.54400014877319
17.822903	0.093125008046627	17.829136	3.54400014877319
17.84546	0.0956250056624413	17.851693	3.54437518119812
17.868013	0.0953750014305115	17.874245	3.54562520980835
17.890565	0.0971250012516975	17.896802	3.54675006866455
17.913126	0.0963750034570694	17.919364	3.54762506484985
17.935697	0.0952500030398369	17.941929	3.54725027084351
17.958248	0.094250001013279	17.96448	3.54687523841858
17.980804	0.0941250026226044	17.987042	3.54512524604797
18.003361	0.0940000042319298	18.009599	3.54525017738342
18.025922	0.0947500020265579	18.032154	3.54612517356873
18.048478	0.0945000052452087	18.054705	3.54725027084351
18.071025	0.0963750034570694	18.077262	3.54825019836426
18.093582	0.0962500050663948	18.099829	3.54925012588501
18.116151	0.0946250036358833	18.122383	3.54825019836426
18.138707	0.0952500030398369	18.144939	3.54800009727478
18.161259	0.093125008046627	18.167496	3.54700016975403
18.183815	0.0946250036358833	18.190048	3.54737520217896
18.206372	0.0947500020265579	18.212599	3.54800009727478
18.228924	0.0952500030398369	18.235156	3.54912519454956
18.251475	0.0971250012516975	18.257713	3.55075025558472
18.27403	0.096500001847744	18.280263	3.55100011825562
18.296584	0.0996250063180923	18.302817	3.55012512207031
18.319141	0.0957500040531158	18.325374	3.54962515830994
18.341694	0.0937500074505806	18.347926	3.54837512969971
18.364267	0.0947500020265579	18.370515	3.54862523078918
18.386852	0.0951250046491623	18.393086	3.55000019073486
18.409413	0.0962500050663948	18.415647	3.55112504959106
18.431966	0.0968750044703484	18.438203	3.55237507820129
18.454522	0.0950000062584877	18.460755	3.55262517929077
18.477087	0.0947500020265579	18.48332	3.55125021934509
18.499646	0.0951250046491623	18.505879	3.54962515830994
18.522201	0.0956250056624413	18.528439	3.55012512207031
18.544759	0.0943750068545341	18.550991	3.55100011825562
18.567316	0.0962500050663948	18.573548	3.55162525177002
18.589867	0.0962500050663948	18.59612	3.553875207901
18.612439	0.0990000069141388	18.618676	3.553875207901
18.634995	0.0955000072717667	18.641228	3.5532500743866
18.657569	0.0955000072717667	18.663802	3.55350017547607
18.680121	0.0955000072717667	18.686358	3.55150008201599
18.70268	0.0953750014305115	18.708917	3.55175018310547
18.725257	0.0953750014305115	18.731491	3.55250024795532
18.747819	0.0983750075101852	18.754052	3.55350017547607
18.770371	0.099250003695488	18.776609	3.55450010299683
18.792929	0.0975000038743019	18.799166	3.5558750629425
18.815486	0.100250005722046	18.821718	3.55525016784668
18.838046	0.0962500050663948	18.84428	3.55437517166138
18.860603	0.0955000072717667	18.866836	3.55312514305115
18.883159	0.0958750024437904	18.889392	3.55312514305115
18.905723	0.0963750034570694	18.911956	3.553875207901
18.928279	0.0956250056624413	18.934511	3.55537509918213
18.950832	0.0991250053048134	18.957064	3.55725026130676
18.97339	0.0962500050663948	18.979627	3.55725026130676
18.995952	0.0966250076889992	19.002185	3.55650019645691
19.018511	0.0956250056624413	19.024743	3.55625009536743
19.041085	0.0958750024437904	19.047323	3.55537509918213
19.063641	0.0952500030398369	19.069874	3.55487513542175
19.086209	0.0958750024437904	19.092441	3.55625009536743
19.108766	0.0958750024437904	19.114997	3.55775022506714
19.131317	0.0966250076889992	19.137555	3.55837512016296
19.153873	0.0961250066757202	19.160109	3.55837512016296
19.176434	0.0961250066757202	19.182667	3.55800008773804
19.198992	0.0957500040531158	19.205224	3.55600023269653
19.221572	0.0953750014305115	19.227809	3.55625009536743
19.244128	0.0962500050663948	19.250355	3.55637526512146
19.266682	0.096000000834465	19.272915	3.55762505531311
19.289239	0.0958750024437904	19.295472	3.55950021743774
19.311792	0.100875005125999	19.318029	3.55987524986267
19.334338	0.0953750014305115	19.340577	3.55937528610229
19.356922	0.0957500040531158	19.36315	3.55900025367737
19.379463	0.0955000072717667	19.385691	3.55812525749207
19.402014	0.0926250070333481	19.408252	3.55737519264221
19.424572	0.0951250046491623	19.430805	3.55800008773804
19.447129	0.096000000834465	19.453362	3.55925011634827
19.469686	0.0970000028610229	19.475921	3.56075024604797
19.49224	0.0972500070929527	19.498478	3.56150007247925
19.514796	0.0988750010728836	19.521029	3.5613751411438
19.537353	0.0963750034570694	19.543586	3.56037521362305
19.559928	0.0953750014305115	19.566162	3.55950021743774
19.582471	0.0946250036358833	19.588709	3.55900025367737
19.605028	0.0963750034570694	19.611261	3.55975008010864
19.627585	0.096000000834465	19.633818	3.56125020980835
19.650137	0.0967500060796738	19.656375	3.56262516975403
19.672694	0.0968750044703484	19.678932	3.56300020217896
19.695251	0.0953750014305115	19.701483	3.5622501373291
19.717808	0.0956250056624413	19.724047	3.5620002746582
19.740385	0.0955000072717667	19.746622	3.56075024604797
19.762941	0.0952500030398369	19.76918	3.56062507629395
19.78551	0.0967500060796738	19.791743	3.56212520599365
19.808067	0.0956250056624413	19.8143	3.56300020217896
19.83062	0.0975000038743019	19.836858	3.56425023078918
19.853176	0.0995000079274178	19.859413	3.56387519836426
19.875732	0.0957500040531158	19.881965	3.56412506103516
19.898289	0.0962500050663948	19.904522	3.5622501373291
19.920847	0.0953750014305115	19.92708	3.56212520599365
19.943402	0.0956250056624413	19.949634	3.5620002746582
19.965956	0.096500001847744	19.972193	3.5631251335144
19.988518	0.096000000834465	19.994751	3.56512522697449
20.011088	0.0972500070929527	20.017321	3.56550025939941
20.033642	0.0977500081062317	20.039875	3.56562519073486
20.056207	0.0966250076889992	20.06244	3.56487512588501
20.078767	0.0957500040531158	20.085	3.56387519836426
20.10132	0.0952500030398369	20.107552	3.56350016593933
20.123874	0.096000000834465	20.130104	3.56425023078918
20.14643	0.0961250066757202	20.152663	3.56500005722046
20.168987	0.0971250012516975	20.175219	3.56662511825562
20.191537	0.0975000038743019	20.197775	3.56712508201599
20.214092	0.0967500060796738	20.220325	3.56687521934509
20.236649	0.0961250066757202	20.242881	3.56612515449524
20.259218	0.0952500030398369	20.265451	3.56462526321411
20.28177	0.0967500060796738	20.288003	3.56462526321411
20.304324	0.096000000834465	20.310557	3.56550025939941
20.326881	0.0966250076889992	20.333113	3.56675028800964
20.349455	0.0977500081062317	20.355759	3.56837511062622
20.372083	0.0975000038743019	20.378321	3.56837511062622
20.394647	0.0958750024437904	20.400889	3.56850028038025
20.417212	0.0956250056624413	20.423445	3.56625008583069
20.439774	0.0958750024437904	20.446006	3.56662511825562
20.462326	0.0953750014305115	20.468559	3.56612515449524
20.484884	0.0963750034570694	20.491118	3.56700015068054
20.507443	0.0963750034570694	20.513675	3.5686252117157
20.529995	0.0976250022649765	20.536228	3.56987524032593
20.552547	0.0977500081062317	20.558785	3.5703752040863
20.575104	0.0991250053048134	20.581337	3.56937527656555
20.597661	0.0963750034570694	20.603893	3.56812524795532
20.62022	0.096000000834465	20.626458	3.56762528419495
20.642776	0.0966250076889992	20.649014	3.56737518310547
20.665346	0.0968750044703484	20.671579	3.5688750743866
20.687903	0.0970000028610229	20.694136	3.57075023651123
20.710455	0.0982500016689301	20.716694	3.57137513160706
20.73304	0.0967500060796738	20.739277	3.57125020027161
20.755598	0.0986250042915344	20.761831	3.57087516784668
20.778152	0.0963750034570694	20.784386	3.56937527656555
20.800713	0.0950000062584877	20.806951	3.5688750743866
20.823286	0.0973750054836273	20.829523	3.56900024414062
20.845843	0.0961250066757202	20.852075	3.57012510299683
20.868402	0.0986250042915344	20.874635	3.57187509536743
20.890954	0.0985000059008598	20.897192	3.57287526130676
20.913511	0.0962500050663948	20.919748	3.57237505912781
20.936068	0.0963750034570694	20.9423	3.57200026512146
20.958623	0.0957500040531158	20.964855	3.57050013542175
20.981173	0.0961250066757202	20.987408	3.57050013542175
21.003733	0.0975000038743019	21.009966	3.57050013542175
21.026279	0.0970000028610229	21.032518	3.57175016403198
21.048839	0.0982500016689301	21.055072	3.57350015640259
21.071394	0.099250003695488	21.077627	3.57512521743774
21.093939	0.0981250032782555	21.100172	3.57350015640259
21.11649	0.0966250076889992	21.122722	3.57250022888184
21.139046	0.0970000028610229	21.145278	3.57200026512146
21.161602	0.096000000834465	21.167839	3.57175016403198
21.18416	0.096500001847744	21.190393	3.57225012779236
21.206717	0.0958750024437904	21.21295	3.57387518882751
21.229275	0.0977500081062317	21.235508	3.57500028610229
21.251827	0.098750002682209	21.258064	3.57537508010864
21.274384	0.0958750024437904	21.280616	3.57487511634827
21.29694	0.0967500060796738	21.303172	3.57425022125244
21.319498	0.0955000072717667	21.325731	3.57312512397766
21.342053	0.0961250066757202	21.348285	3.57275009155273
21.364627	0.0972500070929527	21.370861	3.57375025749207
21.387179	0.0968750044703484	21.393411	3.57537508010864
21.409738	0.0983750075101852	21.415966	3.57625007629395
21.432293	0.0981250032782555	21.438532	3.57687520980835
21.454851	0.0977500081062317	21.461087	3.57625007629395
21.477422	0.0977500081062317	21.483655	3.57450008392334
21.499975	0.0957500040531158	21.506209	3.57412505149841
21.52253	0.0967500060796738	21.528768	3.57400012016296
21.545089	0.0970000028610229	21.551322	3.57512521743774
21.567646	0.0975000038743019	21.573878	3.57687520980835
21.590221	0.0981250032782555	21.596458	3.57750010490417
21.612777	0.0976250022649765	21.619015	3.5778751373291
21.635345	0.096000000834465	21.641578	3.57712507247925
21.657901	0.0972500070929527	21.664134	3.57562518119812
21.680452	0.0972500070929527	21.68669	3.57512521743774
21.703024	0.0971250012516975	21.709261	3.57600021362305
21.725609	0.0966250076889992	21.73185	3.57725024223328
21.748183	0.0970000028610229	21.754416	3.57850027084351
21.770736	0.0977500081062317	21.776974	3.5787501335144
21.793293	0.100125007331371	21.79953	3.57900023460388
21.815853	0.0977500081062317	21.82209	3.5770001411438
21.838414	0.096500001847744	21.844647	3.57662510871887
21.86098	0.0947500020265579	21.867219	3.57600021362305
21.883537	0.0968750044703484	21.889774	3.57712507247925
21.906122	0.0968750044703484	21.912354	3.57837510108948
21.928694	0.0986250042915344	21.934926	3.57975006103516
21.951251	0.0983750075101852	21.957488	3.58062505722046
21.973814	0.0973750054836273	21.980046	3.58037519454956
21.996372	0.0966250076889992	22.002605	3.57812523841858
22.018931	0.0961250066757202	22.025163	3.57800006866455
22.041483	0.096500001847744	22.04772	3.57800006866455
22.064039	0.0967500060796738	22.070272	3.57812523841858
22.086593	0.0963750034570694	22.092825	3.57987523078918
22.109147	0.0985000059008598	22.11538	3.58100008964539
22.131703	0.0982500016689301	22.137935	3.58150005340576
22.154254	0.0971250012516975	22.160507	3.58087515830994
22.17683	0.0968750044703484	22.183062	3.57950019836426
22.199384	0.0976250022649765	22.205639	3.5787501335144
22.221958	0.0967500060796738	22.228191	3.57837510108948
22.244513	0.0986250042915344	22.250746	3.57950019836426
22.267071	0.0977500081062317	22.273303	3.58112525939941
22.289629	0.0988750010728836	22.295862	3.58187508583069
22.31218	0.100750006735325	22.318418	3.58262515068054
22.334737	0.0972500070929527	22.340977	3.58087515830994
22.357324	0.096500001847744	22.363553	3.58012509346008
22.379876	0.0962500050663948	22.386136	3.58012509346008
22.402457	0.098750002682209	22.408695	3.57950019836426
22.425014	0.0980000048875809	22.431253	3.58087515830994
22.447596	0.0982500016689301	22.453823	3.58225011825562
22.470146	0.098750002682209	22.476385	3.58300018310547
22.492706	0.0968750044703484	22.498943	3.58312511444092
22.515263	0.0967500060796738	22.521495	3.58100008964539
22.537815	0.0970000028610229	22.544049	3.58100008964539
22.56037	0.0966250076889992	22.566608	3.58000016212463
22.582928	0.0976250022649765	22.589166	3.58075022697449
22.605501	0.0975000038743019	22.611733	3.58262515068054
22.628049	0.0985000059008598	22.634281	3.58362507820129
22.650602	0.098750002682209	22.656839	3.58412528038025
22.673158	0.0970000028610229	22.679396	3.58375024795532
22.695723	0.0976250022649765	22.701956	3.58237528800964
22.718279	0.0967500060796738	22.724517	3.58200025558472
22.740839	0.0961250066757202	22.747076	3.58125019073486
22.763395	0.0962500050663948	22.769632	3.58162522315979
22.785955	0.096500001847744	22.792188	3.58312511444092
22.808512	0.0988750010728836	22.814744	3.5842502117157
22.831078	0.0978750064969063	22.837316	3.58550024032593
22.853636	0.0983750075101852	22.859868	3.5842502117157
22.876188	0.0963750034570694	22.88242	3.58287525177002
22.898745	0.0962500050663948	22.904978	3.58225011825562
22.921295	0.102000005543232	22.927533	3.58187508583069
22.943852	0.0968750044703484	22.950085	3.58375024795532
22.966408	0.0995000079274178	22.972641	3.5845000743866
22.988969	0.0991250053048134	22.995201	3.58587527275085
23.011521	0.0970000028610229	23.017759	3.58562517166138
23.034079	0.0967500060796738	23.040312	3.5845000743866
23.056636	0.0981250032782555	23.062869	3.58362507820129
23.079194	0.0966250076889992	23.085433	3.58187508583069
23.101752	0.0971250012516975	23.107989	3.58250021934509
23.124308	0.0967500060796738	23.13054	3.58412528038025
23.146864	0.098750002682209	23.153097	3.58487510681152
23.169416	0.0991250053048134	23.175655	3.58587527275085
23.191978	0.0983750075101852	23.19821	3.5862500667572
23.21453	0.0978750064969063	23.220763	3.58475017547607
23.237088	0.0967500060796738	23.24332	3.58362507820129
23.259642	0.0962500050663948	23.265875	3.5833752155304
23.282195	0.0991250053048134	23.288428	3.58300018310547
23.304746	0.0976250022649765	23.310978	3.58475017547607
23.327305	0.0982500016689301	23.333533	3.58562517166138
23.34988	0.099250003695488	23.356156	3.58662509918213
23.372484	0.0978750064969063	23.378713	3.58675026893616
23.395036	0.096000000834465	23.401269	3.585125207901
23.417591	0.0967500060796738	23.423824	3.58412528038025
23.440144	0.0971250012516975	23.446381	3.58362507820129
23.462701	0.0966250076889992	23.468938	3.58387517929077
23.485259	0.0977500081062317	23.491487	3.5853750705719
23.507819	0.0988750010728836	23.514052	3.58650016784668
23.530372	0.0978750064969063	23.536609	3.58737516403198
23.55293	0.0977500081062317	23.559168	3.58725023269653
23.575487	0.0973750054836273	23.58172	3.5853750705719
23.598046	0.0963750034570694	23.604278	3.58475017547607
23.620598	0.0975000038743019	23.626835	3.58412528038025
23.643153	0.0970000028610229	23.64939	3.585125207901
23.665723	0.0968750044703484	23.671955	3.58662509918213
23.688275	0.103125005960464	23.694508	3.58762526512146
23.71084	0.0977500081062317	23.717078	3.58787512779236
23.733422	0.0980000048875809	23.739661	3.58687520027161
23.755986	0.0973750054836273	23.762218	3.58575010299683
23.778543	0.096500001847744	23.784775	3.5845000743866
23.801094	0.0977500081062317	23.807332	3.585125207901
23.82365	0.0971250012516975	23.829882	3.58650016784668
23.846209	0.0975000038743019	23.852441	3.58687520027161
23.868765	0.098750002682209	23.874997	3.58800005912781
23.89132	0.10062500834465	23.897558	3.58875012397766
23.913879	0.0990000069141388	23.920112	3.58687520027161
23.936437	0.0966250076889992	23.94267	3.58650016784668
23.958994	0.0972500070929527	23.965226	3.58550024032593
23.981572	0.0972500070929527	23.98781	3.58550024032593
24.004129	0.0973750054836273	24.010362	3.58675026893616
24.026686	0.0985000059008598	24.032919	3.58800005912781
24.049242	0.0995000079274178	24.055475	3.58875012397766
24.071798	0.101875007152557	24.078036	3.58850026130676
24.094355	0.0982500016689301	24.100595	3.58687520027161
24.116921	0.0970000028610229	24.123153	3.58675026893616
24.139478	0.0948750078678131	24.14572	3.58612513542175
24.162039	0.0970000028610229	24.168278	3.58587527275085
24.184597	0.0990000069141388	24.19083	3.58762526512146
24.207153	0.0995000079274178	24.213385	3.58825016021729
24.229709	0.0985000059008598	24.235941	3.58937525749207
24.252264	0.0981250032782555	24.258496	3.58862519264221
24.274815	0.0977500081062317	24.281048	3.58762526512146
24.297365	0.0985000059008598	24.303597	3.58650016784668
24.319928	0.0972500070929527	24.326162	3.58650016784668
24.342482	0.0983750075101852	24.348732	3.58737516403198
24.365075	0.0968750044703484	24.371309	3.58812522888184
24.387637	0.0990000069141388	24.39387	3.58912515640259
24.410228	0.0986250042915344	24.416465	3.59000015258789
24.432785	0.0980000048875809	24.439018	3.58887505531311
24.455359	0.0977500081062317	24.461592	3.58775019645691
24.477922	0.0966250076889992	24.484154	3.58662509918213
24.500477	0.0973750054836273	24.506715	3.58662509918213
24.523033	0.0996250063180923	24.529271	3.58700013160706
24.545595	0.0997500047087669	24.551827	3.58875012397766
24.568151	0.0982500016689301	24.574384	3.58987522125244
24.590706	0.0978750064969063	24.596944	3.59037518501282
24.613263	0.0967500060796738	24.6195	3.58887505531311
24.635833	0.0976250022649765	24.642066	3.58837509155273
24.65839	0.0966250076889992	24.664623	3.58700013160706
24.680942	0.0978750064969063	24.687179	3.58725023269653
24.703498	0.0977500081062317	24.709736	3.58837509155273
24.726077	0.0986250042915344	24.73231	3.58937525749207
24.748635	0.0993750020861626	24.754868	3.59050011634827
24.771203	0.0977500081062317	24.77744	3.59037518501282
24.793761	0.0967500060796738	24.799993	3.58912515640259
24.816319	0.0971250012516975	24.822551	3.58800005912781
24.838876	0.0976250022649765	24.845107	3.58725023269653
24.861426	0.0976250022649765	24.867664	3.58787512779236
24.883984	0.0981250032782555	24.890218	3.58875012397766
24.906542	0.0986250042915344	24.912775	3.59012508392334
24.9291	0.0991250053048134	24.935344	3.59100008010864
24.951675	0.0976250022649765	24.957913	3.59050011634827
24.974227	0.0985000059008598	24.980466	3.58937525749207
24.996791	0.0966250076889992	25.003023	3.58812522888184
25.019347	0.0958750024437904	25.02558	3.58737516403198
25.0419	0.0997500047087669	25.048137	3.58875012397766
25.064456	0.0975000038743019	25.070699	3.58962512016296
25.087022	0.0983750075101852	25.093255	3.59125018119812
25.109578	0.0985000059008598	25.115823	3.59112524986267
25.132156	0.0972500070929527	25.138394	3.59050011634827
25.154713	0.0976250022649765	25.160946	3.58925008773804
25.177271	0.0966250076889992	25.183503	3.58800005912781
25.199832	0.0975000038743019	25.206065	3.58812522888184
25.222383	0.0996250063180923	25.228621	3.58925008773804
25.244938	0.0983750075101852	25.251176	3.58987522125244
25.2675	0.100250005722046	25.273733	3.59137511253357
25.290051	0.0982500016689301	25.296285	3.5915002822876
25.312606	0.0977500081062317	25.318839	3.59062528610229
25.335151	0.101250007748604	25.341378	3.58987522125244
25.357728	0.0945000052452087	25.363957	3.58862519264221
25.380277	0.0982500016689301	25.386517	3.58837509155273
25.402839	0.0983750075101852	25.409072	3.59000015258789
25.425385	0.0977500081062317	25.431617	3.59112524986267
25.447942	0.0997500047087669	25.454175	3.59225010871887
25.470516	0.101375006139278	25.476754	3.59187507629395
25.493082	0.0975000038743019	25.499315	3.59075021743774
25.515636	0.0976250022649765	25.521869	3.58925008773804
25.538194	0.0980000048875809	25.544427	3.58862519264221
25.560745	0.0977500081062317	25.566983	3.58900022506714
25.583306	0.0981250032782555	25.589544	3.59037518501282
25.605864	0.0986250042915344	25.612096	3.59200024604797
25.62842	0.0982500016689301	25.634652	3.5926251411438
25.650979	0.100875005125999	25.657216	3.59187507629395
25.673535	0.0986250042915344	25.679773	3.59087514877319
25.696121	0.0968750044703484	25.702354	3.58987522125244
25.718675	0.0967500060796738	25.724914	3.58925008773804
25.741239	0.099250003695488	25.747476	3.58987522125244
25.763796	0.0986250042915344	25.770028	3.59125018119812
25.786353	0.0990000069141388	25.792585	3.59212517738342
25.808909	0.0993750020861626	25.815142	3.59275007247925
25.831466	0.0982500016689301	25.837703	3.59187507629395
25.854022	0.0981250032782555	25.860255	3.59100008010864
25.876594	0.0971250012516975	25.882827	3.58975005149841
25.899148	0.0973750054836273	25.905382	3.58962512016296
25.921702	0.0988750010728836	25.927934	3.59075021743774
25.944252	0.0982500016689301	25.950508	3.5915002822876
25.966832	0.0990000069141388	25.973069	3.59300017356873
25.989395	0.102125003933907	25.995633	3.59337520599365
26.011952	0.0972500070929527	26.01819	3.59225010871887
26.034508	0.101000003516674	26.040747	3.59100008010864
26.057087	0.0951250046491623	26.06332	3.59062528610229
26.079644	0.0982500016689301	26.085877	3.59012508392334
26.102197	0.0972500070929527	26.108435	3.59125018119812
26.124753	0.0983750075101852	26.130985	3.5923752784729
26.14731	0.0993750020861626	26.153542	3.59312510490417
26.169861	0.0983750075101852	26.176093	3.59312510490417
26.192412	0.0975000038743019	26.198649	3.59212517738342
26.214968	0.0962500050663948	26.221201	3.59075021743774
26.237526	0.0978750064969063	26.243759	3.59050011634827
26.260077	0.0983750075101852	26.266309	3.59050011634827
26.282628	0.0977500081062317	26.288865	3.59212517738342
26.305184	0.0983750075101852	26.311417	3.5932502746582
26.32774	0.0990000069141388	26.333972	3.59375023841858
26.350326	0.0986250042915344	26.356561	3.59362506866455
26.372874	0.0975000038743019	26.379114	3.59287524223328
26.39544	0.0970000028610229	26.401673	3.59125018119812
26.417998	0.0981250032782555	26.42423	3.59087514877319
26.440554	0.0988750010728836	26.446792	3.59125018119812
26.463113	0.0977500081062317	26.469347	3.5926251411438
26.485672	0.0976250022649765	26.491905	3.59387516975403
26.50823	0.098750002682209	26.514463	3.59450006484985
26.530787	0.0972500070929527	26.537026	3.59362506866455
26.553338	0.0980000048875809	26.559566	3.5935001373291
26.575887	0.102000005543232	26.582119	3.5917501449585
26.598449	0.0975000038743019	26.604681	3.59187507629395
26.621004	0.0985000059008598	26.627241	3.59250020980835
26.643564	0.0981250032782555	26.649797	3.59312510490417
26.666121	0.100125007331371	26.672354	3.59500026702881
26.688678	0.0990000069141388	26.694911	3.59512519836426
26.71123	0.0985000059008598	26.717467	3.59425020217896
26.733814	0.0986250042915344	26.740047	3.5932502746582
26.756373	0.0973750054836273	26.762606	3.59212517738342
26.77893	0.0982500016689301	26.785162	3.59225010871887
26.801482	0.0981250032782555	26.807719	3.5923752784729
26.82404	0.0983750075101852	26.830273	3.59375023841858
26.846597	0.0995000079274178	26.85283	3.59500026702881
26.869156	0.098750002682209	26.875389	3.59512519836426
26.891708	0.0998750030994415	26.897945	3.59400010108948
26.914265	0.0983750075101852	26.920507	3.59337520599365
26.936831	0.0968750044703484	26.943063	3.59200024604797
26.959392	0.0983750075101852	26.965639	3.59187507629395
26.98196	0.0985000059008598	26.988193	3.5932502746582
27.004514	0.101125001907349	27.010746	3.59487509727478
27.02707	0.102125003933907	27.033302	3.59562516212463
27.049626	0.0982500016689301	27.055859	3.59550023078918
27.072179	0.0982500016689301	27.078415	3.59462523460388
27.094735	0.101375006139278	27.100977	3.59312510490417
27.117301	0.0975000038743019	27.123533	3.5926251411438
27.139855	0.0981250032782555	27.146088	3.59275007247925
27.162407	0.0980000048875809	27.168644	3.59412527084351
27.184965	0.0971250012516975	27.191198	3.59550023078918
27.207522	0.0997500047087669	27.213755	3.59612512588501
27.230074	0.0993750020861626	27.236311	3.59512519836426
27.25263	0.0981250032782555	27.258867	3.59487509727478
27.275185	0.0980000048875809	27.281418	3.59312510490417
27.297742	0.0980000048875809	27.303974	3.59337520599365
27.320309	0.0985000059008598	27.326546	3.5935001373291
27.342865	0.102125003933907	27.349116	3.59462523460388
27.365462	0.0998750030994415	27.371696	3.59612512588501
27.388018	0.100000001490116	27.394251	3.59712505340576
27.410571	0.0980000048875809	27.416809	3.59637522697449
27.43313	0.0978750064969063	27.439367	3.59525012969971
27.455687	0.0982500016689301	27.46192	3.59337520599365
27.478247	0.0976250022649765	27.48448	3.5935001373291
27.500807	0.0977500081062317	27.507041	3.59450006484985
27.523362	0.0973750054836273	27.529595	3.59562516212463
27.545928	0.0998750030994415	27.552161	3.59650015830994
27.568482	0.100750006735325	27.574715	3.59675025939941
27.591039	0.0982500016689301	27.597273	3.59612512588501
27.61362	0.101125001907349	27.61986	3.59475016593933
27.636185	0.0986250042915344	27.642418	3.5943751335144
27.658744	0.0982500016689301	27.664977	3.59400010108948
27.6813	0.0982500016689301	27.687533	3.59462523460388
27.703855	0.0980000048875809	27.710087	3.59575009346008
27.726446	0.0996250063180923	27.732686	3.59700012207031
27.749018	0.0982500016689301	27.75525	3.59700012207031
27.771576	0.0986250042915344	27.777813	3.59650015830994
27.794133	0.0976250022649765	27.800365	3.59462523460388
27.816689	0.0972500070929527	27.822921	3.5943751335144
27.83925	0.0990000069141388	27.845483	3.59450006484985
27.861802	0.0950000062584877	27.86804	3.59575009346008
27.884361	0.101750001311302	27.890596	3.59675025939941
27.906923	0.10062500834465	27.913156	3.59787511825562
27.929481	0.0977500081062317	27.935721	3.59762525558472
27.952041	0.0985000059008598	27.958279	3.59662508964539
27.974602	0.0980000048875809	27.980835	3.59500026702881
27.99716	0.0983750075101852	28.003393	3.5943751335144
28.019733	0.098750002682209	28.025966	3.59500026702881
28.042286	0.098750002682209	28.048519	3.59612512588501
28.064838	0.0991250053048134	28.071087	3.59750008583069
28.087412	0.0990000069141388	28.093644	3.59812521934509
28.109964	0.0985000059008598	28.116214	3.59775018692017
28.132534	0.0982500016689301	28.138771	3.59612512588501
28.155089	0.0971250012516975	28.161322	3.59575009346008
28.177646	0.0980000048875809	28.183878	3.59525012969971
28.200218	0.0972500070929527	28.206455	3.59562516212463
28.222789	0.098750002682209	28.229026	3.59675025939941
28.245347	0.0998750030994415	28.25158	3.59812521934509
28.267903	0.0983750075101852	28.274136	3.59837508201599
28.290455	0.0985000059008598	28.296692	3.59775018692017
28.313011	0.0985000059008598	28.319248	3.59650015830994
28.335567	0.0980000048875809	28.341801	3.59575009346008
28.358151	0.0976250022649765	28.364384	3.59550023078918
28.380734	0.0982500016689301	28.386974	3.59612512588501
28.403306	0.0985000059008598	28.409544	3.59787511825562
28.425865	0.0997500047087669	28.432098	3.59850025177002
28.448424	0.101625002920628	28.454652	3.59887528419495
28.470986	0.0981250032782555	28.477219	3.59812521934509
28.493541	0.0982500016689301	28.499778	3.59637522697449
28.51612	0.0982500016689301	28.522352	3.59562516212463
28.538677	0.0980000048875809	28.544909	3.59600019454956
28.561229	0.101875007152557	28.567467	3.59637522697449
28.583788	0.0988750010728836	28.590026	3.59800028800964
28.606348	0.100750006735325	28.612575	3.59912514686584
28.628898	0.0983750075101852	28.63513	3.59875011444092
28.651462	0.0977500081062317	28.657695	3.59750008583069
28.674016	0.0975000038743019	28.68025	3.59650015830994
28.696573	0.0976250022649765	28.702805	3.59650015830994
28.719126	0.0975000038743019	28.725365	3.59662508964539
28.741687	0.0977500081062317	28.747925	3.59787511825562
28.764261	0.0991250053048134	28.770509	3.59862518310547
28.786828	0.100250005722046	28.793061	3.59887528419495
28.809386	0.101875007152557	28.815631	3.59950017929077
28.83195	0.0977500081062317	28.838183	3.59800028800964
28.854503	0.0970000028610229	28.860735	3.59687519073486
28.877059	0.0976250022649765	28.883291	3.59600019454956
28.899615	0.0993750020861626	28.905849	3.59662508964539
28.922171	0.0982500016689301	28.928409	3.59887528419495
28.944728	0.0993750020861626	28.950977	3.59950017929077
28.967302	0.0991250053048134	28.973534	3.5998752117157
28.989854	0.098750002682209	28.996087	3.59950017929077
29.012406	0.0958750024437904	29.018643	3.59800028800964
29.034964	0.0981250032782555	29.041196	3.59737515449524
29.05752	0.0982500016689301	29.063753	3.59637522697449
29.080072	0.0981250032782555	29.08631	3.59675025939941
29.10263	0.0986250042915344	29.108868	3.59850025177002
29.125201	0.100250005722046	29.131434	3.59950017929077
29.147754	0.0986250042915344	29.153986	3.59975028038025
29.170313	0.0982500016689301	29.17655	3.59925007820129
29.19287	0.0975000038743019	29.199107	3.59775018692017
29.215435	0.0976250022649765	29.221667	3.59725022315979
29.237991	0.0980000048875809	29.244223	3.59700012207031
29.260542	0.0983750075101852	29.26678	3.59762525558472
29.283098	0.099250003695488	29.289335	3.59937524795532
29.305653	0.099250003695488	29.311885	3.5998752117157
29.32821	0.0980000048875809	29.334438	3.60025024414062
29.350794	0.0978750064969063	29.357043	3.59875011444092
29.373369	0.0972500070929527	29.379602	3.59800028800964
29.395926	0.0991250053048134	29.402158	3.59675025939941
29.418484	0.0985000059008598	29.424717	3.59725022315979
29.441036	0.0990000069141388	29.447273	3.59887528419495
29.463592	0.098750002682209	29.46984	3.5998752117157
29.486161	0.0990000069141388	29.492395	3.60062527656555
29.508734	0.0983750075101852	29.514966	3.60037517547607
29.531291	0.0980000048875809	29.537528	3.59837508201599
29.55385	0.0973750054836273	29.560082	3.59800028800964
29.576406	0.0973750054836273	29.582639	3.59712505340576
29.598964	0.0983750075101852	29.605197	3.59787511825562
29.621517	0.0982500016689301	29.627754	3.5990002155304
29.644073	0.099250003695488	29.650304	3.60000014305115
29.66663	0.100000001490116	29.672862	3.600750207901
29.689185	0.0978750064969063	29.695439	3.60037517547607
29.71176	0.0972500070929527	29.717993	3.59887528419495
29.734329	0.0973750054836273	29.740568	3.59775018692017
29.756894	0.0977500081062317	29.763127	3.59725022315979
29.779454	0.0980000048875809	29.785687	3.59750008583069
29.802007	0.098750002682209	29.808239	3.59975028038025
29.824559	0.0998750030994415	29.8308	3.60025024414062
