Time_sec1	Voltage_A0TG	Time_sec2	Voltage_A1TG
0	0.863250017166138	0.006232	3.62062525749207
0.022557	0.862500011920929	0.02879	3.6183750629425
0.045109	0.863125026226044	0.051347	3.61775016784668
0.067666	0.859875023365021	0.073904	3.61712527275085
0.090241	0.863375067710876	0.096473	3.61687517166138
0.112789	0.863125026226044	0.119025	3.61862516403198
0.135347	0.862750053405762	0.141584	3.61887526512146
0.157903	0.862375020980835	0.164136	3.61975026130676
0.18046	0.863750040531158	0.186692	3.61975026130676
0.203031	0.862250030040741	0.209268	3.61800026893616
0.225588	0.861625015735626	0.231825	3.6175000667572
0.248162	0.862250030040741	0.254401	3.6166250705719
0.270723	0.862125039100647	0.276956	3.61700010299683
0.293277	0.862250030040741	0.29951	3.61825013160706
0.31583	0.865500032901764	0.322062	3.61912512779236
0.338385	0.863375067710876	0.34462	3.61975026130676
0.360942	0.862000048160553	0.36718	3.61900019645691
0.383517	0.862500011920929	0.389749	3.61850023269653
0.406069	0.862750053405762	0.412301	3.6172502040863
0.428642	0.863375067710876	0.434874	3.616375207901
0.4512	0.862250030040741	0.457432	3.6175000667572
0.473747	0.863125026226044	0.479979	3.6183750629425
0.496325	0.86350005865097	0.502562	3.61987519264221
0.518879	0.86300003528595	0.525111	3.61987519264221
0.541438	0.863125026226044	0.547671	3.61887526512146
0.563994	0.859500050544739	0.570231	3.61787509918213
0.58655	0.862125039100647	0.592782	3.6166250705719
0.609102	0.862875044345856	0.615341	3.61625027656555
0.631679	0.86537504196167	0.637907	3.6175000667572
0.654227	0.866250038146973	0.66046	3.61887526512146
0.67678	0.86412501335144	0.683029	3.62000012397766
0.699353	0.862250030040741	0.705586	3.62012505531311
0.72191	0.864000022411346	0.72816	3.61850023269653
0.74448	0.862875044345856	0.750717	3.61775016784668
0.767035	0.863125026226044	0.773268	3.6166250705719
0.789592	0.868125021457672	0.795819	3.61675024032593
0.812159	0.862500011920929	0.818393	3.6175000667572
0.834712	0.866375029087067	0.84095	3.61887526512146
0.857271	0.863625049591064	0.863538	3.61962509155273
0.879865	0.863250017166138	0.886098	3.61975026130676
0.902425	0.86300003528595	0.90866	3.61850023269653
0.924979	0.863750040531158	0.931217	3.61762523651123
0.947537	0.862625062465668	0.953769	3.61650013923645
0.970098	0.862750053405762	0.976331	3.6166250705719
0.992655	0.862500011920929	0.998887	3.61762523651123
1.015213	0.863625049591064	1.021451	3.61912512779236
1.037771	0.863875031471252	1.044004	3.62000012397766
1.060328	0.86350005865097	1.066561	3.61975026130676
1.08288	0.862750053405762	1.089132	3.6183750629425
1.105452	0.86300003528595	1.111689	3.61687517166138
1.128008	0.862250030040741	1.134241	3.616375207901
1.150565	0.861750066280365	1.156797	3.6166250705719
1.173126	0.862250030040741	1.179364	3.6183750629425
1.195684	0.86350005865097	1.201921	3.61925005912781
1.218254	0.860125064849854	1.224486	3.61987519264221
1.240811	0.863375067710876	1.247043	3.61887526512146
1.263362	0.862500011920929	1.2696	3.61787509918213
1.28592	0.862500011920929	1.292157	3.6166250705719
1.308477	0.863625049591064	1.314711	3.61625027656555
1.331036	0.863750040531158	1.337268	3.61737513542175
1.353591	0.862125039100647	1.359824	3.61800026893616
1.376148	0.862875044345856	1.382381	3.61925005912781
1.398704	0.86300003528595	1.404937	3.61975026130676
1.421259	0.862250030040741	1.427492	3.61887526512146
1.44382	0.862875044345856	1.450053	3.61800026893616
1.466371	0.862375020980835	1.472604	3.61737513542175
1.488942	0.861875057220459	1.495175	3.6166250705719
1.511537	0.86300003528595	1.51777	3.61737513542175
1.5341	0.862750053405762	1.540338	3.61850023269653
1.556667	0.863125026226044	1.5629	3.61937522888184
1.579227	0.866750061511993	1.58546	3.62012505531311
1.601779	0.863250017166138	1.608011	3.61900019645691
1.624332	0.863625049591064	1.63057	3.61675024032593
1.64689	0.861750066280365	1.653132	3.61650013923645
1.669457	0.86300003528595	1.675689	3.6166250705719
1.692013	0.862500011920929	1.698254	3.6175000667572
1.714589	0.86350005865097	1.720827	3.61887526512146
1.737147	0.86300003528595	1.743379	3.61950016021729
1.759706	0.863250017166138	1.765938	3.61937522888184
1.782263	0.862875044345856	1.788496	3.61850023269653
1.804816	0.862875044345856	1.811054	3.61712527275085
1.827374	0.862250030040741	1.833609	3.61700010299683
1.849936	0.862500011920929	1.856168	3.61675024032593
1.872517	0.86350005865097	1.878756	3.6175000667572
1.895096	0.862750053405762	1.901333	3.61600017547607
1.917643	0.816375017166138	1.923919	3.61425018310547
1.940246	0.713000059127808	1.946478	3.60225009918213
1.962797	0.616500020027161	1.96903	3.57525014877319
1.98535	0.533749997615814	1.991587	3.5290002822876
2.007907	0.453125029802322	2.01414	3.47050023078918
2.030465	0.385500013828278	2.036697	3.39812517166138
2.053045	0.328500002622604	2.059283	3.32175016403198
2.075603	0.278625011444092	2.081836	3.23562526702881
2.098164	0.235250011086464	2.104397	3.15087509155273
2.120723	0.192750006914139	2.126956	3.05962514877319
2.143277	0.155750006437302	2.149514	2.96900010108948
2.165834	0.117625005543232	2.172071	2.88662505149841
2.18839	0.086375005543232	2.194623	2.80525016784668
2.210959	0.0597500018775463	2.217191	2.73437523841858
2.233516	0.0366250015795231	2.239754	2.66612505912781
2.256072	0.0195000004023314	2.262309	2.60862517356873
2.278648	0.00462500005960464	2.28488	2.5521252155304
2.301203	0.00175000005401671	2.307436	2.5063750743866
2.323754	0.000750000006519258	2.329992	2.46325016021729
2.346312	0.000625000044237822	2.352549	2.4271252155304
2.368872	0.00175000005401671	2.375105	2.39362502098083
2.391433	0.00125000008847564	2.397665	2.3666250705719
2.413994	0.00162500003352761	2.420228	2.3417501449585
2.436547	0.00287500023841858	2.44278	2.32074999809265
2.459128	0.00412499997764826	2.465366	2.29950022697449
2.481688	0.0020000000949949	2.487921	2.28125
2.504263	0.00162500003352761	2.510496	2.26275014877319
2.526816	0.000500000023748726	2.533055	2.24925017356873
2.549397	0.000250000011874363	2.555629	2.23612499237061
2.57195	0.000875000027008355	2.578183	2.22475004196167
2.594504	0.00237500015646219	2.600743	2.21587514877319
2.617062	0.00350000010803342	2.623295	2.20787501335144
2.639621	0.00237500015646219	2.645853	2.19825005531311
2.662178	0.00137500010896474	2.668411	2.19037508964539
2.684731	0.000375000003259629	2.690963	2.18212509155273
2.707295	0	2.713523	2.17587518692017
2.729847	0.00250000017695129	2.73608	2.17000007629395
2.752403	0.00137500010896474	2.758646	2.16687512397766
2.774964	0.00737500051036477	2.781202	2.16287517547607
2.797521	0.00375000014901161	2.803753	2.15925002098083
2.820076	0.002125000115484	2.826308	2.15562510490417
2.842651	0.000500000023748726	2.848884	2.15062499046326
2.86522	0.000500000023748726	2.871465	2.14662504196167
2.887798	0.00125000008847564	2.894031	2.14312505722046
2.910356	0.00112500006798655	2.916588	2.14137506484985
2.93293	0.00137500010896474	2.939167	2.1403751373291
2.955478	0.00150000001303852	2.961716	2.13962507247925
2.978037	0.00337500008754432	2.984281	2.13687515258789
3.000606	0.00175000005401671	3.006838	2.13537502288818
3.023158	0.00312500004656613	3.029395	2.1322500705719
3.045716	0.000375000003259629	3.051948	2.13000011444092
3.068296	-0.000500000023748726	3.074529	2.12862515449524
3.090854	-0.000125000005937181	3.097086	2.12800002098083
3.113414	0.000750000006519258	3.119652	2.12787508964539
3.135971	0.00375000014901161	3.142208	2.12800002098083
3.15854	0.00487500010058284	3.164773	2.12700009346008
3.181097	0.00100000004749745	3.187329	2.1258749961853
3.203648	0.000250000011874363	3.209886	2.12337517738342
3.226205	0.000875000027008355	3.232442	2.12237501144409
3.248764	-0.00125000008847564	3.254997	2.12062501907349
3.271321	0.00112500006798655	3.277554	2.12087512016296
3.2939	0.0020000000949949	3.300137	2.12150001525879
3.316457	0.00450000027194619	3.322689	2.12237501144409
3.339026	0.0022500001359731	3.345258	2.12137508392334
3.361582	0.00125000008847564	3.367815	2.12024998664856
3.384134	0.000500000023748726	3.390372	2.11862516403198
3.40669	0.000125000005937181	3.412926	2.11712503433228
3.429248	0.00137500010896474	3.43548	2.11687517166138
3.451802	0.00162500003352761	3.458034	2.11862516403198
3.474356	0.00250000017695129	3.480593	2.11937499046326
3.496959	0.00350000010803342	3.503196	2.12000012397766
3.519523	0.0022500001359731	3.525763	2.11987519264221
3.542083	0.000875000027008355	3.548312	2.11887502670288
3.564633	-0.000125000005937181	3.570865	2.11812520027161
3.58719	0.000375000003259629	3.593423	2.11700010299683
3.609747	0.00175000005401671	3.61598	2.11787509918213
3.632307	0.00100000004749745	3.63854	2.11900019645691
3.654859	0.0022500001359731	3.661097	2.12037515640259
3.677416	0.00337500008754432	3.683648	2.12075018882751
3.699973	0.00125000008847564	3.706206	2.12162518501282
3.722531	0.000750000006519258	3.728764	2.12037515640259
3.745081	0.00137500010896474	3.751319	2.11975002288818
3.767638	0.000875000027008355	3.773896	2.11937499046326
3.790236	0.00112500006798655	3.796468	2.12075018882751
3.812788	0.000750000006519258	3.819026	2.12362504005432
3.835347	0.00337500008754432	3.841584	2.12612509727478
3.857903	0.00337500008754432	3.864154	2.12837505340576
3.880486	0.00175000005401671	3.886719	2.13062500953674
3.903041	0.00150000001303852	3.909278	2.13324999809265
3.925601	0.000500000023748726	3.931838	2.13725018501282
3.948163	0.00150000001303852	3.954396	2.14100003242493
3.970735	0.00100000004749745	3.976968	2.1467502117157
3.993283	0.002125000115484	3.999521	2.15212512016296
4.015842	0.00312500004656613	4.022079	2.15700006484985
4.0384	0.0020000000949949	4.044632	2.16075015068054
4.060957	0.00137500010896474	4.067189	2.16962504386902
4.083519	0.00112500006798655	4.089756	2.18975019454956
4.106076	0.000250000011874363	4.112313	2.21625018119812
4.128649	0.00100000004749745	4.134881	2.23750019073486
4.151208	0.000875000027008355	4.157441	2.25750017166138
4.17376	0.00162500003352761	4.179993	2.27150011062622
4.196314	0.00387500016950071	4.202551	2.28250002861023
4.218871	0.0020000000949949	4.225103	2.28512501716614
4.241428	0.00175000005401671	4.24766	2.28437519073486
4.263997	0.000125000005937181	4.270234	2.28275012969971
4.286553	-0.000125000005937181	4.292785	2.27900004386902
4.30913	0.000375000003259629	4.315362	2.27425003051758
4.331698	0.00112500006798655	4.337931	2.26950001716614
4.354251	0.00262500019744039	4.36049	2.26550006866455
4.376816	0.00362500012852252	4.383049	2.26075005531311
4.399373	0.00250000017695129	4.405605	2.25675010681152
4.421931	0.00137500010896474	4.428164	2.25250005722046
4.444483	-0.000125000005937181	4.45072	2.24937510490417
4.467039	0.000375000003259629	4.473267	2.24837517738342
4.489588	0.000750000006519258	4.495846	2.24937510490417
4.512172	0.000625000044237822	4.518407	2.25312519073486
4.534727	0.00387500016950071	4.540965	2.25737500190735
4.557277	0.00462500005960464	4.563632	2.26075005531311
4.579964	0.00150000001303852	4.586199	2.2645001411438
4.602522	0.00125000008847564	4.608755	2.26787519454956
4.625066	0.000375000003259629	4.631298	2.27212500572205
4.647618	0.000625000044237822	4.653851	2.27600002288818
4.670179	0.002125000115484	4.676411	2.28150010108948
4.692745	0.00112500006798655	4.698978	2.28662514686584
4.715299	0.00400000018998981	4.721536	2.29175019264221
4.737855	0.00437500001862645	4.744088	2.29512500762939
4.760413	0.002125000115484	4.766646	2.29787516593933
4.782967	0.000750000006519258	4.789204	2.30787515640259
4.805524	-0.000250000011874363	4.811761	2.31300020217896
4.82808	-0.000875000027008355	4.834313	2.319500207901
4.850725	0.000750000006519258	4.856966	2.3272500038147
4.873295	0.0022500001359731	4.879528	2.33462500572205
4.895854	0.00487500010058284	4.902086	2.34150004386902
4.918407	0.004250000230968	4.92464	2.34750008583069
4.940969	0.00350000010803342	4.947201	2.35325002670288
4.963537	0.00287500023841858	4.969775	2.3591251373291
4.986095	0.00300000002607703	4.992332	2.36600017547607
5.008652	0.00462500005960464	5.014884	2.37487506866455
5.031217	0.00537500018253922	5.037444	2.38487505912781
5.053799	0.00550000043585896	5.060037	2.39662504196167
5.076357	0.008500000461936	5.082595	2.40612506866455
5.098937	0.00725000025704503	5.105169	2.4143750667572
5.1215	0.00650000013411045	5.127733	2.4227499961853
5.144054	0.00662500038743019	5.150292	2.42987513542175
5.166611	0.00937500037252903	5.172843	2.43900012969971
5.189173	0.00812500063329935	5.195405	2.44875001907349
5.211743	0.00900000054389238	5.217976	2.45987510681152
5.234292	0.0106250001117587	5.24053	2.47237515449524
5.25685	0.0131250005215406	5.263083	2.4835000038147
5.279408	0.0108750006183982	5.28564	2.49537515640259
5.301964	0.0105000007897615	5.308196	2.50600004196167
5.324515	0.00975000020116568	5.330752	2.51737523078918
5.347071	0.0110000008717179	5.353326	2.52862501144409
5.369653	0.013625000603497	5.375885	2.54125022888184
5.392213	0.0117500005289912	5.39845	2.55362510681152
5.414769	0.0142500009387732	5.421006	2.56550002098083
5.437325	0.0150000005960464	5.443557	2.57550001144409
5.459881	0.0153750004246831	5.466113	2.58412504196167
5.482432	0.0122500006109476	5.488665	2.59150004386902
5.505002	0.0130000002682209	5.511237	2.59837508201599
5.527564	0.013625000603497	5.533815	2.60512518882751
5.550141	0.0157500002533197	5.556373	2.61300015449524
5.572694	0.0148750003427267	5.57894	2.62050008773804
5.59527	0.0186250004917383	5.601502	2.62712502479553
5.617821	0.017875000834465	5.62406	2.63275003433228
5.640386	0.0177500005811453	5.646617	2.63725018501282
5.662943	0.017000000923872	5.669175	2.64087510108948
5.685491	0.0171250011771917	5.691724	2.64475011825562
5.708044	0.0173750016838312	5.714281	2.64925003051758
5.7306	0.0188750009983778	5.736833	2.65450000762939
5.753162	0.0193750001490116	5.759399	2.65987515449524
5.775734	0.0213750004768372	5.781972	2.66387510299683
5.798293	0.0211250018328428	5.804526	2.66637516021729
5.820851	0.0198750011622906	5.827083	2.66875004768372
5.843416	0.0201250016689301	5.849654	2.67000007629395
5.865978	0.0197500009089708	5.872217	2.67125010490417
5.888541	0.0210000015795231	5.894775	2.67350006103516
5.911099	0.0258750021457672	5.917328	2.67600011825562
5.933674	0.0223750006407499	5.939908	2.678875207901
5.956249	0.0248750019818544	5.962482	2.68075013160706
5.978795	0.0228750016540289	5.985023	2.68212509155273
6.00135	0.0223750006407499	6.007582	2.68262505531311
6.023904	0.0233750008046627	6.030141	2.68325018882751
6.046463	0.0228750016540289	6.052695	2.68525004386902
6.069026	0.0243750009685755	6.075254	2.6872501373291
6.091583	0.024125000461936	6.097816	2.69012522697449
6.114136	0.0261250007897615	6.120374	2.69412517547607
6.136697	0.0272500012069941	6.142928	2.69712519645691
6.159252	0.025500001385808	6.165479	2.69950008392334
6.181806	0.0261250007897615	6.188038	2.70125007629395
6.204379	0.0253750011324883	6.210612	2.70350003242493
6.226933	0.026375001296401	6.233167	2.70587515830994
6.249492	0.026375001296401	6.255724	2.70975017547607
6.272048	0.0291250012814999	6.278281	2.71475005149841
6.294603	0.0295000020414591	6.300841	2.71912503242493
6.317173	0.03125	6.323412	2.72287511825562
6.339736	0.0275000017136335	6.345969	2.72612524032593
6.362294	0.0287500005215406	6.368539	2.72862505912781
6.38486	0.027750002220273	6.391097	2.73212504386902
6.407416	0.0296250022947788	6.413649	2.73637509346008
6.429973	0.0290000010281801	6.436205	2.7407500743866
6.452528	0.0302500016987324	6.458761	2.74712514877319
6.475076	0.0329999998211861	6.481309	2.75200009346008
6.497693	0.0318750031292439	6.503939	2.75687503814697
6.520261	0.0311250016093254	6.526488	2.76087522506714
6.542846	0.0305000022053719	6.549079	2.76400017738342
6.565399	0.0316250026226044	6.571637	2.76800012588501
6.587957	0.0351250022649765	6.594193	2.7728750705719
6.610517	0.0325000025331974	6.61675	2.77812504768372
6.63307	0.0338750034570694	6.639308	2.78462505340576
6.655627	0.0356250032782555	6.661865	2.78975009918213
6.678184	0.033500000834465	6.684417	2.79475021362305
6.700742	0.0329999998211861	6.706975	2.79787516593933
6.723296	0.0318750031292439	6.729535	2.80125021934509
6.745858	0.0338750034570694	6.752091	2.80525016784668
6.768411	0.0346250012516975	6.774645	2.81025004386902
6.790966	0.034875001758337	6.797199	2.81612515449524
6.81352	0.0382500030100346	6.819753	2.8215000629425
6.836073	0.0370000004768372	6.842305	2.82637524604797
6.858647	0.0351250022649765	6.864898	2.83037519454956
6.881219	0.0356250032782555	6.887451	2.8333752155304
6.903805	0.0352500006556511	6.910038	2.8362500667572
6.92636	0.0401250012218952	6.932593	2.83987522125244
6.948937	0.0368750020861626	6.955171	2.84400010108948
6.971495	0.0361250005662441	6.977728	2.84925007820129
6.994048	0.0392500013113022	7.000285	2.85287523269653
7.016605	0.0402500033378601	7.022837	2.85712504386902
7.039168	0.0375000014901161	7.045406	2.8591251373291
7.061732	0.037625003606081	7.067965	2.86087512969971
7.084291	0.0372500009834766	7.090529	2.86275005340576
7.106849	0.0395000018179417	7.113077	2.86525011062622
7.129405	0.0378750003874302	7.135638	2.86800003051758
7.151962	0.0387500002980232	7.158194	2.87175011634827
7.174513	0.0420000031590462	7.18075	2.87537503242493
7.19707	0.0408750027418137	7.203325	2.87862515449524
7.219648	0.0395000018179417	7.225881	2.87975025177002
7.242221	0.0392500013113022	7.248454	2.88062524795532
7.264764	0.0395000018179417	7.270997	2.88337516784668
7.287316	0.0411250032484531	7.293549	2.88650012016296
7.309874	0.0410000011324883	7.316106	2.88987517356873
7.33243	0.0408750027418137	7.338663	2.89537525177002
7.354982	0.0450000017881393	7.36122	2.90012502670288
7.377541	0.0418750010430813	7.383794	2.9042501449585
7.400118	0.0420000031590462	7.406351	2.90787506103516
7.422685	0.0402500033378601	7.428937	2.9115002155304
7.445256	0.0461250022053719	7.4515	2.91637516021729
7.467822	0.0428750030696392	7.474056	2.92175006866455
7.490381	0.0426250025629997	7.496626	2.92850017547607
7.512952	0.0440000034868717	7.519186	2.93487524986267
7.535528	0.0450000017881393	7.541767	2.94125008583069
7.558088	0.0440000034868717	7.564321	2.94575023651123
7.580646	0.0445000007748604	7.586883	2.95000004768372
7.603224	0.0438750013709068	7.609461	2.95437502861023
7.62578	0.0441250018775463	7.632012	2.95937514305115
7.648335	0.0448750033974648	7.654568	2.96450018882751
7.670893	0.0447500012814999	7.677125	2.97062516212463
7.693445	0.0472500026226044	7.699682	2.97675013542175
7.716001	0.0466250032186508	7.722239	2.98337507247925
7.738558	0.0460000038146973	7.74479	2.98725008964539
7.761115	0.0461250022053719	7.767348	2.991375207901
7.78367	0.0457500033080578	7.789908	2.99512505531311
7.806229	0.0460000038146973	7.812463	3.00012516975403
7.828785	0.0462500005960464	7.835018	3.00512504577637
7.851343	0.0461250022053719	7.857577	3.01150012016296
7.873916	0.0501250028610229	7.880155	3.01687502861023
7.896481	0.0480000004172325	7.902715	3.02212524414062
7.919036	0.0476250015199184	7.925269	3.02612519264221
7.941598	0.0476250015199184	7.94783	3.02950024604797
7.964149	0.0467500016093254	7.970382	3.03287506103516
7.986704	0.0515000037848949	7.992937	3.03700017929077
8.009262	0.0468750037252903	8.015495	3.04250025749207
8.03182	0.0486250035464764	8.038052	3.04737520217896
8.054397	0.0501250028610229	8.060635	3.05237507820129
8.076945	0.0520000010728836	8.083184	3.0558750629425
8.099509	0.0515000037848949	8.105742	3.05912518501282
8.122067	0.0488750040531158	8.1283	3.06162524223328
8.144633	0.0488750040531158	8.150871	3.06387519836426
8.167192	0.049625001847744	8.173425	3.06737518310547
8.189749	0.0495000034570694	8.195981	3.07175016403198
8.212305	0.0492500029504299	8.218539	3.07662510871887
8.234857	0.0521250031888485	8.241094	3.08037519454956
8.257412	0.0503750033676624	8.263645	3.0833752155304
8.279968	0.0501250028610229	8.286201	3.08525013923645
8.302525	0.0506250038743019	8.308758	3.08762526512146
8.325078	0.0502500012516975	8.331316	3.09100008010864
8.347635	0.0520000010728836	8.353867	3.0935001373291
8.370209	0.052375003695488	8.376442	3.09812521934509
8.392764	0.0528750009834766	8.398996	3.10200023651123
8.415316	0.0540000014007092	8.421553	3.10612511634827
8.437873	0.051875002682209	8.444105	3.10950016975403
8.460429	0.0526250042021275	8.466662	3.11175012588501
8.482983	0.0513750016689301	8.489221	3.11425018310547
8.505567	0.0533750019967556	8.511801	3.1172502040863
8.528194	0.052375003695488	8.534432	3.12175011634827
8.550753	0.0533750019967556	8.556986	3.12612509727478
8.573332	0.0542500019073486	8.57957	3.13100004196167
8.595888	0.0543750040233135	8.602126	3.13500022888184
8.618453	0.0533750019967556	8.624686	3.13800024986267
8.641011	0.0535000041127205	8.647243	3.14100003242493
8.663563	0.0536250025033951	8.6698	3.14350008964539
8.686119	0.0540000014007092	8.692356	3.14637517929077
8.708675	0.0550000034272671	8.714908	3.15087509155273
8.731246	0.0542500019073486	8.737478	3.15537524223328
8.753797	0.0573750026524067	8.760029	3.16062521934509
8.776349	0.055500004440546	8.782587	3.16400003433228
8.798907	0.0552500039339066	8.80514	3.16625022888184
8.821464	0.0548750013113022	8.827697	3.16825008392334
8.844015	0.0556250028312206	8.850252	3.16950011253357
8.866589	0.0557500012218952	8.872848	3.17337512969971
8.889176	0.0562500022351742	8.895409	3.17787504196167
8.911734	0.0566250011324883	8.917967	3.18162512779236
8.934287	0.0573750026524067	8.940524	3.1863751411438
8.956842	0.0562500022351742	8.963081	3.18862509727478
8.979401	0.0567500032484531	8.985634	3.19025015830994
9.001955	0.0562500022351742	9.008189	3.19200015068054
9.0245	0.0558750033378601	9.030732	3.1936252117157
9.047052	0.0573750026524067	9.053285	3.19612526893616
9.069609	0.0562500022351742	9.075842	3.19975018501282
9.092182	0.0571250021457672	9.098414	3.20325016975403
9.114724	0.0606250017881393	9.120962	3.20625019073486
9.137282	0.0581250041723251	9.14352	3.20850014686584
9.159844	0.0576250031590462	9.166077	3.20912504196167
9.182401	0.0571250021457672	9.188646	3.2103750705719
9.204967	0.0577500015497208	9.211204	3.21150016784668
9.227525	0.0572500042617321	9.233758	3.21362519264221
9.250081	0.0581250041723251	9.256318	3.21687507629395
9.272651	0.0591250024735928	9.278884	3.22037506103516
9.295203	0.0601250045001507	9.301436	3.22200012207031
9.317755	0.0587500035762787	9.323993	3.22250008583069
9.340318	0.0590000040829182	9.34655	3.22337508201599
9.362875	0.0600000023841858	9.369134	3.22350025177002
9.385454	0.0602500028908253	9.391691	3.2251250743866
9.408009	0.0590000040829182	9.414241	3.22737526893616
9.430566	0.0593750029802322	9.436797	3.22975015640259
9.453128	0.0613750033080578	9.459365	3.23250007629395
9.475684	0.0607500039041042	9.481921	3.23437523841858
9.498289	0.0607500039041042	9.504524	3.23550009727478
9.520851	0.0602500028908253	9.527085	3.23600006103516
9.543423	0.0600000023841858	9.549661	3.23650026321411
9.56598	0.0608750022947788	9.572218	3.23775005340576
9.58854	0.0606250017881393	9.594773	3.24025011062622
9.611096	0.0612500011920929	9.617329	3.24262523651123
9.633653	0.0628750026226044	9.63989	3.24525022506714
9.656209	0.0626250058412552	9.662441	3.24762511253357
9.678762	0.0612500011920929	9.684995	3.2480001449585
9.701317	0.0613750033080578	9.70755	3.24925017356873
9.723869	0.0600000023841858	9.730107	3.2497501373291
9.746424	0.0623750016093254	9.752656	3.25112509727478
9.768977	0.0628750026226044	9.775209	3.25400018692017
9.791533	0.0623750016093254	9.797765	3.25662517547607
9.814087	0.0646250024437904	9.820325	3.25975012779236
9.836643	0.0627500042319298	9.842875	3.26137518882751
9.859199	0.0617500022053719	9.865451	3.26225018501282
9.881804	0.0645000040531158	9.888037	3.26300024986267
9.904389	0.0623750016093254	9.910627	3.26437520980835
9.926979	0.063000001013279	9.93322	3.26575016975403
9.949548	0.0633750036358833	9.955781	3.26887512207031
9.972107	0.0625	9.97834	3.272625207901
9.994663	0.0646250024437904	10.000896	3.27412509918213
10.017219	0.0636250004172325	10.023452	3.27525019645691
10.039774	0.0625	10.046007	3.27650022506714
10.062332	0.0631249994039536	10.068565	3.27612519264221
10.08489	0.0643750056624413	10.091123	3.27725005149841
10.107443	0.0633750036358833	10.113677	3.27950024604797
10.129998	0.0641250014305115	10.136226	3.28162527084351
10.15255	0.0653750002384186	10.158779	3.28450012207031
10.175121	0.0658750012516975	10.181358	3.28612518310547
10.197677	0.064750000834465	10.20391	3.28675007820129
10.220237	0.0661250054836273	10.22647	3.28700017929077
10.242791	0.0640000030398369	10.249027	3.28725004196167
10.265347	0.0646250024437904	10.271584	3.28787517547607
10.287903	0.0646250024437904	10.294136	3.28962516784668
10.310461	0.0645000040531158	10.316693	3.29137516021729
10.333028	0.0671250000596046	10.339265	3.29375004768372
10.355585	0.0666250064969063	10.361823	3.29512524604797
10.378163	0.0645000040531158	10.384396	3.29512524604797
10.400714	0.0650000050663948	10.406946	3.29475021362305
10.423267	0.0646250024437904	10.429506	3.29475021362305
10.445824	0.0651250034570694	10.452061	3.29537510871887
10.468381	0.0659999996423721	10.474609	3.2966251373291
10.490928	0.0655000060796738	10.497185	3.29912519454956
10.513526	0.067500002682209	10.519759	3.30062508583069
10.536081	0.0672500059008598	10.542318	3.30087518692017
10.558661	0.0662500038743019	10.564894	3.30112504959106
10.581232	0.0662500038743019	10.587465	3.29987525939941
10.603796	0.0657500028610229	10.610035	3.30062508583069
10.626355	0.0665000006556511	10.632593	3.30100011825562
10.648913	0.0665000006556511	10.655145	3.30237507820129
10.67147	0.0665000006556511	10.677702	3.30450010299683
10.694023	0.0688749998807907	10.70026	3.30562520027161
10.71658	0.0678750053048134	10.722812	3.30612516403198
10.739137	0.0663750022649765	10.745369	3.30612516403198
10.761697	0.0662500038743019	10.767928	3.30525016784668
10.784247	0.0656250044703484	10.790484	3.30512523651123
10.806804	0.0665000006556511	10.813037	3.30675005912781
10.82936	0.0671250000596046	10.835593	3.30762505531311
10.851916	0.070750005543232	10.85816	3.30987524986267
10.874509	0.0693750008940697	10.880748	3.31125020980835
10.897069	0.0681250020861626	10.903325	3.31100010871887
10.919651	0.0686250030994415	10.925884	3.31150007247925
10.942211	0.0677500069141388	10.94845	3.31075024604797
10.964771	0.068000003695488	10.971008	3.31075024604797
10.987329	0.0685000047087669	10.993562	3.31187510490417
11.009885	0.0685000047087669	11.016118	3.31437516212463
11.032444	0.0706249997019768	11.038672	3.31600022315979
11.05499	0.0705000013113022	11.061227	3.31725025177002
11.077546	0.0688749998807907	11.083794	3.3177502155304
11.100118	0.0683750063180923	11.10635	3.31700015068054
11.12279	0.0670000016689301	11.129049	3.31725025177002
11.145433	0.0686250030994415	11.151692	3.31800007820129
11.168079	0.0686250030994415	11.17434	3.31912517547607
11.19071	0.0698750019073486	11.196945	3.32237505912781
11.21327	0.070750005543232	11.219498	3.32412505149841
11.235829	0.0700000002980232	11.242067	3.32550024986267
11.25839	0.0690000057220459	11.264625	3.32437515258789
11.280946	0.0687500014901161	11.287179	3.32500004768372
11.303522	0.068000003695488	11.309759	3.32537508010864
11.326079	0.0696250051259995	11.332317	3.32625007629395
11.348652	0.0695000067353249	11.354885	3.32850027084351
11.371229	0.0688749998807907	11.377462	3.33112525939941
11.393796	0.0716250017285347	11.400034	3.33300018310547
11.416353	0.0701250061392784	11.42259	3.33412504196167
11.438909	0.0693750008940697	11.445142	3.33412504196167
11.461467	0.0693750008940697	11.467699	3.33437514305115
11.484034	0.0715000033378601	11.490266	3.33462524414062
11.506603	0.070250004529953	11.512849	3.33612513542175
11.529195	0.070750005543232	11.535428	3.33862519264221
11.551754	0.0765000060200691	11.557992	3.34112524986267
11.574312	0.0727500021457672	11.580549	3.3435001373291
11.596869	0.0711250007152557	11.603102	3.34462523460388
11.619424	0.0705000013113022	11.625657	3.34487509727478
11.641981	0.069750003516674	11.648214	3.34487509727478
11.664547	0.0715000033378601	11.670786	3.34550023078918
11.687105	0.0720000043511391	11.693344	3.34712505340576
11.709669	0.0712500065565109	11.715901	3.35000014305115
11.732225	0.0728750005364418	11.738458	3.35237526893616
11.754778	0.0716250017285347	11.76101	3.35412526130676
11.777329	0.0718750059604645	11.783562	3.35537505149841
11.799885	0.0710000023245811	11.806117	3.35512518882751
11.822442	0.0710000023245811	11.828675	3.35512518882751
11.845009	0.0731250047683716	11.851246	3.35650014877319
11.86759	0.0713750049471855	11.873829	3.35837507247925
11.890158	0.0715000033378601	11.89639	3.36075019836426
11.91271	0.0773750022053719	11.918944	3.36387515068054
11.935265	0.072500005364418	11.941502	3.36500024795532
11.957821	0.0717500001192093	11.964053	3.36562514305115
11.980377	0.0708750039339066	11.986609	3.3657500743866
12.00293	0.0711250007152557	12.009168	3.3657500743866
12.025489	0.0718750059604645	12.031727	3.3675000667572
12.048047	0.0713750049471855	12.054281	3.36937522888184
12.070606	0.073000006377697	12.076839	3.37225008010864
12.093158	0.0743750035762787	12.099396	3.3745002746582
12.115714	0.073000006377697	12.121952	3.3756251335144
12.138271	0.0727500021457672	12.144504	3.37612509727478
12.160827	0.072500005364418	12.167059	3.37637519836426
12.183383	0.0713750049471855	12.189616	3.37650012969971
12.20594	0.0734999999403954	12.212172	3.37825012207031
12.228492	0.0767500028014183	12.234721	3.38050007820129
12.251047	0.0741250067949295	12.257279	3.38275027275085
12.273614	0.078125	12.279847	3.38612508773804
12.296168	0.0727500021457672	12.302401	3.38637518882751
12.318712	0.0708750039339066	12.324951	3.38650012016296
12.341275	0.075250007212162	12.347507	3.38700008392334
12.363851	0.0723750069737434	12.370095	3.38750004768372
12.386417	0.0716250017285347	12.39265	3.3892502784729
12.408971	0.0734999999403954	12.415204	3.39175009727478
12.431528	0.0738750025629997	12.43776	3.39525008201599
12.45408	0.0746250003576279	12.460317	3.39637517929077
12.476627	0.0745000019669533	12.482859	3.39750027656555
12.499204	0.0751250013709068	12.505438	3.39825010299683
12.52175	0.073000006377697	12.527978	3.3978750705719
12.544312	0.0731250047683716	12.550549	3.3987500667572
12.566869	0.0761250033974648	12.573102	3.40112519264221
12.589429	0.0745000019669533	12.595661	3.40362524986267
12.611986	0.0748750045895576	12.618219	3.40650010108948
12.634538	0.0741250067949295	12.640775	3.40812516212463
12.657094	0.0737500041723251	12.663327	3.40812516212463
12.67965	0.0728750005364418	12.685882	3.40912508964539
12.702206	0.0734999999403954	12.708456	3.40925025939941
12.724774	0.0742500051856041	12.731012	3.41062521934509
12.747345	0.0731250047683716	12.753578	3.41275024414062
12.769897	0.0726250037550926	12.776129	3.41550016403198
12.792454	0.0765000060200691	12.798687	3.41800022125244
12.815005	0.0741250067949295	12.821244	3.41937518119812
12.837563	0.0747500061988831	12.843796	3.4198751449585
12.86012	0.0742500051856041	12.86637	3.42037510871887
12.882695	0.0745000019669533	12.888939	3.4207501411438
12.905259	0.0746250003576279	12.911497	3.42212510108948
12.927821	0.0750000029802322	12.934054	3.42437505722046
12.950391	0.0761250033974648	12.956623	3.42650008201599
12.972942	0.0766250044107437	12.97918	3.42937517166138
12.995499	0.0745000019669533	13.001737	3.43062520027161
13.018054	0.0753750056028366	13.024287	3.4308750629425
13.040612	0.0743750035762787	13.046844	3.43100023269653
13.063165	0.0742500051856041	13.069402	3.43112516403198
13.08572	0.0758750066161156	13.091957	3.43250012397766
13.108276	0.0745000019669533	13.114504	3.43462514877319
13.13084	0.0757500007748604	13.137073	3.43662524223328
13.153392	0.0768750011920929	13.159629	3.43937516212463
13.175951	0.0760000050067902	13.182188	3.43962526321411
13.198507	0.0750000029802322	13.20474	3.44000005722046
13.221065	0.0742500051856041	13.227297	3.43912506103516
13.243615	0.0738750025629997	13.249852	3.44050025939941
13.266171	0.0757500007748604	13.272408	3.44200015068054
13.288739	0.0755000039935112	13.294972	3.44412517547607
13.311296	0.0771250054240227	13.317534	3.44700026512146
13.333855	0.0765000060200691	13.340087	3.44775009155273
13.356398	0.0748750045895576	13.362722	3.44800019264221
13.379044	0.0767500028014183	13.385276	3.44837522506714
13.401601	0.0755000039935112	13.407833	3.44787526130676
13.424153	0.0747500061988831	13.430386	3.44837522506714
13.446706	0.0760000050067902	13.452939	3.45000004768372
13.469264	0.0757500007748604	13.475496	3.45187520980835
13.491853	0.0773750022053719	13.498112	3.45362520217896
13.514417	0.0772500038146973	13.520656	3.45525026321411
13.536988	0.0771250054240227	13.543221	3.45512509346008
13.559546	0.0753750056028366	13.56578	3.45500016212463
13.582105	0.0788750052452087	13.588338	3.45425009727478
13.604657	0.0762500017881393	13.610894	3.45475006103516
13.627215	0.0757500007748604	13.633448	3.45637512207031
13.649771	0.0766250044107437	13.656004	3.45825004577637
13.672332	0.0785000026226044	13.678565	3.45987510681152
13.694883	0.0772500038146973	13.70112	3.46062517166138
13.71744	0.0795000046491623	13.723673	3.46062517166138
13.739997	0.0762500017881393	13.746229	3.45962524414062
13.762555	0.075250007212162	13.76879	3.4595000743866
13.785109	0.0766250044107437	13.791347	3.460125207901
13.807667	0.0761250033974648	13.813903	3.46187520027161
13.830227	0.0770000070333481	13.836459	3.46400022506714
13.852776	0.0791250020265579	13.859027	3.46450018882751
13.875418	0.0787500068545341	13.881673	3.46512508392334
13.897992	0.0768750011920929	13.904226	3.46437525749207
13.920555	0.0766250044107437	13.926788	3.46325016021729
13.943125	0.075250007212162	13.949363	3.46362519264221
13.965684	0.0768750011920929	13.971923	3.46437525749207
13.988253	0.0767500028014183	13.994486	3.46550011634827
14.010811	0.078125	14.017043	3.4673752784729
14.033363	0.0787500068545341	14.039601	3.4682502746582
14.055938	0.0778750032186508	14.062176	3.4685001373291
14.078496	0.0772500038146973	14.084729	3.46800017356873
14.101054	0.0763750001788139	14.107287	3.46712517738342
14.123617	0.0768750011920929	14.129854	3.46662521362305
14.146175	0.0772500038146973	14.152413	3.46812510490417
14.168738	0.0767500028014183	14.174971	3.4693751335144
14.191295	0.0787500068545341	14.197527	3.47100019454956
14.213847	0.0791250020265579	14.220084	3.47137522697449
14.236404	0.0780000016093254	14.242652	3.47125005722046
14.258985	0.0776250064373016	14.265218	3.47037506103516
14.281533	0.0777500048279762	14.287766	3.46950006484985
14.304086	0.0773750022053719	14.310325	3.47012519836426
14.326646	0.0770000070333481	14.332878	3.47087526321411
14.349202	0.0772500038146973	14.355435	3.47262525558472
14.371783	0.0795000046491623	14.378017	3.47362518310547
14.394333	0.078625001013279	14.400571	3.47475028038025
14.416892	0.0823750048875809	14.423126	3.47362518310547
14.439454	0.0778750032186508	14.445687	3.47287511825562
14.462009	0.0775000005960464	14.46825	3.47225022315979
14.484574	0.0787500068545341	14.490806	3.47275018692017
14.507149	0.0778750032186508	14.513385	3.47350025177002
14.529711	0.0782500058412552	14.535949	3.47550010681152
14.55227	0.0800000056624413	14.558499	3.47700023651123
14.574818	0.0790000036358833	14.58105	3.47712516784668
14.597375	0.078625001013279	14.603614	3.47637510299683
14.619938	0.0777500048279762	14.62617	3.47525024414062
14.642497	0.0771250054240227	14.648738	3.47525024414062
14.665055	0.0770000070333481	14.671293	3.4751250743866
14.687612	0.0782500058412552	14.693845	3.47675013542175
14.710168	0.078625001013279	14.716402	3.47825026512146
14.73272	0.0798750072717667	14.738953	3.47975015640259
14.755272	0.0783750042319298	14.761509	3.47987508773804
14.777827	0.0776250064373016	14.78406	3.47950005531311
14.800398	0.0792500004172325	14.80663	3.47837519645691
14.822945	0.0778750032186508	14.829182	3.47862505912781
14.845501	0.0816250070929527	14.851739	3.47887516021729
14.868081	0.0780000016093254	14.874314	3.48000025749207
14.890645	0.0801250040531158	14.896877	3.48200011253357
14.913197	0.0793750062584877	14.919435	3.4832501411438
14.935755	0.0797500014305115	14.941992	3.48350024223328
14.958311	0.0796250030398369	14.964544	3.4823751449585
14.980872	0.078625001013279	14.987105	3.48225021362305
15.003424	0.0788750052452087	15.009662	3.48175024986267
15.025983	0.0782500058412552	15.03222	3.4830002784729
15.048539	0.0792500004172325	15.054772	3.48462510108948
15.071097	0.080875001847744	15.07733	3.48625016212463
15.093649	0.0806250050663948	15.099886	3.48737525939941
15.116205	0.0787500068545341	15.122444	3.48725008964539
15.138763	0.0795000046491623	15.144996	3.48637509346008
15.161321	0.0783750042319298	15.167553	3.48600006103516
15.183899	0.0785000026226044	15.190136	3.48650026321411
15.206457	0.0795000046491623	15.212689	3.48750019073486
15.229025	0.0785000026226044	15.235258	3.48925018310547
15.251583	0.080875001847744	15.257816	3.49037528038025
15.274135	0.0798750072717667	15.280373	3.49150013923645
15.296693	0.0812500044703484	15.302926	3.49125027656555
15.319249	0.0793750062584877	15.325481	3.49062514305115
15.341806	0.078125	15.348038	3.4905002117157
15.364386	0.0788750052452087	15.370624	3.49087524414062
15.386936	0.0802500024437904	15.393169	3.49212527275085
15.409494	0.0807500034570694	15.415726	3.49400019645691
15.432049	0.0813750028610229	15.438277	3.49562525749207
15.454599	0.0790000036358833	15.460837	3.49600005149841
15.477156	0.0793750062584877	15.483389	3.49600005149841
15.49973	0.0782500058412552	15.505959	3.49475026130676
15.522296	0.0798750072717667	15.528563	3.49475026130676
15.544891	0.0832500010728836	15.551124	3.49562525749207
15.567444	0.0795000046491623	15.573677	3.49762511253357
15.590004	0.0802500024437904	15.596236	3.49925017356873
15.61256	0.0852500051259995	15.618793	3.50012516975403
15.635112	0.0795000046491623	15.641345	3.5006251335144
15.657657	0.0796250030398369	15.663906	3.4997501373291
15.680225	0.0801250040531158	15.686457	3.49925017356873
15.702781	0.0801250040531158	15.709026	3.49825024604797
15.725344	0.0806250050663948	15.731582	3.50000023841858
15.747901	0.080875001847744	15.754134	3.50137519836426
15.770458	0.0790000036358833	15.77669	3.50362515449524
15.793029	0.0818750038743019	15.799267	3.50512528419495
15.815585	0.080375000834465	15.821822	3.5052502155304
15.838178	0.080875001847744	15.844417	3.50375008583069
15.860741	0.080375000834465	15.866985	3.50400018692017
15.883335	0.0801250040531158	15.889573	3.50400018692017
15.905884	0.080375000834465	15.912116	3.50500011444092
15.928452	0.0798750072717667	15.934685	3.507000207901
15.95101	0.083125002682209	15.957242	3.50825023651123
15.973563	0.080875001847744	15.9798	3.50912523269653
15.996119	0.0813750028610229	16.002357	3.50975012779236
16.018677	0.0802500024437904	16.024909	3.50850009918213
16.041233	0.0795000046491623	16.047466	3.5081250667572
16.063795	0.0810000002384186	16.070032	3.50875020027161
16.08635	0.0811250060796738	16.092587	3.50987505912781
16.108908	0.0805000066757202	16.11514	3.51175022125244
16.131464	0.0820000022649765	16.137696	3.51262521743774
16.154015	0.0817500054836273	16.160253	3.51400017738342
16.176571	0.0807500034570694	16.182804	3.51250004768372
16.199128	0.0807500034570694	16.20536	3.51287508010864
16.221684	0.0783750042319298	16.227916	3.51212525367737
16.244237	0.0806250050663948	16.250474	3.51312518119812
16.266793	0.080375000834465	16.273034	3.51487517356873
16.289359	0.080375000834465	16.295591	3.5162501335144
16.311915	0.0820000022649765	16.318158	3.51737523078918
16.334476	0.0805000066757202	16.340714	3.51775026321411
16.357034	0.0805000066757202	16.363271	3.51725006103516
16.379596	0.0807500034570694	16.385829	3.51650023460388
16.402151	0.0800000056624413	16.408384	3.51637506484985
16.424704	0.0812500044703484	16.430941	3.51687526702881
16.447262	0.080875001847744	16.45352	3.51887512207031
16.469845	0.0821250006556511	16.476072	3.52000021934509
16.492423	0.0826250016689301	16.498685	3.52162528038025
16.51501	0.0821250006556511	16.521238	3.52212524414062
16.53756	0.0806250050663948	16.543795	3.52075028419495
16.560116	0.0807500034570694	16.566348	3.52062511444092
16.582671	0.0810000002384186	16.588911	3.52000021934509
16.605232	0.0815000012516975	16.611465	3.5208752155304
16.627787	0.0821250006556511	16.63402	3.5228750705719
16.650339	0.0867500007152557	16.656573	3.52400016784668
16.672894	0.0821250006556511	16.679127	3.52525019645691
16.695446	0.0812500044703484	16.701678	3.52537512779236
16.717996	0.0820000022649765	16.724229	3.52425026893616
16.740568	0.0813750028610229	16.7468	3.52300024032593
16.763129	0.0816250070929527	16.769362	3.52325010299683
16.785683	0.0812500044703484	16.79192	3.52525019645691
16.808253	0.0811250060796738	16.814486	3.52612519264221
16.83081	0.0841250047087669	16.837042	3.52800011634827
16.853362	0.0822500064969063	16.8596	3.52850008010864
16.875949	0.0810000002384186	16.882187	3.52762508392334
16.898511	0.0813750028610229	16.904743	3.52675008773804
16.921074	0.0807500034570694	16.927302	3.52625012397766
16.943645	0.080875001847744	16.949883	3.52650022506714
16.966204	0.0815000012516975	16.972441	3.52775025367737
16.988764	0.0818750038743019	16.994996	3.5292501449585
17.01132	0.0838750004768372	17.017554	3.53150010108948
17.033897	0.0812500044703484	17.040135	3.5310001373291
17.056454	0.0810000002384186	17.062687	3.5301251411438
17.079005	0.0822500064969063	17.085237	3.52962517738342
17.101562	0.0817500054836273	17.107794	3.52875018119812
17.124119	0.0820000022649765	17.130357	3.52912521362305
17.146695	0.0825000032782555	17.152927	3.5307502746582
17.169247	0.0821250006556511	17.175479	3.53162527084351
17.191804	0.083125002682209	17.198036	3.53275012969971
17.214355	0.0821250006556511	17.220593	3.53300023078918
17.236913	0.0816250070929527	17.243146	3.53250026702881
17.25947	0.0805000066757202	17.265702	3.53162527084351
17.282017	0.0817500054836273	17.288252	3.53050017356873
17.304572	0.0812500044703484	17.310809	3.53137516975403
17.32713	0.0793750062584877	17.333363	3.53287506103516
17.349699	0.0827500075101852	17.355932	3.53412508964539
17.37226	0.0838750004768372	17.378492	3.53537511825562
17.394812	0.0820000022649765	17.40105	3.53475022315979
17.417368	0.0816250070929527	17.423614	3.53412508964539
17.439935	0.0815000012516975	17.446168	3.53300023078918
17.462492	0.0815000012516975	17.468741	3.53250026702881
17.48506	0.0828750059008598	17.491293	3.53362512588501
17.50763	0.0818750038743019	17.513863	3.53475022315979
17.530191	0.083625003695488	17.536419	3.53612518310547
17.552792	0.0828750059008598	17.559028	3.53675007820129
17.575348	0.0812500044703484	17.581586	3.53562521934509
17.597908	0.0820000022649765	17.60414	3.53525018692017
17.620464	0.0813750028610229	17.626697	3.53387522697449
17.643035	0.0813750028610229	17.649272	3.53412508964539
17.66559	0.0820000022649765	17.671828	3.53475022315979
17.688164	0.0816250070929527	17.694398	3.53600025177002
17.71072	0.0840000063180923	17.716952	3.53725028038025
17.733276	0.0830000042915344	17.73951	3.53800010681152
17.755828	0.0815000012516975	17.762065	3.53712511062622
17.778386	0.0817500054836273	17.78462	3.53625011444092
17.80094	0.0817500054836273	17.807173	3.53462505340576
17.823523	0.0822500064969063	17.829756	3.53475022315979
17.846075	0.0820000022649765	17.852313	3.53612518310547
17.868658	0.0818750038743019	17.874891	3.53800010681152
17.891219	0.0866250023245811	17.897451	3.53837513923645
17.913802	0.0827500075101852	17.92004	3.53875017166138
17.936362	0.0823750048875809	17.9426	3.53812527656555
17.958938	0.0833750069141388	17.965171	3.53675007820129
17.981496	0.0855000019073486	17.987728	3.53625011444092
18.004049	0.0826250016689301	18.010287	3.53750014305115
18.026606	0.0823750048875809	18.032838	3.53750014305115
18.049168	0.083125002682209	18.055401	3.5393750667572
18.071738	0.0842500030994415	18.07797	3.53975009918213
18.094295	0.0825000032782555	18.100532	3.53962516784668
18.116854	0.0821250006556511	18.123087	3.5391252040863
18.139412	0.0821250006556511	18.145645	3.53687524795532
18.16197	0.0801250040531158	18.168204	3.53775024414062
18.184523	0.083625003695488	18.190761	3.538250207901
18.207079	0.0827500075101852	18.213324	3.53975009918213
18.229648	0.0832500010728836	18.235881	3.54062509536743
18.252205	0.0842500030994415	18.258454	3.54137516021729
18.274787	0.0832500010728836	18.281024	3.54050016403198
18.297344	0.0825000032782555	18.303577	3.54012513160706
18.319903	0.0823750048875809	18.326135	3.53925013542175
18.342459	0.0827500075101852	18.348692	3.53862524032593
18.365015	0.0832500010728836	18.371254	3.53925013542175
18.387573	0.0818750038743019	18.393806	3.54037523269653
18.410131	0.0848750025033951	18.416363	3.54225015640259
18.432683	0.0842500030994415	18.438937	3.54237508773804
18.455256	0.0823750048875809	18.461494	3.54225015640259
18.477816	0.083125002682209	18.484054	3.54037523269653
18.500398	0.0832500010728836	18.506632	3.54037523269653
18.522954	0.0823750048875809	18.529193	3.54000020027161
18.545514	0.0821250006556511	18.551752	3.54087519645691
18.568074	0.0837500020861626	18.574308	3.54250025749207
18.590633	0.0855000019073486	18.596865	3.54387521743774
18.613185	0.0837500020861626	18.619422	3.54400014877319
18.635739	0.0828750059008598	18.641977	3.54312515258789
18.658296	0.0825000032782555	18.664528	3.54162526130676
18.680856	0.0841250047087669	18.687089	3.54137516021729
18.703416	0.0841250047087669	18.709653	3.54262518882751
18.725975	0.0837500020861626	18.732213	3.54262518882751
18.74854	0.0833750069141388	18.754774	3.54450011253357
18.771096	0.0851250067353249	18.777328	3.54525017738342
18.793646	0.083625003695488	18.799883	3.5455002784729
18.816201	0.083125002682209	18.822439	3.5448751449585
18.838757	0.0830000042915344	18.84499	3.54337525367737
18.861312	0.0823750048875809	18.867551	3.54312515258789
18.883926	0.0837500020861626	18.890166	3.54337525367737
18.906481	0.0828750059008598	18.91273	3.54450011253357
18.929053	0.0855000019073486	18.935286	3.54600024223328
18.951609	0.0848750025033951	18.957841	3.54712510108948
18.974162	0.0841250047087669	18.980395	3.54712510108948
18.996714	0.0830000042915344	19.002946	3.54625010490417
19.019276	0.083125002682209	19.025508	3.54512524604797
19.041843	0.0830000042915344	19.048076	3.54537510871887
19.064397	0.0828750059008598	19.070635	3.54537510871887
19.086955	0.0835000053048134	19.093188	3.54687523841858
19.109513	0.0856250077486038	19.115745	3.54812526702881
19.132071	0.0850000008940697	19.138304	3.54912519454956
19.154624	0.0820000022649765	19.160861	3.54887509346008
19.177181	0.0827500075101852	19.183414	3.54712510108948
19.199738	0.0827500075101852	19.20597	3.54700016975403
19.222294	0.0826250016689301	19.228538	3.54737520217896
19.244859	0.0828750059008598	19.251097	3.54737520217896
19.267416	0.0832500010728836	19.273649	3.54912519454956
19.289976	0.0856250077486038	19.296208	3.55012512207031
19.312532	0.0845000073313713	19.318765	3.55050015449524
19.335085	0.0833750069141388	19.341321	3.55050015449524
19.35763	0.083625003695488	19.363869	3.54975008964539
19.380194	0.0815000012516975	19.386426	3.54887509346008
19.402745	0.0835000053048134	19.408978	3.54912519454956
19.425296	0.083625003695488	19.431534	3.54962515830994
19.447868	0.0842500030994415	19.454101	3.55175018310547
19.470415	0.085375003516674	19.476647	3.55225014686584
19.492995	0.0848750025033951	19.499244	3.55275011062622
19.515568	0.0851250067353249	19.521807	3.55262517929077
19.538163	0.0837500020861626	19.544402	3.55150008201599
19.560727	0.0840000063180923	19.56696	3.55062508583069
19.583279	0.0837500020861626	19.589517	3.55075025558472
19.605838	0.0837500020861626	19.612076	3.55162525177002
19.628396	0.085875004529953	19.634633	3.55287528038025
19.650973	0.085375003516674	19.657205	3.55450010299683
19.673525	0.0826250016689301	19.679758	3.5550000667572
19.696077	0.0835000053048134	19.702314	3.55425024032593
19.718648	0.0825000032782555	19.724881	3.55337524414062
19.741205	0.0813750028610229	19.747438	3.55262517929077
19.763755	0.0828750059008598	19.769993	3.5530002117157
19.786312	0.083625003695488	19.792549	3.55450010299683
19.80887	0.0851250067353249	19.815102	3.55537509918213
19.831426	0.0861250013113022	19.837658	3.55712509155273
19.853993	0.0827500075101852	19.86023	3.55650019645691
19.876579	0.0835000053048134	19.882812	3.5550000667572
19.899141	0.0830000042915344	19.905374	3.5547502040863
19.921698	0.080375000834465	19.927931	3.55437517166138
19.94425	0.0845000073313713	19.950487	3.55525016784668
19.966807	0.0847500041127205	19.973045	3.55675005912781
19.989367	0.0832500010728836	19.9956	3.55787515640259
20.011922	0.085375003516674	20.018162	3.55875015258789
20.034483	0.0815000012516975	20.040721	3.55800008773804
20.057045	0.0838750004768372	20.063279	3.55737519264221
20.0796	0.083125002682209	20.085833	3.55650019645691
20.102153	0.0833750069141388	20.108386	3.55637526512146
20.124707	0.0818750038743019	20.130944	3.55687522888184
20.147279	0.0845000073313713	20.153517	3.55900025367737
20.169837	0.0843750014901161	20.17607	3.56012511253357
20.192395	0.0838750004768372	20.198644	3.5605001449585
20.214963	0.0842500030994415	20.2212	3.55987524986267
20.237521	0.0827500075101852	20.243754	3.55875015258789
20.260078	0.0832500010728836	20.266311	3.55812525749207
20.28265	0.0852500051259995	20.288883	3.55812525749207
20.305202	0.0848750025033951	20.31144	3.55937528610229
20.327762	0.0841250047087669	20.333995	3.56075024604797
20.35032	0.0862500071525574	20.356552	3.5620002746582
20.37288	0.0838750004768372	20.379137	3.56262516975403
20.395457	0.0841250047087669	20.401694	3.5613751411438
20.418014	0.083625003695488	20.424246	3.5605001449585
20.44057	0.0828750059008598	20.446803	3.55975008010864
20.463124	0.0830000042915344	20.469362	3.56000018119812
20.485697	0.0833750069141388	20.491948	3.5613751411438
20.508273	0.0843750014901161	20.514508	3.56262516975403
20.530827	0.086375005543232	20.53706	3.56350016593933
20.55338	0.0835000053048134	20.559619	3.56387519836426
20.575944	0.0861250013113022	20.582182	3.56300020217896
20.598503	0.0822500064969063	20.604736	3.5620002746582
20.62106	0.0830000042915344	20.627292	3.56175017356873
20.643633	0.0852500051259995	20.64987	3.56162524223328
20.666194	0.0835000053048134	20.672432	3.56362509727478
20.688751	0.0852500051259995	20.694983	3.56437516212463
20.711308	0.085875004529953	20.717541	3.56550025939941
20.733859	0.0860000029206276	20.740096	3.56525015830994
20.756416	0.0846250057220459	20.762649	3.56400012969971
20.778969	0.0840000063180923	20.785201	3.5631251335144
20.801525	0.0833750069141388	20.807757	3.56287527084351
20.824076	0.0837500020861626	20.830313	3.56375026702881
20.846634	0.0848750025033951	20.852867	3.56500005722046
20.869226	0.0865000039339066	20.875466	3.56612515449524
20.891796	0.085375003516674	20.898028	3.56675028800964
20.914348	0.0850000008940697	20.920586	3.56625008583069
20.936905	0.0835000053048134	20.943138	3.56575012207031
20.959462	0.0833750069141388	20.965695	3.56500005722046
20.98202	0.0825000032782555	20.988256	3.56437516212463
21.004575	0.0837500020861626	21.010812	3.56537508964539
21.027131	0.0837500020861626	21.033369	3.56650018692017
21.049697	0.0856250077486038	21.05593	3.56762528419495
21.072251	0.0847500041127205	21.078484	3.56837511062622
21.094804	0.0843750014901161	21.101041	3.56725025177002
21.117363	0.0846250057220459	21.123612	3.56700015068054
21.139932	0.0841250047087669	21.146165	3.56575012207031
21.162484	0.0857500061392784	21.168717	3.56562519073486
21.185036	0.0833750069141388	21.191274	3.56712508201599
21.207598	0.0845000073313713	21.21383	3.5677502155304
21.230155	0.0857500061392784	21.236387	3.56937527656555
21.252708	0.0852500051259995	21.258941	3.56925010681152
21.275261	0.0847500041127205	21.281498	3.5688750743866
21.297818	0.0842500030994415	21.304051	3.56787514686584
21.320375	0.0838750004768372	21.326607	3.56687521934509
21.34293	0.0856250077486038	21.349167	3.56712508201599
21.365492	0.0838750004768372	21.371729	3.56850028038025
21.388052	0.0855000019073486	21.394285	3.56925010681152
21.410609	0.086375005543232	21.416842	3.57075023651123
21.433162	0.0848750025033951	21.439395	3.5706250667572
21.455715	0.0846250057220459	21.461952	3.57012510299683
21.478271	0.0842500030994415	21.484504	3.56850028038025
21.500855	0.0835000053048134	21.507088	3.5677502155304
21.52345	0.0883750021457672	21.529689	3.5686252117157
21.54601	0.0847500041127205	21.552247	3.5697500705719
21.568579	0.0856250077486038	21.574812	3.57087516784668
21.591137	0.0860000029206276	21.597365	3.57175016403198
21.613714	0.0855000019073486	21.619953	3.57187509536743
21.636274	0.0847500041127205	21.642511	3.5703752040863
21.658832	0.0837500020861626	21.665065	3.56912517547607
21.681381	0.0842500030994415	21.687615	3.56937527656555
21.703934	0.0847500041127205	21.710172	3.5703752040863
21.72649	0.0845000073313713	21.732723	3.57112526893616
21.749058	0.086375005543232	21.75529	3.57275009155273
21.771614	0.0861250013113022	21.777846	3.57300019264221
21.794191	0.0841250047087669	21.800429	3.57237505912781
21.816748	0.0846250057220459	21.822981	3.57200026512146
21.839305	0.0847500041127205	21.845538	3.5703752040863
21.861863	0.0842500030994415	21.868101	3.57025027275085
21.884428	0.089125007390976	21.890666	3.57100009918213
21.906998	0.0841250047087669	21.913226	3.57237505912781
21.929555	0.086375005543232	21.935787	3.57350015640259
21.952106	0.085375003516674	21.958339	3.57412505149841
21.97466	0.0850000008940697	21.980897	3.57325005531311
21.997216	0.0868750065565109	22.003449	3.57237505912781
22.019774	0.088625006377697	22.026007	3.57162523269653
22.042332	0.0888750031590462	22.048564	3.57125020027161
22.064883	0.0852500051259995	22.071121	3.57275009155273
22.08744	0.0850000008940697	22.093679	3.57375025749207
22.110007	0.0866250023245811	22.11624	3.57512521743774
22.13256	0.0847500041127205	22.138793	3.57525014877319
22.155114	0.0840000063180923	22.161351	3.57400012016296
22.177673	0.0842500030994415	22.183908	3.57262516021729
22.200231	0.0845000073313713	22.206463	3.57237505912781
22.222783	0.0855000019073486	22.229033	3.57225012779236
22.245352	0.0856250077486038	22.25159	3.57400012016296
22.267911	0.0862500071525574	22.274144	3.57537508010864
22.290469	0.0865000039339066	22.296701	3.5761251449585
22.313038	0.0852500051259995	22.319275	3.5758752822876
22.335595	0.0855000019073486	22.341833	3.57462525367737
22.358163	0.0841250047087669	22.364401	3.57350015640259
22.380726	0.0846250057220459	22.386959	3.57325005531311
22.403283	0.0845000073313713	22.40952	3.57437515258789
22.42584	0.0835000053048134	22.432077	3.57475018501282
22.448395	0.0860000029206276	22.454627	3.57650017738342
22.470967	0.0861250013113022	22.477195	3.57687520980835
22.49354	0.0892500057816505	22.499775	3.5761251449585
22.5161	0.085375003516674	22.522328	3.57537508010864
22.538651	0.0850000008940697	22.544884	3.57450008392334
22.561208	0.0868750065565109	22.567441	3.57425022125244
22.583762	0.0893750041723251	22.589999	3.57500028610229
22.60632	0.0852500051259995	22.612557	3.57637524604797
22.628876	0.0875000059604645	22.635103	3.57725024223328
22.65143	0.0857500061392784	22.657663	3.57812523841858
22.673999	0.0846250057220459	22.680236	3.57737517356873
22.696547	0.085375003516674	22.70278	3.57687520980835
22.719092	0.0861250013113022	22.72533	3.57512521743774
22.741654	0.0856250077486038	22.747887	3.57550024986267
22.764206	0.0850000008940697	22.770444	3.5758752822876
22.786762	0.0846250057220459	22.792995	3.5770001411438
22.809319	0.0872500017285347	22.815551	3.57837510108948
22.831874	0.085375003516674	22.838106	3.57837510108948
22.854406	0.0848750025033951	22.860639	3.57825016975403
22.876986	0.0843750014901161	22.88322	3.57687520980835
22.899549	0.0841250047087669	22.905781	3.57625007629395
22.922107	0.0850000008940697	22.92834	3.5758752822876
22.944663	0.0855000019073486	22.9509	3.5770001411438
22.96722	0.0857500061392784	22.973453	3.57850027084351
22.989777	0.0870000049471855	22.996009	3.57950019836426
23.012333	0.0857500061392784	23.018566	3.57962512969971
23.034887	0.0851250067353249	23.041125	3.57887506484985
23.057445	0.0851250067353249	23.063678	3.57712507247925
23.080004	0.0846250057220459	23.086236	3.5767502784729
23.10256	0.0845000073313713	23.108793	3.57712507247925
23.125112	0.0846250057220459	23.13135	3.5778751373291
23.14767	0.0850000008940697	23.153904	3.57962512969971
23.170228	0.0866250023245811	23.176462	3.58037519454956
23.19278	0.0868750065565109	23.199025	3.58000016212463
23.215344	0.0857500061392784	23.221577	3.57950019836426
23.237898	0.083625003695488	23.244131	3.57825016975403
23.260452	0.0847500041127205	23.266684	3.57800006866455
23.283028	0.0850000008940697	23.289265	3.57837510108948
23.305587	0.0847500041127205	23.31182	3.57925009727478
23.328157	0.0867500007152557	23.33439	3.58062505722046
23.350711	0.0872500017285347	23.356943	3.58162522315979
23.373271	0.0846250057220459	23.379509	3.58075022697449
23.395844	0.0852500051259995	23.402081	3.57987523078918
23.418402	0.0851250067353249	23.424634	3.57862520217896
23.440959	0.0852500051259995	23.447192	3.57862520217896
23.463516	0.0856250077486038	23.469753	3.57962512969971
23.486073	0.0855000019073486	23.492335	3.58050012588501
23.508674	0.0895000025629997	23.514908	3.58175015449524
23.531243	0.0868750065565109	23.537477	3.58250021934509
23.553799	0.0857500061392784	23.560038	3.58162522315979
23.576374	0.0852500051259995	23.582607	3.57975006103516
23.598943	0.0851250067353249	23.605176	3.57937526702881
23.621501	0.0848750025033951	23.627734	3.57937526702881
23.644054	0.0852500051259995	23.650286	3.58000016212463
23.666605	0.085875004529953	23.672833	3.58087515830994
23.689161	0.0870000049471855	23.695393	3.58275008201599
23.711718	0.086375005543232	23.71795	3.58275008201599
23.734283	0.088625006377697	23.74052	3.58200025558472
23.756832	0.0851250067353249	23.76307	3.58075022697449
23.779397	0.0845000073313713	23.785629	3.58025026321411
23.801952	0.0856250077486038	23.808185	3.58000016212463
23.824503	0.0856250077486038	23.83074	3.58137512207031
23.847058	0.0851250067353249	23.853291	3.58250021934509
23.869634	0.0872500017285347	23.875866	3.58362507820129
23.892208	0.0856250077486038	23.89845	3.5833752155304
23.91477	0.0882500037550926	23.921004	3.58287525177002
23.937326	0.0845000073313713	23.943558	3.58162522315979
23.959882	0.0847500041127205	23.966115	3.58037519454956
23.98244	0.0843750014901161	23.988673	3.58100008964539
24.004991	0.085375003516674	24.011229	3.58175015449524
24.027547	0.0873750075697899	24.033794	3.58325028419495
24.050119	0.0868750065565109	24.056351	3.5842502117157
24.072673	0.0860000029206276	24.078906	3.58400011062622
24.095226	0.0855000019073486	24.101458	3.58275008201599
24.117778	0.083625003695488	24.124011	3.58187508583069
24.140336	0.0851250067353249	24.146568	3.58075022697449
24.162888	0.0855000019073486	24.169126	3.58150005340576
24.185446	0.0855000019073486	24.191683	3.58312511444092
24.208002	0.0871250033378601	24.214234	3.58400011062622
24.230558	0.0873750075697899	24.23679	3.58500027656555
24.25313	0.0868750065565109	24.259362	3.58462524414062
24.275683	0.085875004529953	24.281921	3.58325028419495
24.298255	0.0848750025033951	24.304488	3.58262515068054
24.320814	0.0848750025033951	24.327048	3.58200025558472
24.343365	0.0845000073313713	24.349598	3.58250021934509
24.365922	0.0845000073313713	24.37216	3.58375024795532
24.388495	0.0871250033378601	24.394728	3.58500027656555
24.411053	0.0873750075697899	24.417285	3.58550024032593
24.433613	0.0860000029206276	24.439851	3.58500027656555
24.45617	0.0857500061392784	24.462407	3.5833752155304
24.478746	0.085375003516674	24.484978	3.58287525177002
24.50133	0.086375005543232	24.507564	3.58312511444092
24.523902	0.0856250077486038	24.530135	3.5833752155304
24.54647	0.0852500051259995	24.552703	3.58500027656555
24.569038	0.0885000005364418	24.57527	3.58575010299683
24.59159	0.085875004529953	24.597828	3.5862500667572
24.61415	0.0860000029206276	24.620388	3.5860002040863
24.636707	0.0846250057220459	24.642939	3.58437514305115
24.659265	0.0852500051259995	24.665498	3.58375024795532
24.681822	0.0857500061392784	24.688054	3.58375024795532
24.704399	0.0852500051259995	24.710636	3.58500027656555
24.726959	0.085875004529953	24.733192	3.58587527275085
24.749516	0.0901250019669533	24.755749	3.58675026893616
24.772076	0.0852500051259995	24.778309	3.58675026893616
24.794619	0.085375003516674	24.800852	3.5853750705719
24.817173	0.0846250057220459	24.823413	3.58475017547607
24.839737	0.0856250077486038	24.84597	3.58350014686584
24.862295	0.0855000019073486	24.868547	3.58412528038025
24.884871	0.0857500061392784	24.891109	3.5860002040863
24.907433	0.0871250033378601	24.913665	3.58687520027161
24.929989	0.0870000049471855	24.936222	3.58737516403198
24.952549	0.0862500071525574	24.958783	3.58725023269653
24.975103	0.085875004529953	24.981341	3.58550024032593
24.99766	0.085875004529953	25.003904	3.58500027656555
25.020228	0.085375003516674	25.02646	3.5842502117157
25.042779	0.085375003516674	25.049031	3.58500027656555
25.065351	0.0876250043511391	25.071589	3.58662509918213
25.087908	0.0870000049471855	25.09414	3.58737516403198
25.110479	0.0871250033378601	25.116711	3.58812522888184
25.133032	0.0865000039339066	25.139269	3.58837509155273
25.15559	0.0851250067353249	25.161828	3.58637523651123
25.178162	0.0847500041127205	25.184395	3.58562517166138
25.20072	0.0847500041127205	25.206953	3.58462524414062
25.223272	0.0861250013113022	25.22951	3.58550024032593
25.245829	0.0851250067353249	25.252066	3.58737516403198
25.268386	0.0856250077486038	25.274619	3.58800005912781
25.290947	0.0867500007152557	25.29718	3.58862519264221
25.313512	0.085375003516674	25.319745	3.58737516403198
25.336067	0.0857500061392784	25.342299	3.58662509918213
25.358641	0.0832500010728836	25.364879	3.58637523651123
25.381201	0.0872500017285347	25.387434	3.58587527275085
25.403754	0.0822500064969063	25.409986	3.58700013160706
25.426306	0.0870000049471855	25.432538	3.58787512779236
25.448859	0.0871250033378601	25.455092	3.58900022506714
25.471417	0.0872500017285347	25.477651	3.58937525749207
25.494005	0.0885000005364418	25.500248	3.58800005912781
25.516568	0.085875004529953	25.522808	3.5871250629425
25.539147	0.0846250057220459	25.54538	3.58612513542175
25.561705	0.0862500071525574	25.567938	3.5862500667572
25.584257	0.0856250077486038	25.590495	3.58737516403198
25.606815	0.0872500017285347	25.613048	3.58862519264221
25.629379	0.0878750011324883	25.635612	3.59025025367737
25.651937	0.0862500071525574	25.65817	3.58962512016296
25.67449	0.086375005543232	25.680727	3.58825016021729
25.697046	0.0857500061392784	25.703279	3.58787512779236
25.719604	0.0848750025033951	25.725837	3.58650016784668
25.74216	0.0880000069737434	25.748393	3.58687520027161
25.764715	0.0848750025033951	25.770953	3.58825016021729
25.787272	0.0875000059604645	25.793526	3.58900022506714
25.809865	0.0877500027418137	25.816097	3.59025025367737
25.832421	0.086375005543232	25.838665	3.59050011634827
25.854987	0.0847500041127205	25.861224	3.58850026130676
25.877572	0.0848750025033951	25.883817	3.58737516403198
25.900144	0.0855000019073486	25.906377	3.58700013160706
25.922697	0.0860000029206276	25.928939	3.5871250629425
25.945259	0.085875004529953	25.951497	3.58862519264221
25.967815	0.088125005364418	25.974048	3.59025025367737
25.990377	0.0860000029206276	25.996609	3.59075021743774
26.012929	0.0852500051259995	26.019167	3.58987522125244
26.035489	0.085875004529953	26.041726	3.58900022506714
26.058046	0.085375003516674	26.06428	3.58800005912781
26.080605	0.0851250067353249	26.086838	3.58762526512146
26.103158	0.0856250077486038	26.109395	3.58862519264221
26.125714	0.0862500071525574	26.131947	3.59000015258789
26.148285	0.0875000059604645	26.154518	3.59025025367737
26.170843	0.085375003516674	26.177076	3.59112524986267
26.193414	0.0856250077486038	26.199652	3.59012508392334
26.215962	0.0867500007152557	26.222201	3.58925008773804
26.23854	0.085875004529953	26.244772	3.58775019645691
26.261096	0.0862500071525574	26.267329	3.58812522888184
26.283647	0.0867500007152557	26.289885	3.58950018882751
26.306203	0.0860000029206276	26.31244	3.59000015258789
26.328759	0.0883750021457672	26.334992	3.59137511253357
26.351315	0.0885000005364418	26.357548	3.59137511253357
26.373906	0.0875000059604645	26.380138	3.59037518501282
26.396459	0.0846250057220459	26.402703	3.58937525749207
26.419031	0.0862500071525574	26.425263	3.58862519264221
26.441591	0.0866250023245811	26.447824	3.58887505531311
26.46415	0.0867500007152557	26.470382	3.58975005149841
26.486702	0.0862500071525574	26.492965	3.5917501449585
26.509307	0.0883750021457672	26.515535	3.59212517738342
26.531857	0.0870000049471855	26.53809	3.59137511253357
26.554419	0.0862500071525574	26.560694	3.59075021743774
26.577118	0.085875004529953	26.583406	3.58975005149841
26.599777	0.0856250077486038	26.606013	3.58887505531311
26.622352	0.0906250029802322	26.628849	3.58912515640259
26.645278	0.0862500071525574	26.651565	3.59075021743774
26.667987	0.0876250043511391	26.674268	3.5915002822876
26.69065	0.0872500017285347	26.696902	3.59225010871887
26.713275	0.0862500071525574	26.719549	3.59162521362305
26.735962	0.0862500071525574	26.742238	3.59012508392334
26.758732	0.0862500071525574	26.765013	3.58937525749207
26.781478	0.0861250013113022	26.787757	3.58900022506714
26.804193	0.085375003516674	26.810466	3.59050011634827
26.826858	0.0872500017285347	26.833099	3.59162521362305
26.849447	0.0880000069737434	26.855729	3.5926251411438
26.872177	0.0862500071525574	26.878507	3.59250020980835
26.894922	0.0861250013113022	26.901193	3.59100008010864
26.917538	0.0850000008940697	26.923779	3.59012508392334
26.940207	0.0847500041127205	26.94649	3.58950018882751
26.962939	0.0860000029206276	26.969256	3.59037518501282
26.985657	0.0856250077486038	26.991939	3.59162521362305
27.008353	0.0877500027418137	27.014638	3.59287524223328
27.031057	0.0862500071525574	27.037383	3.59362506866455
27.053856	0.0865000039339066	27.060105	3.59187507629395
27.076435	0.0857500061392784	27.082748	3.59000015258789
27.099234	0.0892500057816505	27.10551	3.58937525749207
27.121908	0.0855000019073486	27.128214	3.59012508392334
27.144558	0.0861250013113022	27.150827	3.59212517738342
27.167245	0.0875000059604645	27.173505	3.59287524223328
27.189844	0.0878750011324883	27.196115	3.59337520599365
27.212554	0.0866250023245811	27.218833	3.59287524223328
27.235225	0.0840000063180923	27.241515	3.5915002822876
27.258055	0.086375005543232	27.264384	3.59000015258789
27.280818	0.0860000029206276	27.287097	3.59075021743774
27.303567	0.0872500017285347	27.309861	3.59137511253357
27.326314	0.0876250043511391	27.33263	3.5923752784729
27.349107	0.0872500017285347	27.355395	3.5935001373291
27.371818	0.0868750065565109	27.378115	3.5932502746582
27.394638	0.0865000039339066	27.400931	3.59212517738342
27.417293	0.0857500061392784	27.423529	3.59037518501282
27.439956	0.085875004529953	27.446288	3.59000015258789
27.462814	0.0871250033378601	27.469093	3.59100008010864
27.485454	0.0865000039339066	27.491689	3.59275007247925
27.508013	0.0888750031590462	27.514292	3.59375023841858
27.530648	0.0882500037550926	27.536876	3.5935001373291
27.553198	0.0865000039339066	27.559435	3.59337520599365
27.575762	0.0875000059604645	27.581994	3.59112524986267
27.598316	0.086375005543232	27.604549	3.59112524986267
27.620894	0.085375003516674	27.627127	3.59025025367737
27.643451	0.088625006377697	27.649684	3.59200024604797
27.666006	0.0870000049471855	27.672238	3.59312510490417
27.688561	0.0877500027418137	27.694794	3.59412527084351
27.711119	0.0866250023245811	27.717351	3.59362506866455
27.73367	0.0870000049471855	27.739908	3.59362506866455
27.756243	0.0865000039339066	27.762481	3.59200024604797
27.778801	0.0846250057220459	27.78504	3.5915002822876
27.801364	0.086375005543232	27.807596	3.59137511253357
27.823916	0.0865000039339066	27.830153	3.59250020980835
27.846473	0.0866250023245811	27.852706	3.59337520599365
27.869027	0.0882500037550926	27.875259	3.59462523460388
27.891584	0.0862500071525574	27.897817	3.5943751335144
27.914131	0.0862500071525574	27.920368	3.59375023841858
27.93669	0.0857500061392784	27.942926	3.59200024604797
27.959252	0.0856250077486038	27.965484	3.5915002822876
27.98181	0.0868750065565109	27.988042	3.59200024604797
28.004387	0.0870000049471855	28.010624	3.59375023841858
28.026944	0.0888750031590462	28.033178	3.59425020217896
28.049502	0.0882500037550926	28.055734	3.59475016593933
28.072059	0.0897500067949295	28.078292	3.59425020217896
28.094611	0.0861250013113022	28.100848	3.59300017356873
28.117169	0.0852500051259995	28.123412	3.59200024604797
28.139737	0.085375003516674	28.145969	3.5923752784729
28.162294	0.0865000039339066	28.168537	3.59250020980835
28.184857	0.0862500071525574	28.191094	3.5932502746582
28.207415	0.088625006377697	28.213648	3.59450006484985
28.229972	0.0885000005364418	28.236204	3.59537506103516
28.252528	0.085375003516674	28.258761	3.59475016593933
28.27508	0.0867500007152557	28.281318	3.59312510490417
28.297639	0.0857500061392784	28.303895	3.59225010871887
28.32022	0.0842500030994415	28.326453	3.59200024604797
28.342773	0.0868750065565109	28.349005	3.5926251411438
28.365325	0.0870000049471855	28.371563	3.59475016593933
28.387881	0.0878750011324883	28.394114	3.59512519836426
28.410438	0.0878750011324883	28.41667	3.59575009346008
28.432989	0.0866250023245811	28.439226	3.59475016593933
28.455546	0.0862500071525574	28.461783	3.59312510490417
28.478101	0.0862500071525574	28.484344	3.5923752784729
28.500697	0.0867500007152557	28.50693	3.59250020980835
28.523252	0.0868750065565109	28.529481	3.59275007247925
28.545793	0.0903750061988831	28.552026	3.59425020217896
28.56835	0.0876250043511391	28.574588	3.59512519836426
28.590909	0.0866250023245811	28.597136	3.59525012969971
28.613457	0.0867500007152557	28.619694	3.59412527084351
28.636018	0.0866250023245811	28.642255	3.59300017356873
28.658576	0.0862500071525574	28.664809	3.59200024604797
28.681134	0.0862500071525574	28.687366	3.59225010871887
28.703702	0.0877500027418137	28.70994	3.59425020217896
28.726258	0.0877500027418137	28.732496	3.59462523460388
28.748814	0.0890000015497208	28.755046	3.59575009346008
28.77137	0.086375005543232	28.777602	3.59562516212463
28.793921	0.0866250023245811	28.800158	3.59487509727478
28.816477	0.0860000029206276	28.822709	3.5935001373291
28.839042	0.085875004529953	28.845275	3.59212517738342
28.861594	0.0873750075697899	28.867832	3.59287524223328
28.884159	0.0860000029206276	28.890397	3.59425020217896
28.906719	0.0872500017285347	28.912951	3.59550023078918
28.929276	0.088125005364418	28.93551	3.59587526321411
28.951835	0.0870000049471855	28.958062	3.59575009346008
28.974387	0.0870000049471855	28.980625	3.59412527084351
28.996944	0.0843750014901161	29.003178	3.59337520599365
29.019507	0.0862500071525574	29.02574	3.59287524223328
29.042065	0.0892500057816505	29.048298	3.59312510490417
29.064618	0.0873750075697899	29.070855	3.5943751335144
29.087174	0.0882500037550926	29.093412	3.59537506103516
29.109738	0.0880000069737434	29.115971	3.59637522697449
29.132294	0.0903750061988831	29.138537	3.59575009346008
29.154856	0.085375003516674	29.161093	3.59400010108948
29.177412	0.086375005543232	29.183645	3.5932502746582
29.199972	0.0866250023245811	29.206205	3.59275007247925
29.222529	0.0861250013113022	29.228761	3.5935001373291
29.24508	0.0871250033378601	29.251318	3.59512519836426
29.267637	0.0882500037550926	29.273894	3.59625005722046
29.290218	0.0876250043511391	29.296451	3.59650015830994
29.31277	0.0875000059604645	29.319003	3.59525012969971
29.335323	0.0868750065565109	29.34156	3.59475016593933
29.357879	0.0865000039339066	29.364111	3.59337520599365
29.380435	0.0866250023245811	29.386667	3.5935001373291
29.403	0.0867500007152557	29.409237	3.5943751335144
29.425556	0.0872500017285347	29.431793	3.59550023078918
29.448114	0.0890000015497208	29.454346	3.59662508964539
29.47067	0.0866250023245811	29.476902	3.59637522697449
29.493251	0.0862500071525574	29.499499	3.59562516212463
29.515823	0.0856250077486038	29.522061	3.59500026702881
29.538388	0.0857500061392784	29.544621	3.59337520599365
29.560947	0.0862500071525574	29.567179	3.5935001373291
29.583522	0.0865000039339066	29.589755	3.59462523460388
29.606086	0.0860000029206276	29.612325	3.59612512588501
29.628651	0.0892500057816505	29.634883	3.59750008583069
29.651209	0.0866250023245811	29.657447	3.59687519073486
29.67377	0.0867500007152557	29.680003	3.59512519836426
29.696326	0.0865000039339066	29.702559	3.59450006484985
29.718879	0.086375005543232	29.725112	3.5943751335144
29.741452	0.0857500061392784	29.747684	3.59387516975403
29.764005	0.0875000059604645	29.770238	3.59550023078918
29.786558	0.0876250043511391	29.79279	3.59637522697449
29.809129	0.0887500047683716	29.815361	3.59700012207031
29.831685	0.0871250033378601	29.837918	3.59675025939941
29.854236	0.0875000059604645	29.860473	3.59525012969971
29.876819	0.0862500071525574	29.883052	3.59450006484985
29.899385	0.0870000049471855	29.905617	3.59400010108948
