Time_sec1	Voltage_A0TG	Time_sec2	Voltage_A1TG
0	0.892250061035156	0.006233	3.61850023269653
0.022558	0.891375064849854	0.028808	3.61650013923645
0.045128	0.891875028610229	0.051366	3.61587524414062
0.067685	0.892000019550323	0.073918	3.616375207901
0.090259	0.891750037670135	0.096492	3.61800026893616
0.112819	0.891625046730042	0.119052	3.61900019645691
0.135373	0.891500055789948	0.14161	3.61887526512146
0.15793	0.891000032424927	0.164163	3.61875009536743
0.180489	0.891375064849854	0.186722	3.61700010299683
0.20304	0.893125057220459	0.209293	3.61675024032593
0.225612	0.891625046730042	0.231849	3.61625027656555
0.248169	0.891875028610229	0.254403	3.61712527275085
0.270726	0.891625046730042	0.276958	3.6183750629425
0.293281	0.892125070095062	0.299514	3.61900019645691
0.315833	0.891750037670135	0.322071	3.61912512779236
0.338419	0.891250014305115	0.344653	3.61850023269653
0.36098	0.891875028610229	0.367213	3.61712527275085
0.383532	0.891500055789948	0.389765	3.61612510681152
0.406092	0.891000032424927	0.412329	3.61600017547607
0.428662	0.891500055789948	0.434895	3.6172502040863
0.451214	0.892625033855438	0.457446	3.61850023269653
0.473816	0.893250048160553	0.48005	3.61900019645691
0.496382	0.891000032424927	0.50262	3.61912512779236
0.518944	0.891250014305115	0.525176	3.61825013160706
0.541501	0.891750037670135	0.547733	3.61700010299683
0.56406	0.892625033855438	0.570293	3.61600017547607
0.586625	0.891500055789948	0.592858	3.616375207901
0.609186	0.891500055789948	0.615419	3.6175000667572
0.631746	0.892500042915344	0.637979	3.61862516403198
0.654301	0.893250048160553	0.660538	3.61925005912781
0.676858	0.89237505197525	0.68309	3.61850023269653
0.699414	0.893375039100647	0.705646	3.61762523651123
0.721969	0.89537501335144	0.728202	3.6166250705719
0.744543	0.891625046730042	0.750781	3.6157500743866
0.7671	0.892250061035156	0.773334	3.61650013923645
0.789671	0.892250061035156	0.795903	3.61775016784668
0.812222	0.892250061035156	0.818454	3.61850023269653
0.834797	0.892750024795532	0.841054	3.61937522888184
0.857382	0.891750037670135	0.863615	3.61850023269653
0.879945	0.890125036239624	0.886178	3.61675024032593
0.902502	0.891125023365021	0.908735	3.616375207901
0.925054	0.890875041484833	0.931291	3.61587524414062
0.94761	0.891500055789948	0.953843	3.6166250705719
0.970191	0.892625033855438	0.976425	3.61800026893616
0.992751	0.892750024795532	0.998983	3.61875009536743
1.015307	0.892000019550323	1.021545	3.61925005912781
1.037865	0.892000019550323	1.044098	3.61862516403198
1.060423	0.890875041484833	1.066655	3.61675024032593
1.082996	0.892500042915344	1.089228	3.61587524414062
1.105547	0.891250014305115	1.111785	3.61587524414062
1.128104	0.890625059604645	1.134362	3.6166250705719
1.150699	0.89237505197525	1.156933	3.61800026893616
1.173253	0.892250061035156	1.17949	3.61875009536743
1.19581	0.890875041484833	1.202047	3.61887526512146
1.218367	0.891125023365021	1.224601	3.61700010299683
1.240924	0.891750037670135	1.247156	3.6166250705719
1.263484	0.891500055789948	1.269721	3.61600017547607
1.28604	0.892125070095062	1.292272	3.61600017547607
1.308613	0.890375018119812	1.314851	3.61700010299683
1.331174	0.891500055789948	1.337412	3.61862516403198
1.353739	0.892000019550323	1.359976	3.61925005912781
1.376296	0.892250061035156	1.382529	3.61862516403198
1.39885	0.891750037670135	1.405083	3.6172502040863
1.421405	0.892250061035156	1.427637	3.6166250705719
1.443958	0.891375064849854	1.450191	3.61525011062622
1.466546	0.895875036716461	1.472836	3.61612510681152
1.489193	0.891750037670135	1.495425	3.61762523651123
1.511746	0.891750037670135	1.517979	3.61812520027161
1.534302	0.891750037670135	1.54054	3.61862516403198
1.556858	0.892750024795532	1.563091	3.6183750629425
1.579415	0.892625033855438	1.585648	3.61687517166138
1.601971	0.893375039100647	1.608199	3.61350011825562
1.624544	0.890750050544739	1.630782	3.61050009727478
1.647106	0.799125015735626	1.653339	3.6080002784729
1.669676	0.69225001335144	1.675909	3.5935001373291
1.69223	0.605750024318695	1.698463	3.56062507629395
1.714787	0.523625016212463	1.721024	3.51100015640259
1.737345	0.452125012874603	1.743577	3.4436252117157
1.759903	0.384125024080276	1.766135	3.36862516403198
1.782459	0.324500024318695	1.788698	3.28312516212463
1.805019	0.269125014543533	1.811256	3.19762516021729
1.827575	0.224500015377998	1.833826	3.10700011253357
1.850169	0.18350000679493	1.856401	3.02100014686584
1.872727	0.150625005364418	1.87896	2.93162512779236
1.89528	0.118250004947186	1.901518	2.85050010681152
1.917837	0.0896250009536743	1.92407	2.76837515830994
1.940394	0.0608750022947788	1.946626	2.69600009918213
1.962944	0.0350000001490116	1.969193	2.62662506103516
1.985512	0.0123750008642673	1.991749	2.56825017929077
2.008068	0.000250000011874363	2.014301	2.51525020599365
2.030625	0.00250000017695129	2.036857	2.47112512588501
2.053199	0.004250000230968	2.059436	2.43037509918213
2.075756	0.0020000000949949	2.081994	2.39550018310547
2.098325	0.000500000023748726	2.104558	2.36225008964539
2.120881	-0.000750000006519258	2.127113	2.3345000743866
2.143433	0.000125000005937181	2.14967	2.30837512016296
2.165989	0.00112500006798655	2.172226	2.2873752117157
2.188545	0.000250000011874363	2.194778	2.26875019073486
2.211102	0.00262500019744039	2.217334	2.25300002098083
2.233677	0.00337500008754432	2.239915	2.23699998855591
2.256266	0.00137500010896474	2.262504	2.22212505340576
2.278822	0.00125000008847564	2.285054	2.20900011062622
2.301381	-0.00100000004749745	2.307614	2.19662499427795
2.323934	0.00112500006798655	2.330171	2.18687510490417
2.346499	0.00112500006798655	2.352737	2.1780002117157
2.369056	0.00100000004749745	2.375289	2.17087507247925
2.391614	0.00275000021792948	2.397846	2.16512513160706
2.414165	0.0020000000949949	2.420399	2.15799999237061
2.436721	0.00100000004749745	2.442953	2.15037512779236
2.459265	0.000375000003259629	2.465524	2.14487504959106
2.48185	0	2.488078	2.13912510871887
2.504414	0.000875000027008355	2.510653	2.13475012779236
2.526978	0.000750000006519258	2.533207	2.1313750743866
2.549524	0.00162500003352761	2.555756	2.12887501716614
2.572086	0.00587500026449561	2.578323	2.12674999237061
2.594642	0.00175000005401671	2.60088	2.12325000762939
2.617202	0.000250000011874363	2.623434	2.11912512779236
2.639759	-0.000375000003259629	2.645986	2.11650013923645
2.662314	-0.000375000003259629	2.668546	2.11262512207031
2.684867	0.000875000027008355	2.691105	2.11075019836426
2.707425	0.000500000023748726	2.713677	2.10987520217896
2.729998	0.00175000005401671	2.73623	2.10925006866455
2.75257	0.00262500019744039	2.758814	2.10800004005432
2.775125	0.002125000115484	2.781358	2.10650014877319
2.797679	0.00162500003352761	2.803912	2.10362505912781
2.820237	-0.00112500006798655	2.826469	2.10212516784668
2.842822	0.000125000005937181	2.849055	2.09937500953674
2.865375	-0.000500000023748726	2.871612	2.1001250743866
2.887933	-0.000375000003259629	2.894166	2.0990002155304
2.910496	0.00175000005401671	2.916729	2.09962511062622
2.933062	0.00250000017695129	2.9393	2.09837508201599
2.955621	0.00137500010896474	2.961858	2.09712505340576
2.978178	0.000500000023748726	2.984411	2.09512519836426
3.000736	0.00112500006798655	3.006969	2.0943751335144
3.023288	0	3.029526	2.0926251411438
3.045844	0.00100000004749745	3.052082	2.0935001373291
3.068415	0.000250000011874363	3.074653	2.0935001373291
3.090992	0.00237500015646219	3.097225	2.09425020217896
3.113545	0.00237500015646219	3.119778	2.09425020217896
3.136098	0.000375000003259629	3.142335	2.0926251411438
3.158654	0.000125000005937181	3.164887	2.09187507629395
3.181211	-0.00112500006798655	3.187444	2.09100008010864
3.203777	0.000250000011874363	3.210015	2.09037518501282
3.226333	0.000500000023748726	3.232571	2.09125018119812
3.248899	0.0020000000949949	3.255132	2.09237504005432
3.271469	0.00162500003352761	3.277701	2.09325003623962
3.29402	0.000750000006519258	3.300253	2.09250020980835
3.316573	0.000625000044237822	3.322811	2.0917501449585
3.339133	-0.000625000044237822	3.345366	2.09087514877319
3.36169	-0.000125000005937181	3.367923	2.09050011634827
3.384241	-0.000625000044237822	3.390479	2.09087514877319
3.406797	0.000125000005937181	3.413029	2.09275007247925
3.429353	0.00237500015646219	3.435586	2.09475016593933
3.451908	0.00300000002607703	3.458142	2.09700012207031
3.474493	0.00162500003352761	3.480727	2.09750008583069
3.49704	0	3.503322	2.09812498092651
3.519646	-0.000500000023748726	3.525876	2.09850001335144
3.542198	0.00112500006798655	3.548432	2.09925007820129
3.564752	0.000500000023748726	3.570985	2.10050010681152
3.587304	-0.00137500010896474	3.593542	2.10312509536743
3.609883	0.00625000009313226	3.616116	2.10925006866455
3.632438	0.00162500003352761	3.638677	2.11075019836426
3.654996	0.00162500003352761	3.661233	2.11050009727478
3.677553	0.00125000008847564	3.68378	2.11062502861023
3.700108	0.00100000004749745	3.70634	2.11137509346008
3.722659	0.00300000002607703	3.728901	2.11237502098083
3.745221	0.00287500023841858	3.751458	2.1155002117157
3.767768	0.00387500016950071	3.774006	2.11875009536743
3.790336	0.00675000017508864	3.796569	2.12487506866455
3.812906	0.0061250003054738	3.819138	2.12962508201599
3.835476	0.00450000027194619	3.841721	2.13450002670288
3.858043	0.00587500026449561	3.864276	2.14362502098083
3.880601	0.00587500026449561	3.886834	2.15925002098083
3.903155	0.00925000011920929	3.909392	2.1797502040863
3.925711	0.00750000029802322	3.931948	2.20137500762939
3.948267	0.0107500003650784	3.9545	2.21662521362305
3.970825	0.011875000782311	3.977058	2.22787499427795
3.993393	0.0105000007897615	3.99963	2.2341251373291
4.015951	0.00962500087916851	4.022188	2.23750019073486
4.03851	0.00950000062584877	4.044742	2.23950004577637
4.061066	0.00912500079721212	4.067298	2.24062514305115
4.083617	0.0150000005960464	4.089854	2.24262499809265
4.106175	0.012750000692904	4.112412	2.24537515640259
4.128732	0.0145000005140901	4.134965	2.24862504005432
4.151287	0.0155000006780028	4.15752	2.25075006484985
4.173842	0.0157500002533197	4.18008	2.25200009346008
4.196399	0.0143750002607703	4.202636	2.25250005722046
4.218955	0.0147500010207295	4.225188	2.25200009346008
4.241512	0.0148750003427267	4.247745	2.25400018692017
4.264065	0.016499999910593	4.270302	2.25650000572205
4.286621	0.0167500004172325	4.292854	2.25962519645691
4.309186	0.0181250013411045	4.315418	2.26262521743774
4.331742	0.0203750003129244	4.337975	2.26462507247925
4.354295	0.0186250004917383	4.360533	2.2664999961853
4.376865	0.0191250015050173	4.383097	2.26612520217896
4.399421	0.0191250015050173	4.405648	2.26637506484985
4.421973	0.0196250006556511	4.428206	2.26824998855591
4.444552	0.0185000002384186	4.450784	2.27300000190735
4.467136	0.0205000005662441	4.47337	2.27612519264221
4.489695	0.0233750008046627	4.495928	2.28050017356873
4.512261	0.0233750008046627	4.518495	2.28475022315979
4.534816	0.0227500014007092	4.541048	2.28787517547607
4.55737	0.0222500003874302	4.563603	2.29000020027161
4.579929	0.0230000019073486	4.586163	2.29175019264221
4.602483	0.0230000019073486	4.608718	2.29537510871887
4.625037	0.0240000002086163	4.631269	2.30075001716614
4.647588	0.0258750021457672	4.65382	2.30750012397766
4.670147	0.0270000007003546	4.67638	2.31762504577637
4.692705	0.0258750021457672	4.698938	2.32975006103516
4.715259	0.0260000005364418	4.721496	2.34450006484985
4.737817	0.0258750021457672	4.744065	2.36125016212463
4.76039	0.0262500010430813	4.766623	2.3811252117157
4.782942	0.0272500012069941	4.789192	2.40387511253357
4.805501	0.0278750006109476	4.811739	2.42650008201599
4.828059	0.0286250021308661	4.83431	2.44987511634827
4.850657	0.0306250005960464	4.85689	2.47162508964539
4.87321	0.0298750009387732	4.879447	2.49175000190735
4.895769	0.0295000020414591	4.902007	2.50987505912781
4.918327	0.0300000011920929	4.92456	2.52650022506714
4.940884	0.0303750019520521	4.947116	2.54100012779236
4.963435	0.0310000013560057	4.969673	2.55712509155273
4.985992	0.0315000005066395	4.992229	2.57050013542175
5.008548	0.0341250002384186	5.014781	2.58350014686584
5.031104	0.0347500033676624	5.037337	2.5943751335144
5.053679	0.0325000025331974	5.059917	2.60312509536743
5.076227	0.0332500003278255	5.082459	2.61075019836426
5.098801	0.032625000923872	5.105033	2.61700010299683
5.121356	0.034000001847744	5.127588	2.62412524223328
5.143907	0.034000001847744	5.150145	2.63212513923645
5.166463	0.0351250022649765	5.172701	2.63850021362305
5.18902	0.0372500009834766	5.195253	2.64487504959106
5.211575	0.0373750030994415	5.217813	2.65012502670288
5.234165	0.0392500013113022	5.240403	2.65437507629395
5.256715	0.0367499999701977	5.262947	2.6568751335144
5.279294	0.0355000011622906	5.285527	2.65987515449524
5.301852	0.0380000025033951	5.308084	2.66287517547607
5.324403	0.0365000031888485	5.330641	2.66675019264221
5.346962	0.0380000025033951	5.353196	2.67012500762939
5.369516	0.0400000028312206	5.375747	2.67350006103516
5.39207	0.0393750034272671	5.39832	2.67487502098083
5.414654	0.0381250008940697	5.420891	2.67587518692017
5.43721	0.0388750024139881	5.443443	2.67625021934509
5.459769	0.0388750024139881	5.466031	2.67650008201599
5.482372	0.0413750037550926	5.488617	2.67725014686584
5.504942	0.0401250012218952	5.51118	2.678875207901
5.527491	0.0412500016391277	5.533729	2.68025016784668
5.550056	0.0433750003576279	5.556288	2.68137502670288
5.572611	0.0415000021457672	5.578844	2.68175005912781
5.595173	0.0411250032484531	5.601411	2.68112516403198
5.617724	0.0408750027418137	5.623964	2.68062520027161
5.640286	0.0420000031590462	5.646518	2.68075013160706
5.662844	0.0426250025629997	5.669101	2.68250012397766
5.68542	0.0441250018775463	5.691652	2.68387508392334
5.707972	0.0440000034868717	5.714204	2.68575024604797
5.730529	0.0466250032186508	5.736761	2.68712520599365
5.753091	0.0443750023841858	5.75933	2.6872501373291
5.775666	0.0441250018775463	5.781903	2.68687510490417
5.798222	0.0485000014305115	5.804455	2.68587517738342
5.820782	0.048750001937151	5.827016	2.68587517738342
5.843355	0.0461250022053719	5.849593	2.68650007247925
5.865916	0.047375001013279	5.872153	2.68737506866455
5.888474	0.0490000024437904	5.894707	2.68737506866455
5.911031	0.048250000923872	5.917264	2.68750023841858
5.933583	0.0466250032186508	5.939821	2.68525004386902
5.956155	0.0476250015199184	5.962392	2.68187522888184
5.978705	0.0478750020265579	5.984938	2.68037509918213
6.001263	0.0483750030398369	6.007496	2.68025016784668
6.023816	0.0485000014305115	6.030053	2.68187522888184
6.046373	0.0480000004172325	6.05261	2.68612504005432
6.068929	0.0513750016689301	6.075162	2.69150018692017
6.091485	0.0502500012516975	6.097717	2.69812512397766
6.11406	0.0498750023543835	6.120297	2.70562505722046
6.136629	0.050500001758337	6.142861	2.71387505531311
6.159183	0.0506250038743019	6.165416	2.72287511825562
6.18174	0.0508750006556511	6.187972	2.73425006866455
6.204291	0.051000002771616	6.210529	2.74525022506714
6.226847	0.0515000037848949	6.233087	2.75775003433228
6.249411	0.0536250025033951	6.255644	2.76862502098083
6.271968	0.0526250042021275	6.278201	2.77900004386902
6.294555	0.051875002682209	6.300792	2.78775024414062
6.3171	0.0517500042915344	6.323334	2.79675006866455
6.339663	0.0563750043511391	6.345896	2.80487513542175
6.36222	0.0543750040233135	6.368452	2.81425023078918
6.384772	0.0530000030994415	6.391009	2.82325005531311
6.407328	0.0550000034272671	6.413573	2.83262515068054
6.429897	0.0557500012218952	6.436129	2.84025025367737
6.452452	0.0548750013113022	6.458696	2.84650015830994
6.475046	0.0538750030100346	6.48128	2.85175013542175
6.49761	0.0540000014007092	6.503849	2.85662508010864
6.520177	0.0547500029206276	6.52641	2.86137509346008
6.542734	0.0558750033378601	6.548967	2.86700010299683
6.565286	0.0560000017285347	6.571524	2.87325024604797
6.587842	0.0580000020563602	6.594075	2.87837505340576
6.610399	0.0575000010430813	6.616632	2.88262510299683
6.632951	0.0558750033378601	6.639186	2.88562512397766
6.655508	0.0575000010430813	6.661741	2.88750004768372
6.678063	0.0593750029802322	6.684296	2.89012503623962
6.700617	0.0576250031590462	6.70685	2.89287519454956
6.723196	0.0575000010430813	6.729429	2.89575004577637
6.74575	0.0591250024735928	6.751983	2.90025019645691
6.768323	0.0627500042319298	6.774556	2.90275025367737
6.79088	0.0596250034868717	6.797112	2.90525007247925
6.813449	0.0578750036656857	6.819687	2.90675020217896
6.836041	0.0585000030696392	6.842281	2.90700006484985
6.858617	0.0591250024735928	6.86485	2.90912508964539
6.881175	0.0605000033974648	6.887403	2.9115002155304
6.90373	0.0598750039935112	6.909969	2.91450023651123
6.926288	0.0611250028014183	6.932526	2.91875004768372
6.948845	0.0628750026226044	6.955078	2.92125010490417
6.971402	0.0616250038146973	6.977635	2.92325019836426
6.993955	0.0617500022053719	7.000193	2.92562508583069
7.016517	0.0615000016987324	7.022754	2.92687511444092
7.039074	0.0606250017881393	7.045306	2.92925024032593
7.061633	0.0625	7.067866	2.93250012397766
7.084184	0.0615000016987324	7.090422	2.93650007247925
7.106741	0.0637500062584877	7.112974	2.94112515449524
7.129298	0.0638750046491623	7.13553	2.94487524032593
7.151855	0.0645000040531158	7.158088	2.94787502288818
7.174407	0.0626250058412552	7.180645	2.94962525367737
7.196964	0.0631249994039536	7.203198	2.95212507247925
7.219535	0.0631249994039536	7.225767	2.95462512969971
7.242087	0.0642499998211861	7.248325	2.95912504196167
7.264644	0.0640000030398369	7.270881	2.96412515640259
7.2872	0.0645000040531158	7.293439	2.96787524223328
7.309766	0.0661250054836273	7.315998	2.97187519073486
7.332323	0.0618750043213367	7.338556	2.97437524795532
7.354875	0.0651250034570694	7.361112	2.97700023651123
7.377431	0.0663750022649765	7.383679	2.97862505912781
7.400006	0.0656250044703484	7.406239	2.98137521743774
7.422563	0.0657500028610229	7.428807	2.98587512969971
7.445117	0.0662500038743019	7.451355	2.99000024795532
7.46772	0.0681250020861626	7.473989	2.99400019645691
7.490314	0.0676250010728836	7.496541	2.99725008010864
7.512864	0.0673750042915344	7.519099	2.99950003623962
7.535418	0.0667500048875809	7.541656	3.00112509727478
7.557981	0.0662500038743019	7.564214	3.00337505340576
7.580539	0.0672500059008598	7.586771	3.007000207901
7.603096	0.067500002682209	7.609334	3.01050019264221
7.625654	0.0706249997019768	7.631892	3.01525020599365
7.648211	0.0698750019073486	7.654444	3.01862525939941
7.670768	0.0695000067353249	7.677001	3.02150011062622
7.693317	0.0685000047087669	7.699554	3.02362513542175
7.715873	0.0682500004768372	7.72211	3.02575016021729
7.738429	0.0668750032782555	7.744668	3.02787518501282
7.760996	0.0698750019073486	7.767228	3.03125023841858
7.783548	0.0700000002980232	7.789781	3.03637504577637
7.8061	0.0700000002980232	7.812337	3.0393750667572
7.828659	0.072500005364418	7.834906	3.04300022125244
7.851234	0.0706249997019768	7.857467	3.04562520980835
7.873789	0.0698750019073486	7.880021	3.04737520217896
7.896346	0.0673750042915344	7.902584	3.04925012588501
7.918919	0.0734999999403954	7.925146	3.05250024795532
7.941469	0.0717500001192093	7.947702	3.05600023269653
7.964026	0.0691250041127205	7.970264	3.0605001449585
7.986585	0.0736250057816505	7.992818	3.06462526321411
8.009129	0.0731250047683716	8.015367	3.0677502155304
8.031692	0.072500005364418	8.037924	3.0703752040863
8.054243	0.0720000043511391	8.060481	3.07212519645691
8.0768	0.0718750059604645	8.083032	3.07500004768372
8.099356	0.0720000043511391	8.105588	3.07825016975403
8.121915	0.0718750059604645	8.128148	3.08200025558472
8.144466	0.0727500021457672	8.150703	3.08637523651123
8.167023	0.0740000009536743	8.173256	3.09075021743774
8.189581	0.0737500041723251	8.195813	3.09362506866455
8.212137	0.0733750015497208	8.21837	3.09650015830994
8.234689	0.0732500031590462	8.240926	3.09812521934509
8.257244	0.0727500021457672	8.263485	3.10062503814697
8.279809	0.0743750035762787	8.286042	3.10362505912781
8.302379	0.0740000009536743	8.308611	3.10725021362305
8.324921	0.0751250013709068	8.331153	3.11200022697449
8.347497	0.0766250044107437	8.35373	3.11562514305115
8.370055	0.0745000019669533	8.376287	3.11900019645691
8.392612	0.0746250003576279	8.398844	3.12112522125244
8.415163	0.0743750035762787	8.421401	3.12250018119812
8.437719	0.0746250003576279	8.443955	3.12500023841858
8.460273	0.0747500061988831	8.46653	3.12850022315979
8.48286	0.0758750066161156	8.489118	3.13262510299683
8.505455	0.0771250054240227	8.511693	3.13650012016296
8.528017	0.0743750035762787	8.53425	3.14000010490417
8.550574	0.0765000060200691	8.556806	3.14275026321411
8.573126	0.0732500031590462	8.579363	3.14437508583069
8.595683	0.0753750056028366	8.60192	3.1470000743866
8.618239	0.0763750001788139	8.624471	3.14900016784668
8.640796	0.0767500028014183	8.647023	3.15287518501282
8.66335	0.0766250044107437	8.669588	3.15725016593933
8.685922	0.0782500058412552	8.692159	3.16162514686584
8.708479	0.078125	8.714711	3.16537523269653
8.731036	0.0788750052452087	8.737269	3.16812515258789
8.753587	0.0773750022053719	8.759825	3.17037510871887
8.776144	0.0776250064373016	8.782381	3.17287516593933
8.798701	0.0778750032186508	8.804934	3.17675018310547
8.821258	0.0780000016093254	8.82749	3.18050026893616
8.843831	0.0783750042319298	8.850069	3.1855001449585
8.8664	0.0800000056624413	8.872634	3.19000005722046
8.888948	0.0792500004172325	8.895181	3.19400024414062
8.911503	0.078625001013279	8.917736	3.19675016403198
8.934065	0.0787500068545341	8.940299	3.19912505149841
8.95662	0.0787500068545341	8.962852	3.20212507247925
8.979164	0.0797500014305115	8.985402	3.20612525939941
9.001723	0.0795000046491623	9.007955	3.21000003814697
9.024283	0.0820000022649765	9.03052	3.21625018119812
9.04684	0.0860000029206276	9.053087	3.21950006484985
9.069413	0.0792500004172325	9.075646	3.22312521934509
9.091969	0.080375000834465	9.098202	3.22562503814697
9.114546	0.0791250020265579	9.120783	3.2277500629425
9.137101	0.0800000056624413	9.143334	3.23062515258789
9.159658	0.0805000066757202	9.16589	3.23425006866455
9.182209	0.0800000056624413	9.188443	3.23887515068054
9.204776	0.0830000042915344	9.211014	3.24275016784668
9.227334	0.0820000022649765	9.233572	3.24687504768372
9.249896	0.0810000002384186	9.256128	3.24925017356873
9.272452	0.0807500034570694	9.278698	3.25050020217896
9.295017	0.0812500044703484	9.301254	3.25237512588501
9.317573	0.080875001847744	9.323806	3.25450015068054
9.340141	0.0812500044703484	9.346374	3.257000207901
9.362714	0.0810000002384186	9.368947	3.26100015640259
9.385268	0.0835000053048134	9.3915	3.26462507247925
9.407822	0.0833750069141388	9.414065	3.26600027084351
9.430389	0.0813750028610229	9.436621	3.26825022697449
9.452936	0.0818750038743019	9.459192	3.26887512207031
9.475527	0.0826250016689301	9.48176	3.26975011825562
9.498072	0.0822500064969063	9.504305	3.27125024795532
9.52063	0.0820000022649765	9.526863	3.2735002040863
9.543205	0.0828750059008598	9.549442	3.27662515640259
9.565762	0.083625003695488	9.572	3.27862524986267
9.588326	0.0816250070929527	9.594558	3.27962517738342
9.610883	0.0825000032782555	9.617115	3.28000020980835
9.633436	0.0821250006556511	9.639674	3.27975010871887
9.655993	0.0830000042915344	9.66223	3.28037524223328
9.678549	0.0828750059008598	9.684782	3.2807502746582
9.701106	0.0838750004768372	9.707338	3.28237509727478
9.72368	0.0846250057220459	9.729918	3.28475022315979
9.746237	0.0855000019073486	9.752474	3.2865002155304
9.768811	0.0826250016689301	9.775043	3.28612518310547
9.791368	0.083625003695488	9.7976	3.28575015068054
9.813919	0.086375005543232	9.820156	3.28550004959106
9.836492	0.083625003695488	9.842736	3.28462505340576
9.85906	0.0842500030994415	9.865293	3.28575015068054
9.881616	0.0847500041127205	9.887849	3.28712511062622
9.904172	0.0855000019073486	9.910405	3.28775024414062
9.926716	0.086375005543232	9.932954	3.28900027275085
9.949302	0.085375003516674	9.955535	3.28862524032593
9.971856	0.0846250057220459	9.978088	3.28725004196167
9.994409	0.0842500030994415	10.000641	3.2865002155304
10.016964	0.0847500041127205	10.023197	3.28587508201599
10.039522	0.0866250023245811	10.045754	3.28625011444092
10.062079	0.0848750025033951	10.068322	3.28800010681152
10.084656	0.0867500007152557	10.090893	3.28862524032593
10.107213	0.0865000039339066	10.113445	3.28925013542175
10.129771	0.0857500061392784	10.136004	3.28875017166138
10.152329	0.0846250057220459	10.158562	3.28700017929077
10.174882	0.0851250067353249	10.18112	3.2865002155304
10.197438	0.0860000029206276	10.20368	3.28662514686584
10.220004	0.086375005543232	10.226237	3.28700017929077
10.24256	0.0870000049471855	10.248812	3.28837513923645
10.265132	0.088625006377697	10.27137	3.28950023651123
10.28769	0.0865000039339066	10.293922	3.29050016403198
10.310249	0.0867500007152557	10.316482	3.28925013542175
10.332812	0.0878750011324883	10.339045	3.28875017166138
10.355365	0.086375005543232	10.361604	3.28812503814697
10.377924	0.0876250043511391	10.384156	3.28837513923645
10.40048	0.0878750011324883	10.406712	3.28975009918213
10.423031	0.0906250029802322	10.429265	3.29125022888184
10.445584	0.0882500037550926	10.451817	3.29362511634827
10.468194	0.0872500017285347	10.474475	3.29337525367737
10.490801	0.0873750075697899	10.49704	3.29337525367737
10.513375	0.0870000049471855	10.519613	3.29300022125244
10.535933	0.0868750065565109	10.542171	3.29350018501282
10.558491	0.0883750021457672	10.564725	3.29412508010864
10.581051	0.0885000005364418	10.587284	3.2966251373291
10.603604	0.0895000025629997	10.609842	3.29862523078918
10.626161	0.0896250009536743	10.632399	3.30100011825562
10.648724	0.088625006377697	10.654958	3.30137515068054
10.671282	0.0882500037550926	10.677515	3.30175018310547
10.693835	0.0875000059604645	10.700072	3.30237507820129
10.716392	0.0887500047683716	10.722629	3.30337524414062
10.738949	0.089125007390976	10.745182	3.30550026893616
10.761505	0.0895000025629997	10.767738	3.30887508392334
10.784066	0.089125007390976	10.790304	3.31175017356873
10.806626	0.0922500044107437	10.812858	3.31375026702881
10.829186	0.0890000015497208	10.835437	3.31550025939941
10.851772	0.089125007390976	10.858006	3.31650018692017
10.874326	0.0878750011324883	10.880564	3.31750011444092
10.896884	0.089125007390976	10.903117	3.319500207901
10.919442	0.0890000015497208	10.925674	3.32337522506714
10.942	0.0901250019669533	10.948233	3.32625007629395
10.96455	0.0915000066161156	10.970783	3.33037519454956
10.987105	0.0902500078082085	10.993343	3.33300018310547
11.009665	0.089125007390976	11.015898	3.33412504196167
11.032218	0.0895000025629997	11.038451	3.33575010299683
11.054774	0.0887500047683716	11.061008	3.33762526512146
11.07733	0.0897500067949295	11.083575	3.34000015258789
11.099895	0.0902500078082085	11.106127	3.34362506866455
11.122446	0.0902500078082085	11.128679	3.34712505340576
11.145002	0.0913750007748604	11.15124	3.350750207901
11.16756	0.0901250019669533	11.173793	3.35300016403198
11.190119	0.0906250029802322	11.196351	3.35400009155273
11.212675	0.0896250009536743	11.218908	3.35600018501282
11.235228	0.0903750061988831	11.241465	3.35725021362305
11.257784	0.093125008046627	11.264017	3.35962510108948
11.280342	0.0905000045895576	11.286574	3.36287522315979
11.302905	0.0915000066161156	11.309138	3.36600017547607
11.325471	0.093125008046627	11.331709	3.36925005912781
11.34803	0.0907500013709068	11.354262	3.37075018882751
11.370586	0.0911250039935112	11.376819	3.37150025367737
11.393138	0.0897500067949295	11.399376	3.37200021743774
11.415696	0.090875007212162	11.421933	3.3736252784729
11.438252	0.0910000056028366	11.444479	3.37537527084351
11.460801	0.0916250050067902	11.467059	3.37862515449524
11.483388	0.0932500064373016	11.489621	3.38075017929077
11.505944	0.0943750068545341	11.512183	3.3828752040863
11.528505	0.0912500023841858	11.534738	3.38325023651123
11.551062	0.0925000011920929	11.557294	3.38350009918213
11.573614	0.0902500078082085	11.579852	3.38362526893616
11.59617	0.0915000066161156	11.602407	3.38487505912781
11.618727	0.0920000076293945	11.62496	3.38737511634827
11.641283	0.0921250060200691	11.647515	3.38937520980835
11.663835	0.0932500064373016	11.670072	3.39200019836426
11.686406	0.0928750038146973	11.692644	3.39275026321411
11.70897	0.0927500054240227	11.715202	3.39287519454956
11.731528	0.0922500044107437	11.737762	3.39262509346008
11.754083	0.0972500070929527	11.760321	3.39200019836426
11.776641	0.0925000011920929	11.782874	3.39312505722046
11.799194	0.0928750038146973	11.805426	3.39600014686584
11.82175	0.0943750068545341	11.827983	3.39737510681152
11.84432	0.0950000062584877	11.850559	3.39937520027161
11.866886	0.0927500054240227	11.873119	3.39925026893616
11.889459	0.0926250070333481	11.895692	3.39912509918213
11.912011	0.0922500044107437	11.918243	3.3987500667572
11.934568	0.0926250070333481	11.940805	3.39900016784668
11.957125	0.0923750028014183	11.963358	3.3996250629425
11.979683	0.0925000011920929	11.985915	3.40162515640259
12.002239	0.0952500030398369	12.008467	3.40325021743774
12.024794	0.0946250036358833	12.031031	3.40437507629395
12.047349	0.0937500074505806	12.053582	3.4051251411438
12.069907	0.0927500054240227	12.076139	3.40375018119812
12.092464	0.0932500064373016	12.098701	3.40387511253357
12.115023	0.0928750038146973	12.121255	3.40375018119812
12.137575	0.0950000062584877	12.143808	3.40475010871887
12.160131	0.0936250016093254	12.166364	3.40650010108948
12.182691	0.0955000072717667	12.188924	3.40750026702881
12.205244	0.094250001013279	12.211476	3.40925025939941
12.227796	0.0937500074505806	12.234028	3.40900015830994
12.250368	0.0936250016093254	12.2566	3.40825009346008
12.272919	0.0932500064373016	12.279152	3.40787506103516
12.295473	0.0920000076293945	12.30171	3.40812516212463
12.31803	0.0947500020265579	12.324263	3.40887522697449
12.340591	0.0948750078678131	12.346823	3.41062521934509
12.363143	0.0972500070929527	12.36938	3.41200017929077
12.385698	0.0950000062584877	12.391935	3.41287517547607
12.408255	0.0945000052452087	12.414488	3.41175007820129
12.430814	0.0943750068545341	12.437047	3.41162514686584
12.453378	0.0933750048279762	12.459611	3.41087508201599
12.475953	0.0950000062584877	12.482186	3.41175007820129
12.498514	0.0966250076889992	12.504752	3.413250207901
12.52108	0.096000000834465	12.527312	3.41425013542175
12.543632	0.0961250066757202	12.549869	3.41587519645691
12.566189	0.0948750078678131	12.572425	3.41625022888184
12.588745	0.0957500040531158	12.594978	3.41512513160706
12.611301	0.0935000032186508	12.617534	3.41475009918213
12.63387	0.0945000052452087	12.640107	3.4143750667572
12.656426	0.093125008046627	12.662659	3.41500020027161
12.678979	0.0970000028610229	12.685211	3.41712522506714
12.701534	0.0963750034570694	12.707767	3.41850018501282
12.724086	0.0968750044703484	12.730324	3.42000007629395
12.746644	0.0951250046491623	12.752876	3.4198751449585
12.769195	0.0951250046491623	12.775428	3.41887521743774
12.791752	0.0948750078678131	12.797984	3.41887521743774
12.814317	0.0956250056624413	12.820555	3.41837525367737
12.836898	0.096000000834465	12.843144	3.41950011253357
12.859478	0.096500001847744	12.865711	3.42100024223328
12.882036	0.0978750064969063	12.888269	3.42350006103516
12.904564	0.096500001847744	12.910801	3.42437505722046
12.92712	0.096500001847744	12.933354	3.42425012588501
12.949677	0.096500001847744	12.955909	3.42375016212463
12.972234	0.0940000042319298	12.978467	3.42337512969971
12.994801	0.0957500040531158	13.001038	3.42400026321411
13.017359	0.0955000072717667	13.023591	3.42537522315979
13.039917	0.0962500050663948	13.046149	3.42725014686584
13.062475	0.0968750044703484	13.068708	3.428875207901
13.085029	0.0966250076889992	13.091266	3.42987513542175
13.107586	0.0966250076889992	13.113819	3.42962527275085
13.130139	0.0958750024437904	13.136378	3.42900013923645
13.152701	0.0958750024437904	13.158934	3.428875207901
13.175253	0.0970000028610229	13.181486	3.4297502040863
13.197807	0.096500001847744	13.204058	3.43250012397766
13.220378	0.0970000028610229	13.226612	3.43400025367737
13.242934	0.0980000048875809	13.249167	3.4361252784729
13.265488	0.0990000069141388	13.27172	3.43712520599365
13.288039	0.0970000028610229	13.294272	3.4363751411438
13.310613	0.0970000028610229	13.316845	3.4363751411438
13.333198	0.096500001847744	13.339431	3.4363751411438
13.355753	0.0968750044703484	13.36199	3.43762516975403
13.378324	0.0983750075101852	13.384557	3.44037508964539
13.400882	0.0981250032782555	13.407114	3.44200015068054
13.423434	0.0997500047087669	13.429671	3.44412517547607
13.445981	0.0967500060796738	13.452219	3.44500017166138
13.468588	0.0978750064969063	13.474829	3.44425010681152
13.491166	0.0961250066757202	13.497393	3.44412517547607
13.513717	0.0978750064969063	13.519955	3.4447500705719
13.536277	0.0977500081062317	13.542514	3.44637513160706
13.558834	0.0936250016093254	13.565066	3.44862508773804
13.581391	0.0990000069141388	13.587623	3.45062518119812
13.603957	0.0981250032782555	13.610194	3.45225024223328
13.626513	0.0968750044703484	13.632745	3.45225024223328
13.649099	0.10062500834465	13.655331	3.4520001411438
13.671655	0.0951250046491623	13.677888	3.45162510871887
13.694217	0.0976250022649765	13.700455	3.4526252746582
13.716775	0.0976250022649765	13.723007	3.45500016212463
13.739332	0.0983750075101852	13.745564	3.45700025558472
13.76189	0.100250005722046	13.768122	3.45912528038025
13.784441	0.0978750064969063	13.790678	3.460125207901
13.806997	0.0983750075101852	13.813231	3.46050024032593
13.829558	0.0972500070929527	13.835808	3.460125207901
13.85214	0.0980000048875809	13.858373	3.45975017547607
13.874696	0.0978750064969063	13.880934	3.46087527275085
13.897253	0.0977500081062317	13.903486	3.46237516403198
13.919809	0.0980000048875809	13.926037	3.46512508392334
13.942362	0.0996250063180923	13.94861	3.46700024604797
13.964928	0.0980000048875809	13.971166	3.46812510490417
13.987486	0.0986250042915344	13.993719	3.4676251411438
14.010042	0.0980000048875809	14.016275	3.46750020980835
14.032615	0.0973750054836273	14.038848	3.46787524223328
14.055158	0.0980000048875809	14.061396	3.46862506866455
14.077715	0.0986250042915344	14.08395	3.47100019454956
14.100277	0.0993750020861626	14.10651	3.47312521934509
14.122829	0.0995000079274178	14.129062	3.47425007820129
14.14538	0.0975000038743019	14.151617	3.47437524795532
14.167927	0.0986250042915344	14.174171	3.47462511062622
14.19049	0.0985000059008598	14.196724	3.47437524795532
14.213045	0.0982500016689301	14.219298	3.47412514686584
14.235622	0.0981250032782555	14.241854	3.4760000705719
14.258174	0.0986250042915344	14.264407	3.47750020027161
14.280729	0.10037500411272	14.286961	3.47975015640259
14.303283	0.0998750030994415	14.309516	3.48100018501282
14.325836	0.098750002682209	14.332069	3.48125004768372
14.348417	0.0988750010728836	14.354655	3.48075008392334
14.370995	0.0972500070929527	14.377227	3.47987508773804
14.393547	0.099250003695488	14.399785	3.48037505149841
14.416104	0.0995000079274178	14.422341	3.4823751449585
14.438666	0.100000001490116	14.444899	3.4841251373291
14.461243	0.100000001490116	14.467496	3.48562526702881
14.48382	0.0997500047087669	14.490059	3.48637509346008
14.506384	0.0991250053048134	14.512622	3.48587512969971
14.528943	0.0986250042915344	14.535182	3.48600006103516
14.551525	0.0996250063180923	14.557758	3.48575019836426
14.574078	0.0991250053048134	14.580311	3.48612523078918
14.596631	0.099250003695488	14.602863	3.48837518692017
14.619187	0.100125007331371	14.625419	3.48900008201599
14.641744	0.101250007748604	14.647976	3.49100017547607
14.664296	0.0996250063180923	14.670534	3.49112510681152
14.686853	0.100250005722046	14.693087	3.49087524414062
14.709413	0.099250003695488	14.715645	3.48950028419495
14.731972	0.0988750010728836	14.738204	3.48987507820129
14.754545	0.099250003695488	14.760777	3.49112510681152
14.777098	0.101000003516674	14.783331	3.49237513542175
14.799656	0.101375006139278	14.805889	3.49400019645691
14.822213	0.104250006377697	14.828446	3.49512505531311
14.844794	0.100250005722046	14.851033	3.49575018882751
14.867354	0.100500002503395	14.873587	3.49487519264221
14.889917	0.104875005781651	14.896149	3.49350023269653
14.912487	0.100000001490116	14.91872	3.49362516403198
14.935039	0.0997500047087669	14.941276	3.49487519264221
14.957596	0.100000001490116	14.96383	3.49675011634827
14.980154	0.102250002324581	14.986387	3.49812507629395
15.002711	0.100500002503395	15.008944	3.4988751411438
15.025263	0.0981250032782555	15.031502	3.49837517738342
15.04782	0.10062500834465	15.054064	3.4980001449585
15.070388	0.100000001490116	15.076621	3.49675011634827
15.092943	0.100250005722046	15.099191	3.49737524986267
15.115511	0.10037500411272	15.121748	3.49837517738342
15.13807	0.101125001907349	15.144303	3.50000023841858
15.160628	0.101875007152557	15.16686	3.50100016593933
15.183197	0.100750006735325	15.189435	3.50225019454956
15.205744	0.0998750030994415	15.211982	3.50112509727478
15.228318	0.101375006139278	15.234551	3.5006251335144
15.250874	0.100250005722046	15.257106	3.49925017356873
15.273434	0.100875005125999	15.279667	3.49987506866455
15.295988	0.100000001490116	15.302221	3.50162506103516
15.318543	0.101625002920628	15.324776	3.50237512588501
15.341104	0.103625006973743	15.347338	3.50400018692017
15.363674	0.101250007748604	15.369907	3.50425004959106
15.386228	0.101375006139278	15.392461	3.50337505340576
15.408804	0.100750006735325	15.415037	3.50275015830994
15.431364	0.101000003516674	15.437596	3.50187516212463
15.453918	0.101250007748604	15.460156	3.50250005722046
15.476503	0.101000003516674	15.482736	3.50400018692017
15.499048	0.101750001311302	15.505281	3.50575017929077
15.521606	0.100500002503395	15.527839	3.50662517547607
15.544161	0.101500004529953	15.550399	3.5063750743866
15.566717	0.100000001490116	15.57295	3.50587511062622
15.589298	0.100250005722046	15.595531	3.5052502155304
15.611877	0.100250005722046	15.618111	3.50450015068054
15.634443	0.101125001907349	15.640681	3.50550007820129
15.657003	0.0990000069141388	15.663236	3.50662517547607
15.67956	0.106250002980232	15.685792	3.50825023651123
15.70212	0.102125003933907	15.708354	3.50875020027161
15.724674	0.101000003516674	15.730911	3.50875020027161
15.747229	0.104250006377697	15.753484	3.50762510299683
15.769807	0.100000001490116	15.776039	3.50662517547607
15.792366	0.101500004529953	15.798611	3.50687527656555
15.814942	0.101125001907349	15.82118	3.50775027275085
15.837503	0.102125003933907	15.843737	3.50912523269653
15.860062	0.10300000756979	15.866294	3.51075005531311
15.882613	0.101875007152557	15.888846	3.51087522506714
15.905166	0.101625002920628	15.911403	3.51062512397766
15.927723	0.101750001311302	15.933956	3.50962519645691
15.950279	0.100500002503395	15.956511	3.5090000629425
15.97283	0.100750006735325	15.979063	3.50887513160706
15.995397	0.101875007152557	16.001634	3.50975012779236
16.017952	0.101375006139278	16.024185	3.51175022125244
16.04051	0.103125005960464	16.046743	3.51312518119812
16.063061	0.101500004529953	16.069299	3.51250004768372
16.085619	0.101250007748604	16.091857	3.51237511634827
16.108175	0.101000003516674	16.114409	3.51137518882751
16.130734	0.100750006735325	16.136966	3.51087522506714
16.153285	0.10037500411272	16.159523	3.51075005531311
16.175856	0.102250002324581	16.182094	3.51225018501282
16.198414	0.103250004351139	16.204642	3.51437520980835
16.220968	0.106125004589558	16.2272	3.51500010490417
16.243515	0.101375006139278	16.249748	3.51475024223328
16.266068	0.101375006139278	16.272306	3.51412510871887
16.288625	0.101875007152557	16.294858	3.51312518119812
16.311181	0.101250007748604	16.317413	3.5133752822876
16.333738	0.0996250063180923	16.339975	3.5136251449585
16.356298	0.101750001311302	16.362531	3.51500010490417
16.378853	0.10300000756979	16.385085	3.51675009727478
16.401407	0.104750007390976	16.407639	3.51750016212463
16.42396	0.101500004529953	16.430194	3.51675009727478
16.446515	0.102375008165836	16.452747	3.51612520217896
16.469119	0.105625003576279	16.475352	3.51462507247925
16.491677	0.102000005543232	16.497911	3.51500010490417
16.514246	0.101625002920628	16.520479	3.51612520217896
16.536798	0.101625002920628	16.543031	3.51737523078918
16.559357	0.103500008583069	16.565589	3.51937508583069
16.581914	0.10275000333786	16.588146	3.51987504959106
16.604466	0.10275000333786	16.610703	3.51912522315979
16.627022	0.101875007152557	16.633255	3.51787519454956
16.649579	0.101375006139278	16.655811	3.51750016212463
16.672135	0.102000005543232	16.678368	3.51775026321411
16.694691	0.102000005543232	16.700928	3.51937508583069
16.717247	0.103125005960464	16.723486	3.52050018310547
16.73981	0.107000008225441	16.746042	3.5217502117157
16.762366	0.10300000756979	16.76861	3.5220000743866
16.784929	0.10275000333786	16.791166	3.52150011062622
16.807484	0.10300000756979	16.813717	3.52025008201599
16.830041	0.101375006139278	16.836305	3.51962518692017
16.852632	0.102500006556511	16.85887	3.51950025558472
16.875204	0.103500008583069	16.881442	3.52162528038025
16.897762	0.101250007748604	16.903995	3.52312517166138
16.920319	0.103750005364418	16.926552	3.52425026893616
16.942872	0.102875001728535	16.949105	3.52400016784668
16.965425	0.101875007152557	16.971662	3.5235002040863
16.987981	0.102875001728535	16.994214	3.52237510681152
17.010538	0.102625004947186	17.016771	3.52212524414062
17.03309	0.104500003159046	17.039328	3.5228750705719
17.055649	0.10275000333786	17.061886	3.52412509918213
17.078205	0.104000002145767	17.084442	3.52650022506714
17.100766	0.104000002145767	17.106998	3.52700018882751
17.123318	0.103125005960464	17.129556	3.52662515640259
17.145874	0.103375002741814	17.152111	3.52612519264221
17.16843	0.101625002920628	17.174663	3.5246250629425
17.190988	0.103375002741814	17.19722	3.52487516403198
17.213537	0.10275000333786	17.219775	3.52587509155273
17.236097	0.103125005960464	17.242334	3.52737522125244
17.258654	0.106625005602837	17.264887	3.52912521362305
17.281213	0.105000004172325	17.28744	3.52962517738342
17.303776	0.104125007987022	17.310013	3.5290002822876
17.326333	0.103250004351139	17.332571	3.52750015258789
17.348901	0.102000005543232	17.355133	3.52762508392334
17.371458	0.102625004947186	17.37769	3.52737522125244
17.39401	0.103750005364418	17.400248	3.52837514877319
17.41657	0.101625002920628	17.422808	3.53037524223328
17.439129	0.104625001549721	17.445356	3.53150010108948
17.461692	0.103250004351139	17.467951	3.53162527084351
17.484277	0.104000002145767	17.490516	3.53150010108948
17.506841	0.103375002741814	17.51309	3.53000020980835
17.529402	0.102500006556511	17.53563	3.52962517738342
17.551949	0.103125005960464	17.558182	3.5301251411438
17.574504	0.102625004947186	17.580741	3.53162527084351
17.597059	0.103125005960464	17.603292	3.53287506103516
17.619618	0.104500003159046	17.62585	3.53425025939941
17.642173	0.103500008583069	17.648411	3.53450012207031
17.664729	0.102250002324581	17.670966	3.53375005722046
17.687285	0.103125005960464	17.693518	3.53262519836426
17.709841	0.10275000333786	17.716074	3.53212523460388
17.732398	0.104000002145767	17.73863	3.53312516212463
17.754952	0.103375002741814	17.761189	3.53450012207031
17.777523	0.104875005781651	17.783776	3.53600025177002
17.8001	0.104125007987022	17.806333	3.53712511062622
17.822655	0.103875003755093	17.828904	3.53625011444092
17.845253	0.103500008583069	17.851491	3.53575015068054
17.867812	0.102875001728535	17.874066	3.53500008583069
17.890391	0.103750005364418	17.896623	3.53500008583069
17.912944	0.103500008583069	17.919186	3.53587508201599
17.93551	0.104375004768372	17.941748	3.5376250743866
17.958083	0.10537500679493	17.964315	3.53875017166138
17.980634	0.104125007987022	17.986867	3.53837513923645
18.003202	0.10275000333786	18.009439	3.53862524032593
18.025759	0.103500008583069	18.031996	3.5373752117157
18.048323	0.102500006556511	18.054556	3.53700017929077
18.070881	0.104000002145767	18.077113	3.53662514686584
18.093429	0.104750007390976	18.099667	3.538250207901
18.115986	0.103875003755093	18.122223	3.53950023651123
18.138544	0.104875005781651	18.144777	3.54150009155273
18.161113	0.104875005781651	18.167346	3.54175019264221
18.183676	0.103500008583069	18.189913	3.54125022888184
18.206232	0.103875003755093	18.21247	3.53987526893616
18.228803	0.10062500834465	18.235035	3.5393750667572
18.251351	0.102875001728535	18.257584	3.53950023651123
18.273903	0.103625006973743	18.280141	3.54100012779236
18.29646	0.104625001549721	18.302698	3.54287505149841
18.319017	0.107125006616116	18.325244	3.54375028610229
18.341586	0.103750005364418	18.347818	3.54375028610229
18.364153	0.103375002741814	18.370391	3.54312515258789
18.386712	0.101125001907349	18.392945	3.54175019264221
18.409289	0.105625003576279	18.415523	3.54137516021729
18.431847	0.103750005364418	18.438079	3.54200005531311
18.454397	0.103875003755093	18.46063	3.54425024986267
18.476969	0.108750008046627	18.483204	3.54525017738342
18.499539	0.10537500679493	18.505772	3.54562520980835
18.522102	0.103625006973743	18.528336	3.5455002784729
18.544656	0.10300000756979	18.550895	3.54500007629395
18.567209	0.101250007748604	18.573443	3.54375028610229
18.589763	0.104250006377697	18.595996	3.54325008392334
18.612318	0.104250006377697	18.618551	3.54437518119812
18.634874	0.104125007987022	18.641106	3.54587507247925
18.657426	0.105125002563	18.663678	3.54700016975403
18.680002	0.105750001966953	18.686235	3.54712510108948
18.702576	0.104125007987022	18.708809	3.54800009727478
18.725129	0.104250006377697	18.731362	3.5457501411438
18.747682	0.103625006973743	18.753914	3.54525017738342
18.770238	0.103875003755093	18.776471	3.54562520980835
18.792812	0.104125007987022	18.799044	3.5463752746582
18.815363	0.104250006377697	18.8216	3.54862523078918
18.837973	0.106250002980232	18.844219	3.54937505722046
18.860557	0.104375004768372	18.86679	3.54937505722046
18.88311	0.105125002563	18.889344	3.54937505722046
18.905669	0.106375001370907	18.911906	3.54787516593933
18.928226	0.104250006377697	18.934459	3.54762506484985
18.950784	0.104625001549721	18.957016	3.54787516593933
18.973337	0.104625001549721	18.979575	3.54862523078918
18.995894	0.106250002980232	19.002132	3.55050015449524
19.01845	0.106250002980232	19.024683	3.55100011825562
19.041008	0.106125004589558	19.047241	3.55125021934509
19.063575	0.104250006377697	19.069812	3.54975008964539
19.086131	0.103625006973743	19.092364	3.54975008964539
19.1087	0.104000002145767	19.114933	3.54900026321411
19.131257	0.104250006377697	19.137489	3.54975008964539
19.153809	0.104250006377697	19.160046	3.55162525177002
19.176366	0.106625005602837	19.182604	3.55250024795532
19.198923	0.10537500679493	19.205156	3.55375027656555
19.221481	0.104625001549721	19.227713	3.55312514305115
19.244058	0.104500003159046	19.250296	3.55237507820129
19.266615	0.104750007390976	19.272848	3.55125021934509
19.289159	0.104375004768372	19.295397	3.55100011825562
19.311722	0.103875003755093	19.317955	3.55162525177002
19.334281	0.10537500679493	19.340518	3.55337524414062
19.356837	0.106250002980232	19.363082	3.55437517166138
19.37941	0.105875007808208	19.385642	3.55512523651123
19.401966	0.104125007987022	19.408198	3.55462527275085
19.424555	0.104500003159046	19.430793	3.55262517929077
19.447103	0.103750005364418	19.453341	3.55312514305115
19.469692	0.104125007987022	19.475926	3.55237507820129
19.492244	0.104750007390976	19.498478	3.55350017547607
19.514801	0.105500005185604	19.521038	3.55525016784668
19.53736	0.106625005602837	19.543593	3.55650019645691
19.559917	0.105125002563	19.566151	3.55650019645691
19.582473	0.104500003159046	19.588707	3.55600023269653
19.605026	0.104875005781651	19.611259	3.55450010299683
19.627581	0.104000002145767	19.633814	3.55400013923645
19.650139	0.104625001549721	19.656372	3.55450010299683
19.672694	0.104250006377697	19.678927	3.55562520027161
19.695239	0.106500007212162	19.701472	3.55662512779236
19.717791	0.10537500679493	19.724023	3.55787515640259
19.740353	0.103875003755093	19.746586	3.55775022506714
19.762906	0.104625001549721	19.769139	3.55662512779236
19.785461	0.103750005364418	19.791699	3.55600023269653
19.808018	0.105000004172325	19.814251	3.55487513542175
19.830575	0.104500003159046	19.836814	3.5558750629425
19.853136	0.104250006377697	19.859373	3.55750012397766
19.875691	0.107625007629395	19.881928	3.55862522125244
19.898246	0.106500007212162	19.904478	3.55900025367737
19.920817	0.106750003993511	19.92705	3.55925011634827
19.94337	0.105125002563	19.949603	3.55700016021729
19.965922	0.104000002145767	19.97216	3.55737519264221
19.988478	0.104375004768372	19.994711	3.55712509155273
20.011035	0.10537500679493	20.017267	3.55712509155273
20.033604	0.105000004172325	20.039841	3.55887508392334
20.056162	0.106375001370907	20.062399	3.56012511253357
20.078719	0.106375001370907	20.084952	3.56075024604797
20.101277	0.105125002563	20.107511	3.56062507629395
20.123843	0.104875005781651	20.130081	3.55887508392334
20.146401	0.102875001728535	20.152633	3.55812525749207
20.168945	0.104750007390976	20.175177	3.55812525749207
20.191501	0.105875007808208	20.197734	3.55900025367737
20.214063	0.105000004172325	20.220301	3.56100010871887
20.236621	0.106375001370907	20.242853	3.56187510490417
20.259187	0.108500003814697	20.265419	3.56212520599365
20.281743	0.103875003755093	20.287976	3.56162524223328
20.304308	0.104625001549721	20.310545	3.55987524986267
20.326856	0.104875005781651	20.333109	3.55900025367737
20.349436	0.105500005185604	20.355669	3.55975008010864
20.371992	0.104500003159046	20.378224	3.56100010871887
20.394548	0.104875005781651	20.400785	3.56250023841858
20.417108	0.106750003993511	20.423341	3.5622501373291
20.439667	0.104750007390976	20.445899	3.5631251335144
20.462251	0.10537500679493	20.468488	3.56175017356873
20.484809	0.104875005781651	20.491048	3.56075024604797
20.507374	0.104750007390976	20.513608	3.5602502822876
20.529933	0.104750007390976	20.536165	3.5605001449585
20.552491	0.105875007808208	20.558723	3.56287527084351
20.575042	0.105875007808208	20.581279	3.56337523460388
20.597598	0.110625006258488	20.603831	3.56450009346008
20.620154	0.104500003159046	20.626388	3.56425023078918
20.64271	0.110000006854534	20.648937	3.56325006484985
20.665271	0.105125002563	20.671505	3.5620002746582
20.687826	0.106375001370907	20.694064	3.56162524223328
20.710386	0.10537500679493	20.71662	3.56237506866455
20.73294	0.105750001966953	20.739184	3.56300020217896
20.755503	0.10725000500679	20.761735	3.56487512588501
20.778054	0.10725000500679	20.784288	3.56537508964539
20.800627	0.106000006198883	20.806859	3.56537508964539
20.823194	0.10537500679493	20.829431	3.56412506103516
20.845777	0.103250004351139	20.852015	3.56287527084351
20.868337	0.106125004589558	20.87457	3.56287527084351
20.890895	0.105875007808208	20.897127	3.56350016593933
20.913446	0.105625003576279	20.919684	3.56462526321411
20.936003	0.10725000500679	20.942241	3.56625008583069
20.958561	0.105625003576279	20.964794	3.56662511825562
20.981127	0.106000006198883	20.987359	3.56612515449524
21.003695	0.104625001549721	21.009932	3.56412506103516
21.026252	0.10537500679493	21.032489	3.56375026702881
21.04881	0.106250002980232	21.055042	3.56375026702881
21.071367	0.105625003576279	21.077599	3.56475019454956
21.093919	0.105875007808208	21.100157	3.56575012207031
21.116476	0.107625007629395	21.122713	3.56762528419495
21.139032	0.105875007808208	21.145265	3.56762528419495
21.161589	0.105875007808208	21.167821	3.56612515449524
21.184155	0.103625006973743	21.190392	3.56525015830994
21.206711	0.104750007390976	21.212944	3.56475019454956
21.229291	0.106125004589558	21.235523	3.56475019454956
21.251847	0.105250008404255	21.258079	3.56637525558472
21.274399	0.106750003993511	21.280637	3.56737518310547
21.296956	0.106000006198883	21.303196	3.56825017929077
21.31952	0.106750003993511	21.325752	3.56850028038025
21.342079	0.105250008404255	21.348321	3.56687521934509
21.364632	0.105000004172325	21.37087	3.56587505340576
21.387203	0.10537500679493	21.393436	3.56550025939941
21.409752	0.106125004589558	21.415984	3.56612515449524
21.432307	0.106000006198883	21.43854	3.56750011444092
21.454861	0.106875002384186	21.461094	3.56850028038025
21.477434	0.106000006198883	21.483688	3.56925010681152
21.500006	0.105000004172325	21.506239	3.56900024414062
21.522564	0.106000006198883	21.528808	3.56750011444092
21.545127	0.104125007987022	21.551369	3.56637525558472
21.567706	0.104750007390976	21.573956	3.56662511825562
21.590275	0.10537500679493	21.596508	3.56725025177002
21.612828	0.105750001966953	21.619061	3.56850028038025
21.63538	0.108000002801418	21.641617	3.5697500705719
21.657937	0.105500005185604	21.66417	3.57000017166138
21.680494	0.105875007808208	21.686726	3.56925010681152
21.703046	0.105875007808208	21.709303	3.56787514686584
21.725622	0.108750008046627	21.731856	3.56675028800964
21.748178	0.106250002980232	21.75441	3.56712508201599
21.770736	0.105875007808208	21.776969	3.56812524795532
21.793293	0.106625005602837	21.799527	3.56962513923645
21.815847	0.107500001788139	21.822079	3.57050013542175
21.838421	0.105875007808208	21.84466	3.57050013542175
21.860983	0.105250008404255	21.867217	3.569500207901
21.883557	0.105500005185604	21.889794	3.56837511062622
21.906114	0.105750001966953	21.912346	3.5677502155304
21.928668	0.106125004589558	21.934908	3.56787514686584
21.951234	0.105750001966953	21.957466	3.56937527656555
21.973786	0.106250002980232	21.980023	3.57025027275085
21.996341	0.107875004410744	22.002578	3.5715000629425
22.018899	0.105750001966953	22.025131	3.5715000629425
22.041456	0.106125004589558	22.047689	3.57025027275085
22.06402	0.104500003159046	22.070258	3.56875014305115
22.086576	0.105250008404255	22.092808	3.56812524795532
22.109128	0.10537500679493	22.115361	3.56912517547607
22.131686	0.106125004589558	22.137918	3.57025027275085
22.154238	0.107375003397465	22.160475	3.57175016403198
22.176794	0.106875002384186	22.183027	3.57225012779236
22.199351	0.106000006198883	22.205584	3.57137513160706
22.221907	0.106625005602837	22.22814	3.57050013542175
22.244455	0.105250008404255	22.250688	3.56937527656555
22.266998	0.105250008404255	22.273231	3.56937527656555
22.289555	0.106375001370907	22.295788	3.5703752040863
22.31211	0.106625005602837	22.318343	3.57162523269653
22.334667	0.109000004827976	22.340904	3.57325005531311
22.357224	0.106125004589558	22.363456	3.57325005531311
22.37978	0.105875007808208	22.386012	3.57162523269653
22.402336	0.106000006198883	22.408564	3.57125020027161
22.424893	0.105125002563	22.43113	3.57000017166138
22.44745	0.106000006198883	22.453683	3.57000017166138
22.470036	0.105625003576279	22.476269	3.57100009918213
22.492593	0.106000006198883	22.498828	3.57275009155273
22.515162	0.108250007033348	22.5214	3.57350015640259
22.537719	0.105250008404255	22.543956	3.57375025749207
22.56028	0.106875002384186	22.566512	3.57237505912781
22.582832	0.106000006198883	22.58907	3.5715000629425
22.605405	0.105250008404255	22.611643	3.5706250667572
22.627962	0.106375001370907	22.634195	3.57100009918213
22.650521	0.105875007808208	22.656753	3.57262516021729
22.673086	0.106500007212162	22.679324	3.57362508773804
22.695645	0.107125006616116	22.701883	3.57475018501282
22.718201	0.106000006198883	22.724442	3.57450008392334
22.740766	0.105500005185604	22.746999	3.57300019264221
22.763317	0.105500005185604	22.769555	3.57225012779236
22.785878	0.106250002980232	22.792112	3.57137513160706
22.808432	0.106625005602837	22.814665	3.57200026512146
22.830986	0.105125002563	22.837225	3.57362508773804
22.853552	0.107500001788139	22.859786	3.57462525367737
22.876109	0.106750003993511	22.882342	3.57525014877319
22.898664	0.106500007212162	22.904897	3.57450008392334
22.921217	0.105625003576279	22.927449	3.57350015640259
22.943782	0.106250002980232	22.950019	3.57262516021729
22.966353	0.105750001966953	22.972591	3.57250022888184
22.988911	0.106125004589558	22.995143	3.57337522506714
23.01147	0.105125002563	23.017703	3.57475018501282
23.034022	0.107750006020069	23.04026	3.57537508010864
23.056579	0.108625002205372	23.062812	3.57650017738342
23.079132	0.106000006198883	23.085365	3.57487511634827
23.101689	0.105625003576279	23.107922	3.57450008392334
23.12424	0.10537500679493	23.130478	3.57300019264221
23.146801	0.105000004172325	23.153034	3.57350015640259
23.169357	0.107125006616116	23.17559	3.57437515258789
23.191909	0.106625005602837	23.198142	3.5758752822876
23.214462	0.107750006020069	23.220699	3.57687520980835
23.237018	0.107375003397465	23.243251	3.5770001411438
23.259576	0.106375001370907	23.265808	3.57662510871887
23.282131	0.106000006198883	23.288364	3.57487511634827
23.304683	0.10537500679493	23.31092	3.57400012016296
23.327241	0.106250002980232	23.33349	3.57437515258789
23.349816	0.106625005602837	23.356047	3.57600021362305
23.372372	0.106250002980232	23.378614	3.57662510871887
23.394933	0.108500003814697	23.40117	3.5776252746582
23.417489	0.106250002980232	23.423722	3.5776252746582
23.440046	0.106500007212162	23.446273	3.57662510871887
23.462619	0.10537500679493	23.468873	3.57562518119812
23.485198	0.107000008225441	23.491426	3.57462525367737
23.507753	0.106875002384186	23.513987	3.57512521743774
23.530309	0.107375003397465	23.536542	3.57687520980835
23.552865	0.10537500679493	23.5591	3.5778751373291
23.57542	0.107750006020069	23.581658	3.57850027084351
23.597979	0.106375001370907	23.604212	3.57725024223328
23.620536	0.106875002384186	23.626768	3.57712507247925
23.643088	0.105500005185604	23.649325	3.5758752822876
23.665646	0.105875007808208	23.671883	3.57600021362305
23.688201	0.106625005602837	23.694443	3.5767502784729
23.710782	0.106250002980232	23.717015	3.57812523841858
23.733329	0.107750006020069	23.739567	3.57925009727478
23.755888	0.10725000500679	23.762125	3.57937526702881
23.778444	0.106250002980232	23.784677	3.57887506484985
23.801001	0.106375001370907	23.807233	3.5778751373291
23.823551	0.105625003576279	23.829789	3.57650017738342
23.846143	0.107000008225441	23.852382	3.57662510871887
23.868709	0.106875002384186	23.874949	3.5776252746582
23.891271	0.106375001370907	23.897503	3.57912516593933
23.913825	0.10725000500679	23.920058	3.58037519454956
23.936377	0.106625005602837	23.942614	3.58012509346008
23.958937	0.107000008225441	23.96517	3.57900023460388
23.98149	0.10300000756979	23.987722	3.57825016975403
24.00406	0.106375001370907	24.010293	3.57737517356873
24.026618	0.106500007212162	24.032851	3.5776252746582
24.049188	0.104750007390976	24.05542	3.57912516593933
24.071739	0.107750006020069	24.077972	3.58025026321411
24.094293	0.109125003218651	24.10053	3.58125019073486
24.116849	0.107125006616116	24.123087	3.58137512207031
24.139412	0.105875007808208	24.145645	3.57987523078918
24.161969	0.106000006198883	24.168202	3.57912516593933
24.184542	0.106625005602837	24.190779	3.57837510108948
24.207098	0.106750003993511	24.213331	3.57900023460388
24.229655	0.106250002980232	24.235888	3.57975006103516
24.252225	0.107875004410744	24.258459	3.58112525939941
24.27477	0.106875002384186	24.281002	3.58175015449524
24.297321	0.106250002980232	24.303573	3.58162522315979
24.319896	0.106500007212162	24.326123	3.58062505722046
24.342453	0.104875005781651	24.348699	3.57950019836426
24.365018	0.106000006198883	24.371255	3.57887506484985
24.387575	0.103875003755093	24.393807	3.58025026321411
24.410133	0.107875004410744	24.416366	3.58125019073486
24.43269	0.109000004827976	24.438922	3.58262515068054
24.455257	0.106500007212162	24.461496	3.58275008201599
24.477837	0.106750003993511	24.48407	3.58175015449524
24.500403	0.106500007212162	24.506636	3.58100008964539
24.522957	0.106500007212162	24.52919	3.57962512969971
24.54551	0.107125006616116	24.551747	3.57987523078918
24.568062	0.105875007808208	24.574301	3.58087515830994
24.590643	0.107000008225441	24.596876	3.58200025558472
24.613196	0.108375005424023	24.619433	3.58387517929077
24.635756	0.107000008225441	24.641994	3.58325028419495
24.658324	0.105750001966953	24.664557	3.58275008201599
24.680882	0.106375001370907	24.687114	3.58162522315979
24.703434	0.106375001370907	24.709672	3.58025026321411
24.725992	0.109500005841255	24.73223	3.58087515830994
24.74855	0.106875002384186	24.754783	3.58225011825562
24.77111	0.106125004589558	24.777343	3.58312511444092
24.793683	0.10725000500679	24.799915	3.58412528038025
24.816238	0.109250001609325	24.822475	3.58387517929077
24.838819	0.106125004589558	24.845057	3.58287525177002
24.861385	0.10962500423193	24.867618	3.58175015449524
24.883958	0.106750003993511	24.890197	3.58150005340576
24.906516	0.107500001788139	24.912754	3.58187508583069
24.929097	0.106125004589558	24.935331	3.58250021934509
24.951654	0.108375005424023	24.957886	3.58375024795532
24.974213	0.107750006020069	24.980446	3.58475017547607
24.996768	0.10725000500679	25.003006	3.5842502117157
25.019328	0.105250008404255	25.025561	3.58325028419495
25.041876	0.10537500679493	25.048108	3.58237528800964
25.06444	0.106250002980232	25.070672	3.58212518692017
25.087007	0.107375003397465	25.09324	3.58275008201599
25.109566	0.107000008225441	25.115798	3.58362507820129
25.132125	0.108750008046627	25.138358	3.58487510681152
25.154677	0.108625002205372	25.160914	3.58575010299683
25.177233	0.106000006198883	25.183486	3.58475017547607
25.199811	0.106375001370907	25.206043	3.58375024795532
25.222367	0.105000004172325	25.22861	3.58262515068054
25.24493	0.107625007629395	25.251167	3.58237528800964
25.267488	0.106375001370907	25.27372	3.58362507820129
25.29004	0.107125006616116	25.296273	3.58462524414062
25.3126	0.109250001609325	25.318833	3.58587527275085
25.335153	0.10725000500679	25.341392	3.58575010299683
25.357712	0.106750003993511	25.363956	3.58525013923645
25.380279	0.106250002980232	25.386512	3.58325028419495
25.402831	0.10725000500679	25.409064	3.58312511444092
25.425384	0.10725000500679	25.431621	3.58312511444092
25.447938	0.105750001966953	25.454179	3.58437514305115
25.470525	0.108125008642673	25.476759	3.58575010299683
25.493098	0.109000004827976	25.499342	3.58700013160706
25.515663	0.10725000500679	25.521901	3.5862500667572
25.538224	0.106500007212162	25.544456	3.585125207901
25.560781	0.107125006616116	25.567013	3.58375024795532
25.583398	0.106375001370907	25.589664	3.58325028419495
25.606047	0.106875002384186	25.612317	3.58387517929077
25.628725	0.107125006616116	25.634995	3.58500027656555
25.651351	0.108000002801418	25.65758	3.58637523651123
25.673911	0.108375005424023	25.680144	3.58612513542175
25.696477	0.105875007808208	25.702715	3.58637523651123
25.719038	0.106875002384186	25.72527	3.58462524414062
25.741595	0.105875007808208	25.747827	3.58400011062622
25.764154	0.107000008225441	25.770392	3.58412528038025
25.786712	0.106375001370907	25.792944	3.58462524414062
25.809289	0.106625005602837	25.815521	3.58612513542175
25.831857	0.107500001788139	25.838097	3.58725023269653
25.854419	0.107625007629395	25.860656	3.58762526512146
25.876979	0.107125006616116	25.883213	3.58637523651123
25.899539	0.107625007629395	25.905772	3.58437514305115
25.922096	0.105875007808208	25.928329	3.5842502117157
25.944648	0.106875002384186	25.950886	3.58462524414062
25.967205	0.106125004589558	25.973438	3.58575010299683
25.989763	0.106500007212162	25.995995	3.58687520027161
26.01232	0.10725000500679	26.018554	3.58800005912781
26.034866	0.107375003397465	26.041104	3.58762526512146
26.057427	0.107625007629395	26.063675	3.58687520027161
26.079995	0.106375001370907	26.086228	3.5853750705719
26.10256	0.107375003397465	26.108808	3.58487510681152
26.125129	0.106875002384186	26.131361	3.58487510681152
26.14768	0.106875002384186	26.153913	3.5862500667572
26.170241	0.113750003278255	26.176474	3.58800005912781
26.192809	0.109000004827976	26.199041	3.58812522888184
26.215362	0.106375001370907	26.2216	3.58812522888184
26.237918	0.106250002980232	26.244155	3.58612513542175
26.260479	0.106250002980232	26.266712	3.58575010299683
26.283031	0.107000008225441	26.289264	3.58550024032593
26.305582	0.106625005602837	26.31182	3.5860002040863
26.32814	0.106500007212162	26.334378	3.58750009536743
26.350703	0.108500003814697	26.356935	3.58812522888184
26.37326	0.108125008642673	26.379498	3.58875012397766
26.395817	0.106875002384186	26.402055	3.58837509155273
26.418376	0.107125006616116	26.424608	3.58662509918213
26.440932	0.106250002980232	26.447165	3.58562517166138
26.463513	0.107625007629395	26.469758	3.58525013923645
26.486075	0.107625007629395	26.492315	3.58662509918213
26.508648	0.109125003218651	26.514881	3.58725023269653
26.531224	0.108375005424023	26.537457	3.58837509155273
26.553778	0.107625007629395	26.560015	3.58862519264221
26.576341	0.107625007629395	26.582579	3.58800005912781
26.5989	0.106625005602837	26.605133	3.5871250629425
26.621456	0.107125006616116	26.627688	3.5860002040863
26.644002	0.106625005602837	26.65024	3.58612513542175
26.66656	0.107000008225441	26.672808	3.58687520027161
26.689128	0.106500007212162	26.695361	3.58850026130676
26.711698	0.108125008642673	26.717931	3.58912515640259
26.734245	0.107125006616116	26.740479	3.58912515640259
26.756799	0.107125006616116	26.763031	3.58837509155273
26.779355	0.106250002980232	26.785588	3.58675026893616
26.801911	0.106375001370907	26.808143	3.58637523651123
26.824462	0.107125006616116	26.8307	3.5871250629425
26.847047	0.106250002980232	26.853289	3.58837509155273
26.869614	0.109125003218651	26.875847	3.58900022506714
26.892186	0.108500003814697	26.89842	3.59037518501282
26.914739	0.107750006020069	26.920971	3.58950018882751
26.937291	0.10725000500679	26.943524	3.58825016021729
26.959847	0.106375001370907	26.96608	3.58737516403198
26.982404	0.104375004768372	26.988638	3.58700013160706
27.004957	0.106500007212162	27.011194	3.58700013160706
27.027513	0.106625005602837	27.033745	3.58862519264221
27.050068	0.10725000500679	27.056301	3.58950018882751
27.072622	0.108125008642673	27.078855	3.59000015258789
27.095177	0.107000008225441	27.101409	3.58975005149841
27.117729	0.106625005602837	27.123962	3.58825016021729
27.140283	0.106875002384186	27.146516	3.58737516403198
27.162835	0.107500001788139	27.169068	3.58637523651123
27.185387	0.107750006020069	27.191625	3.58825016021729
27.207945	0.106875002384186	27.214178	3.58912515640259
27.230517	0.107875004410744	27.23675	3.59037518501282
27.253084	0.108000002801418	27.259321	3.59062528610229
27.275643	0.107750006020069	27.28188	3.58987522125244
27.298199	0.106625005602837	27.304441	3.58800005912781
27.320766	0.106750003993511	27.326999	3.58787512779236
27.343323	0.106500007212162	27.34956	3.58762526512146
27.365879	0.104750007390976	27.372117	3.58825016021729
27.388435	0.107375003397465	27.394667	3.58962512016296
27.410995	0.108750008046627	27.417227	3.59037518501282
27.433546	0.107875004410744	27.439784	3.59050011634827
27.456103	0.109000004827976	27.462359	3.59000015258789
27.478711	0.106875002384186	27.484945	3.58800005912781
27.50127	0.106500007212162	27.507503	3.58775019645691
27.523824	0.107500001788139	27.530062	3.58800005912781
27.54638	0.10725000500679	27.552617	3.58925008773804
27.568938	0.107500001788139	27.57517	3.59012508392334
27.591495	0.109000004827976	27.597732	3.59075021743774
27.614064	0.106625005602837	27.620304	3.59037518501282
27.636616	0.107375003397465	27.642854	3.58900022506714
27.659187	0.106750003993511	27.66542	3.58862519264221
27.681743	0.106000006198883	27.687971	3.5871250629425
27.704293	0.106250002980232	27.71053	3.58837509155273
27.72685	0.106375001370907	27.733087	3.58962512016296
27.749411	0.108125008642673	27.755644	3.59087514877319
27.771967	0.108125008642673	27.7782	3.59075021743774
27.794558	0.108250007033348	27.800795	3.59062528610229
27.817114	0.107125006616116	27.823352	3.58950018882751
27.839695	0.105875007808208	27.845928	3.58875012397766
27.862255	0.106500007212162	27.868488	3.58800005912781
27.884808	0.107000008225441	27.891046	3.58912515640259
27.907366	0.107750006020069	27.913599	3.58975005149841
27.929923	0.108750008046627	27.936156	3.59137511253357
27.95248	0.107500001788139	27.958714	3.59162521362305
27.975048	0.107125006616116	27.981286	3.59125018119812
27.997605	0.106125004589558	28.003838	3.58937525749207
28.020163	0.105875007808208	28.026395	3.58900022506714
28.042719	0.106125004589558	28.048952	3.58837509155273
28.065272	0.108375005424023	28.071509	3.58912515640259
28.087829	0.107375003397465	28.094064	3.59075021743774
28.110389	0.108500003814697	28.116621	3.5917501449585
28.132949	0.106500007212162	28.139188	3.5917501449585
28.155507	0.107875004410744	28.16174	3.59012508392334
28.178064	0.106250002980232	28.184297	3.58962512016296
28.200626	0.106500007212162	28.206859	3.58787512779236
28.223192	0.104625001549721	28.229425	3.58912515640259
28.245745	0.107500001788139	28.251978	3.59037518501282
28.268318	0.108500003814697	28.274555	3.59137511253357
28.290894	0.108375005424023	28.297127	3.59187507629395
28.313448	0.107000008225441	28.31968	3.59200024604797
28.336004	0.107125006616116	28.342242	3.59037518501282
28.358563	0.106125004589558	28.364796	3.58950018882751
28.38112	0.106625005602837	28.387353	3.58887505531311
28.403681	0.10725000500679	28.409919	3.58925008773804
28.426237	0.110125005245209	28.432475	3.59112524986267
28.44881	0.108625002205372	28.455042	3.59137511253357
28.471392	0.108625002205372	28.477626	3.5923752784729
28.493994	0.106875002384186	28.500228	3.5917501449585
28.516554	0.106125004589558	28.522812	3.59075021743774
28.539133	0.111000008881092	28.545366	3.58950018882751
28.561691	0.106500007212162	28.567924	3.58937525749207
28.584244	0.107000008225441	28.590482	3.59000015258789
28.606802	0.107375003397465	28.613034	3.59137511253357
28.629358	0.108375005424023	28.635591	3.59275007247925
28.651918	0.11150000244379	28.658151	3.5926251411438
28.674485	0.107000008225441	28.680723	3.59162521362305
28.697043	0.106750003993511	28.703289	3.59075021743774
28.719614	0.103375002741814	28.725842	3.58925008773804
28.742162	0.105500005185604	28.748415	3.59000015258789
28.764734	0.107500001788139	28.770972	3.59062528610229
28.787291	0.108375005424023	28.793523	3.59162521362305
28.809847	0.108250007033348	28.816079	3.59300017356873
28.832419	0.106875002384186	28.838665	3.59287524223328
28.855005	0.107000008225441	28.861243	3.59112524986267
28.877564	0.106500007212162	28.883796	3.59087514877319
28.900122	0.107500001788139	28.906354	3.58900022506714
28.922678	0.107375003397465	28.928912	3.58987522125244
28.945232	0.109125003218651	28.951469	3.5917501449585
28.967787	0.109375007450581	28.97402	3.5923752784729
28.990344	0.10987500846386	28.996576	3.59287524223328
29.012906	0.107000008225441	29.019139	3.59312510490417
29.03546	0.107000008225441	29.041698	3.59125018119812
29.058017	0.106375001370907	29.06425	3.59075021743774
29.080574	0.103875003755093	29.086807	3.59000015258789
29.103124	0.108750008046627	29.109362	3.59037518501282
29.12568	0.10725000500679	29.131917	3.5915002822876
29.148236	0.109750002622604	29.154469	3.5926251411438
29.170792	0.107750006020069	29.177024	3.5935001373291
29.193343	0.107500001788139	29.199581	3.59275007247925
29.2159	0.107875004410744	29.222133	3.59112524986267
29.238453	0.107000008225441	29.244691	3.59075021743774
29.261012	0.108375005424023	29.267245	3.59050011634827
29.283577	0.107000008225441	29.289815	3.59112524986267
29.306137	0.108875006437302	29.31237	3.59250020980835
29.32871	0.10962500423193	29.334943	3.59387516975403
29.351265	0.106125004589558	29.357497	3.59362506866455
29.37382	0.107625007629395	29.380057	3.59225010871887
29.396377	0.106625005602837	29.402614	3.59200024604797
29.418935	0.107875004410744	29.425168	3.59087514877319
29.441492	0.108125008642673	29.447719	3.59062528610229
29.464077	0.106625005602837	29.470313	3.5917501449585
29.486633	0.110875003039837	29.492866	3.59300017356873
29.509188	0.108625002205372	29.515421	3.59375023841858
29.531751	0.108250007033348	29.537983	3.59387516975403
29.554303	0.107000008225441	29.56054	3.5926251411438
29.576862	0.107000008225441	29.583095	3.5917501449585
29.599419	0.105875007808208	29.605651	3.59075021743774
29.621975	0.10725000500679	29.628208	3.59137511253357
29.644548	0.110875003039837	29.650785	3.59225010871887
29.667104	0.112250007688999	29.673337	3.59337520599365
29.689656	0.108875006437302	29.695889	3.59400010108948
29.712215	0.107625007629395	29.718447	3.59400010108948
29.734782	0.106500007212162	29.741019	3.5926251411438
29.757338	0.107000008225441	29.763566	3.59187507629395
29.779894	0.10725000500679	29.786126	3.59100008010864
29.80245	0.106875002384186	29.808703	3.59137511253357
29.825023	0.107875004410744	29.83126	3.59287524223328
29.847615	0.108625002205372	29.853868	3.5943751335144
29.870194	0.108250007033348	29.876427	3.59400010108948
29.892752	0.108750008046627	29.898985	3.5932502746582
