Time_sec1	Voltage_A0TG	Time_sec2	Voltage_A1TG
0	0.901500046253204	0.006233	3.62625026702881
0.022553	0.902125060558319	0.028787	3.62687516212463
0.045106	0.902500033378601	0.051344	3.62725019454956
0.067663	0.902750015258789	0.073896	3.62862515449524
0.090223	0.902875065803528	0.096456	3.62912511825562
0.112774	0.902750015258789	0.119007	3.62912511825562
0.135326	0.901875019073486	0.141564	3.62825012207031
0.157883	0.902750015258789	0.164116	3.62650012969971
0.180441	0.902625024318695	0.186673	3.62550020217896
0.203018	0.901875019073486	0.209256	3.62625026702881
0.225574	0.901625037193298	0.231812	3.62712526321411
0.248142	0.904000043869019	0.254375	3.62850022315979
0.270697	0.901625037193298	0.27693	3.62812519073486
0.293251	0.902000069618225	0.299484	3.62825012207031
0.315803	0.902000069618225	0.322035	3.62700009346008
0.338354	0.901875019073486	0.344587	3.62612509727478
0.360909	0.902125060558319	0.367141	3.62575006484985
0.383461	0.902000069618225	0.389694	3.62637519836426
0.406012	0.902500033378601	0.412245	3.62712526321411
0.428566	0.903125047683716	0.434798	3.62850022315979
0.451123	0.902625024318695	0.457362	3.62850022315979
0.473695	0.901500046253204	0.479932	3.62850022315979
0.496252	0.901875019073486	0.502485	3.62662506103516
0.518823	0.901000022888184	0.525056	3.6256251335144
0.541381	0.902000069618225	0.547613	3.62537527084351
0.563928	0.902875065803528	0.570165	3.62612509727478
0.586521	0.902125060558319	0.592757	3.62787508964539
0.609092	0.903000056743622	0.61532	3.62875008583069
0.631641	0.902500033378601	0.637875	3.62850022315979
0.654198	0.901875019073486	0.660435	3.62775015830994
0.676755	0.901625037193298	0.682988	3.62587523460388
0.699313	0.901500046253204	0.705545	3.62575006484985
0.721869	0.902125060558319	0.728102	3.62525010108948
0.744421	0.901250064373016	0.750658	3.62625026702881
0.766976	0.902125060558319	0.773208	3.62737512588501
0.789533	0.901500046253204	0.795765	3.62837505340576
0.812099	0.902125060558319	0.818341	3.62762522697449
0.834652	0.902500033378601	0.840885	3.62662506103516
0.857204	0.901250064373016	0.863437	3.6256251335144
0.879761	0.901875019073486	0.885988	3.62500023841858
0.902351	0.901875019073486	0.908586	3.62512516975403
0.924906	0.902000069618225	0.931144	3.62650012969971
0.947462	0.902625024318695	0.953714	3.62775015830994
0.970045	0.902375042438507	0.976282	3.62800025939941
0.992619	0.901875019073486	0.998856	3.62800025939941
1.015177	0.902625024318695	1.021415	3.62625026702881
1.037739	0.900625050067902	1.043973	3.62537527084351
1.060298	0.901625037193298	1.06653	3.62412524223328
1.08285	0.90137505531311	1.089088	3.62537527084351
1.105409	0.901750028133392	1.111647	3.62687516212463
1.127967	0.902625024318695	1.1342	3.62762522697449
1.150524	0.901625037193298	1.156756	3.62787508964539
1.173112	0.901750028133392	1.17935	3.62750005722046
1.195666	0.902875065803528	1.201904	3.62575006484985
1.218237	0.902000069618225	1.224471	3.6247501373291
1.240795	0.901250064373016	1.247027	3.62462520599365
1.263347	0.901625037193298	1.269584	3.62512516975403
1.285903	0.90137505531311	1.29214	3.62700009346008
1.308459	0.902875065803528	1.314691	3.62750005722046
1.331014	0.902000069618225	1.337247	3.62750005722046
1.353596	0.902750015258789	1.359829	3.62675023078918
1.376151	0.901500046253204	1.382383	3.62512516975403
1.398713	0.901000022888184	1.404946	3.6247501373291
1.421267	0.902125060558319	1.4275	3.62400007247925
1.443819	0.902125060558319	1.450051	3.62512516975403
1.466379	0.901500046253204	1.47262	3.62675023078918
1.488944	0.901750028133392	1.495177	3.62675023078918
1.511501	0.902750015258789	1.517734	3.62737512588501
1.534074	0.901625037193298	1.540312	3.62437510490417
1.55663	0.901250064373016	1.562863	3.62050008773804
1.579187	0.817750036716461	1.585446	3.61625027656555
1.601773	0.70787501335144	1.608003	3.60225009918213
1.624351	0.616125047206879	1.630589	3.5697500705719
1.646914	0.534125030040741	1.653148	3.52100014686584
1.669473	0.463500022888184	1.675705	3.45362520217896
1.692033	0.395250022411346	1.698266	3.37800025939941
1.714585	0.338125020265579	1.720823	3.2902500629425
1.737144	0.280875027179718	1.743396	3.20312523841858
1.75972	0.232375010848045	1.765952	3.11050009727478
1.782277	0.188875004649162	1.788512	3.02500009536743
1.804833	0.152375012636185	1.81107	2.93700003623962
1.827403	0.121625006198883	1.833636	2.85625004768372
1.849952	0.0946250036358833	1.85618	2.77537512779236
1.8725	0.0672500059008598	1.878733	2.7028751373291
1.895052	0.0440000034868717	1.90129	2.63237524032593
1.91761	0.0181250013411045	1.923837	2.57275009155273
1.940163	0.000375000003259629	1.946396	2.51737523078918
1.962742	0.000500000023748726	1.96898	2.47287511825562
1.9853	0.00175000005401671	1.991538	2.43250012397766
2.007862	0.00437500001862645	2.014095	2.3985002040863
2.030421	0.00412499997764826	2.036653	2.36625003814697
2.052982	0.00112500006798655	2.05922	2.33637499809265
2.075545	0.000125000005937181	2.081782	2.3113751411438
2.098102	-0.000250000011874363	2.104335	2.28812503814697
2.120659	0.00137500010896474	2.126891	2.26850008964539
2.143211	0.000875000027008355	2.149449	2.25174999237061
2.165768	0.00262500019744039	2.172005	2.23737502098083
2.188341	0.00362500012852252	2.194574	2.22437500953674
2.210912	0.00300000002607703	2.217144	2.21150016784668
2.233464	0.00112500006798655	2.239702	2.19900012016296
2.256022	0.00125000008847564	2.26226	2.1875
2.278579	0.000625000044237822	2.284812	2.17750000953674
2.301137	0.000875000027008355	2.307369	2.16950011253357
2.323688	0.00175000005401671	2.329925	2.16312503814697
2.346244	0.00312500004656613	2.352477	2.15787506103516
2.368823	0.00362500012852252	2.375056	2.15225005149841
2.391382	0.00175000005401671	2.397615	2.14637517929077
2.413935	0.00125000008847564	2.420168	2.14025020599365
2.43649	-0.000125000005937181	2.442726	2.13487505912781
2.459054	0.00100000004749745	2.465287	2.1302502155304
2.481609	0.000875000027008355	2.487851	2.12737512588501
2.504172	0.000125000005937181	2.510404	2.125
2.526724	0.0020000000949949	2.532957	2.12312507629395
2.549281	0.00412499997764826	2.555513	2.12075018882751
2.571848	0.00100000004749745	2.578082	2.1175000667572
2.594417	0.000250000011874363	2.60065	2.11412501335144
2.616971	-0.000500000023748726	2.623219	2.11112499237061
2.639544	0.00100000004749745	2.645776	2.10862517356873
2.662101	0.000875000027008355	2.668337	2.10837507247925
2.684655	0.00125000008847564	2.690892	2.10662508010864
2.707212	0.00312500004656613	2.713444	2.1073751449585
2.729759	0.00237500015646219	2.735997	2.10487508773804
2.752342	0.000625000044237822	2.758575	2.10212516784668
2.774885	-0.000250000011874363	2.781118	2.10025000572205
2.797437	0.000375000003259629	2.803684	2.09837508201599
2.820009	0.000750000006519258	2.826241	2.09724998474121
2.842561	0.000500000023748726	2.848793	2.09837508201599
2.865113	0.00100000004749745	2.87135	2.09775018692017
2.88766	0.00250000017695129	2.893898	2.09775018692017
2.910222	0.00112500006798655	2.916454	2.10237503051758
2.932787	0.000500000023748726	2.939025	2.09962511062622
2.955361	-0.000250000011874363	2.961601	2.09825015068054
2.977946	0.000750000006519258	2.984179	2.09675002098083
3.000504	0.00175000005401671	3.006737	2.09637498855591
3.023058	0.002125000115484	3.029295	2.09775018692017
3.045615	0.00350000010803342	3.051853	2.09837508201599
3.068172	0.00587500026449561	3.074406	2.09962511062622
3.090729	0.00550000043585896	3.096961	2.10137510299683
3.113311	0.00512500014156103	3.119549	2.10425019264221
3.135868	0.00525000039488077	3.142106	2.10862517356873
3.158431	0.00587500026449561	3.164663	2.11387515068054
3.180987	0.00662500038743019	3.18722	2.11925005912781
3.20354	0.00824999995529652	3.209777	2.12537503242493
3.226096	0.00962500087916851	3.232339	2.13012504577637
3.248658	0.0102500002831221	3.254891	2.13387513160706
3.271216	0.00887500029057264	3.277448	2.13537502288818
3.293781	0.00950000062584877	3.300019	2.13600015640259
3.316337	0.0100000007078052	3.32257	2.13650012016296
3.338893	0.0115000009536743	3.345125	2.13700008392334
3.361449	0.0122500006109476	3.367682	2.13875007629395
3.384001	0.0121250003576279	3.390238	2.1403751373291
3.406557	0.0142500009387732	3.41279	2.14225006103516
3.429114	0.0155000006780028	3.435346	2.14225006103516
3.451671	0.0142500009387732	3.457906	2.14200019836426
3.474228	0.0145000005140901	3.480461	2.14137506484985
3.496782	0.0143750002607703	3.503015	2.140625
3.519342	0.016499999910593	3.525575	2.14200019836426
3.541894	0.017000000923872	3.548139	2.14375019073486
3.564459	0.0180000010877848	3.570691	2.14562511444092
3.587065	0.0200000014156103	3.593342	2.14775013923645
3.609673	0.0182500015944242	3.615906	2.14900016784668
3.632244	0.0187500007450581	3.638473	2.14937520027161
3.654794	0.0185000002384186	3.661027	2.14937520027161
3.677349	0.0191250015050173	3.683595	2.15012502670288
3.699919	0.0207500010728836	3.706151	2.15237522125244
3.722472	0.0203750003129244	3.728717	2.15550017356873
3.745036	0.023250000551343	3.751273	2.15812516212463
3.767592	0.025000000372529	3.773825	2.16162514686584
3.790162	0.024125000461936	3.796395	2.16387510299683
3.812729	0.023250000551343	3.818961	2.1641252040863
3.835282	0.023250000551343	3.841519	2.16587519645691
3.857853	0.0235000010579824	3.864086	2.16712498664856
3.88041	0.025000000372529	3.886642	2.17000007629395
3.902962	0.0251250006258488	3.909199	2.17475008964539
3.925509	0.0272500012069941	3.931742	2.17900013923645
3.948062	0.0280000008642673	3.954313	2.18175005912781
3.970646	0.0278750006109476	3.976879	2.18425011634827
3.993214	0.0276250019669533	3.999447	2.1863751411438
4.015773	0.0272500012069941	4.022011	2.19012498855591
4.03834	0.0287500005215406	4.044573	2.19400000572205
4.060899	0.0291250012814999	4.067131	2.20062518119812
4.083451	0.0293750017881393	4.089691	2.20775008201599
4.106014	0.0328750014305115	4.112251	2.21550011634827
4.12857	0.0325000025331974	4.134803	2.22087502479553
4.151142	0.0315000005066395	4.157374	2.225750207901
4.173715	0.0322500020265579	4.179953	2.22975015640259
4.196275	0.032124999910593	4.202527	2.23475003242493
4.218852	0.032625000923872	4.225084	2.23975014686584
4.241409	0.0327500030398369	4.247641	2.24600005149841
4.263974	0.0338750034570694	4.270211	2.25337505340576
4.286531	0.0370000004768372	4.292764	2.26100015640259
4.309091	0.0358750000596046	4.315323	2.26737499237061
4.331646	0.0358750000596046	4.337879	2.2728750705719
4.354197	0.0351250022649765	4.360434	2.27837514877319
4.376753	0.0373750030994415	4.382986	2.28400015830994
4.39931	0.0372500009834766	4.405542	2.28975009918213
4.421866	0.0375000014901161	4.428098	2.2966251373291
4.444417	0.0390000008046627	4.450655	2.30237507820129
4.466975	0.0403750017285347	4.473208	2.30750012397766
4.489529	0.0388750024139881	4.495762	2.3105001449585
4.512082	0.0392500013113022	4.518331	2.31287503242493
4.534654	0.0388750024139881	4.540892	2.3133749961853
4.557212	0.0398750007152557	4.56344	2.31475019454956
4.579762	0.0407500006258488	4.585994	2.31662511825562
4.602376	0.0408750027418137	4.608634	2.32000017166138
4.624947	0.0427500009536743	4.631185	2.32575011253357
4.647511	0.0428750030696392	4.653746	2.33562517166138
4.670087	0.0423750020563602	4.67632	2.35025000572205
4.69264	0.0422500036656857	4.698877	2.36825013160706
4.7152	0.0423750020563602	4.721437	2.38987517356873
4.737756	0.0440000034868717	4.743989	2.41300010681152
4.760313	0.0445000007748604	4.766545	2.43687510490417
4.782866	0.0443750023841858	4.789103	2.45912504196167
4.805413	0.0466250032186508	4.811646	2.48075008392334
4.827964	0.0465000011026859	4.834197	2.49937510490417
4.850535	0.0476250015199184	4.856767	2.51587510108948
4.873104	0.0461250022053719	4.879341	2.5303750038147
4.895659	0.0460000038146973	4.901896	2.54462504386902
4.918231	0.0475000031292439	4.924464	2.55825018882751
4.940786	0.0488750040531158	4.947019	2.57300019264221
4.963356	0.0490000024437904	4.969595	2.58612513542175
4.985917	0.0507500022649765	4.992155	2.5990002155304
5.008475	0.049625001847744	5.014707	2.6100001335144
5.031035	0.049625001847744	5.037267	2.61975002288818
5.053611	0.0501250028610229	5.059849	2.62862515449524
5.076172	0.0502500012516975	5.082405	2.63687515258789
5.098724	0.0507500022649765	5.104956	2.64600014686584
5.121281	0.0515000037848949	5.127513	2.65450000762939
5.143832	0.0522500015795231	5.150069	2.66400003433228
5.166388	0.0533750019967556	5.17262	2.67062520980835
5.188958	0.0517500042915344	5.19519	2.6771252155304
5.211505	0.0528750009834766	5.217737	2.68225002288818
5.234079	0.0526250042021275	5.240318	2.68650007247925
5.256638	0.052375003695488	5.26287	2.69087505340576
5.279195	0.0545000024139881	5.285427	2.69612503051758
5.301751	0.054125003516674	5.307984	2.70087504386902
5.324303	0.0561250038444996	5.330541	2.70537519454956
5.346874	0.0567500032484531	5.353106	2.70900011062622
5.369425	0.0553750023245811	5.375657	2.71112513542175
5.391981	0.0567500032484531	5.398233	2.71175003051758
5.414553	0.0560000017285347	5.42079	2.71200013160706
5.43711	0.0560000017285347	5.443342	2.71250009536743
5.459668	0.0567500032484531	5.465901	2.71350002288818
5.482225	0.0572500042617321	5.488458	2.71500015258789
5.504776	0.0591250024735928	5.511013	2.71625018119812
5.527336	0.0585000030696392	5.533586	2.71662521362305
5.549906	0.0583750009536743	5.556138	2.71550011634827
5.572459	0.0590000040829182	5.578693	2.71412515640259
5.595029	0.0580000020563602	5.601264	2.71275019645691
5.617591	0.0588750019669533	5.623831	2.71262502670288
5.640153	0.0593750029802322	5.646386	2.71325016021729
5.662727	0.0602500028908253	5.668964	2.71462512016296
5.685287	0.0626250058412552	5.691524	2.71575021743774
5.707854	0.0623750016093254	5.714087	2.71612501144409
5.730412	0.0617500022053719	5.736644	2.71575021743774
5.752965	0.0626250058412552	5.759202	2.71450018882751
5.775521	0.0620000027120113	5.781758	2.71537518501282
5.798077	0.0621250011026859	5.80431	2.71700024604797
5.820635	0.0622500032186508	5.826868	2.71887516975403
5.843211	0.0637500062584877	5.849449	2.72200012207031
5.865768	0.0655000060796738	5.872006	2.72362518310547
5.88834	0.0638750046491623	5.894573	2.72500014305115
5.910888	0.0637500062584877	5.91712	2.72637510299683
5.93344	0.0635000020265579	5.939678	2.72725009918213
5.956003	0.0636250004172325	5.962241	2.72950005531311
5.978565	0.0643750056624413	5.984798	2.73300004005432
6.001122	0.0641250014305115	6.007349	2.73687505722046
6.023686	0.0663750022649765	6.029923	2.74125003814697
6.046243	0.0672500059008598	6.052476	2.74512505531311
6.068822	0.0655000060796738	6.075054	2.74900007247925
6.091376	0.0671250000596046	6.097609	2.75212502479553
6.11393	0.0657500028610229	6.120167	2.75550007820129
6.136488	0.0663750022649765	6.142726	2.75937509536743
6.15905	0.067500002682209	6.165283	2.76562523841858
6.181617	0.067500002682209	6.187859	2.77275013923645
6.204178	0.0695000067353249	6.210416	2.78000020980835
6.226734	0.069750003516674	6.232966	2.78712511062622
6.249292	0.0682500004768372	6.255525	2.79375004768372
6.271862	0.0690000057220459	6.278094	2.79950022697449
6.294414	0.0678750053048134	6.300651	2.80612516403198
6.316971	0.0692500025033951	6.323209	2.81450009346008
6.339534	0.0700000002980232	6.345767	2.82262516021729
6.36209	0.069750003516674	6.368337	2.83225011825562
6.384657	0.0723750069737434	6.390895	2.84000015258789
6.407215	0.0715000033378601	6.413447	2.84737515449524
6.429772	0.0722500011324883	6.436004	2.85362505912781
6.452345	0.0715000033378601	6.458578	2.85962510108948
6.474898	0.070750005543232	6.481135	2.86525011062622
6.497453	0.0716250017285347	6.503686	2.87162518501282
6.520011	0.0717500001192093	6.526244	2.87950015068054
6.542563	0.0720000043511391	6.548795	2.88700008392334
6.565105	0.0747500061988831	6.571338	2.89325022697449
6.587712	0.0740000009536743	6.593948	2.89900016784668
6.610269	0.0732500031590462	6.616497	2.90325021743774
6.632831	0.0734999999403954	6.63907	2.90737509727478
6.655411	0.0728750005364418	6.661644	2.91162514686584
6.678012	0.0734999999403954	6.684251	2.91700005531311
6.700577	0.0743750035762787	6.706809	2.92262506484985
6.723138	0.0756250023841858	6.729371	2.92862510681152
6.745683	0.0763750001788139	6.751915	2.93350005149841
6.768236	0.0748750045895576	6.774469	2.93737506866455
6.790795	0.0747500061988831	6.797027	2.94025015830994
6.813362	0.0748750045895576	6.8196	2.94237518310547
6.835919	0.0753750056028366	6.842152	2.9453752040863
6.85847	0.0766250044107437	6.864702	2.94950008392334
6.881027	0.0762500017881393	6.887255	2.95362520217896
6.903593	0.0782500058412552	6.909831	2.95762515068054
6.926151	0.0776250064373016	6.932383	2.96050024032593
6.948717	0.0763750001788139	6.954969	2.96287512779236
6.971313	0.0767500028014183	6.977546	2.96350002288818
6.993891	0.0771250054240227	7.000128	2.96475005149841
7.016464	0.0778750032186508	7.02272	2.96625018119812
7.039031	0.0778750032186508	7.045259	2.96900010108948
7.061587	0.078625001013279	7.067842	2.97200012207031
7.084162	0.0796250030398369	7.090399	2.97387504577637
7.106719	0.0795000046491623	7.112953	2.975750207901
7.129274	0.0790000036358833	7.135506	2.975750207901
7.151831	0.0793750062584877	7.158064	2.97587513923645
7.174384	0.0783750042319298	7.180621	2.9760000705719
7.19694	0.0792500004172325	7.203173	2.97762513160706
7.219511	0.0801250040531158	7.225743	2.97912502288818
7.242062	0.0816250070929527	7.248295	2.98200011253357
7.264616	0.0821250006556511	7.270854	2.98350024223328
7.287172	0.080875001847744	7.293404	2.9841251373291
7.309723	0.0826250016689301	7.315955	2.98450016975403
7.33228	0.0810000002384186	7.338512	2.98450016975403
7.354832	0.0805000066757202	7.361069	2.98512506484985
7.377391	0.0816250070929527	7.383624	2.98700022697449
7.399951	0.0821250006556511	7.406183	2.99037504196167
7.422503	0.083625003695488	7.428736	2.9933750629425
7.445057	0.0843750014901161	7.451294	2.99675011634827
7.467615	0.0832500010728836	7.473848	2.99862504005432
7.490174	0.0828750059008598	7.496406	2.99962520599365
7.512725	0.0817500054836273	7.518962	3.00175023078918
7.535282	0.083125002682209	7.541515	3.00462508201599
7.557854	0.0833750069141388	7.564087	3.00825023651123
7.580408	0.0838750004768372	7.586646	3.01312518119812
7.602971	0.0857500061392784	7.609217	3.01787519454956
7.625552	0.085375003516674	7.631789	3.0217502117157
7.648112	0.0845000073313713	7.654345	3.02512502670288
7.67067	0.0851250067353249	7.676902	3.02775025367737
7.693221	0.083625003695488	7.699459	3.03125023841858
7.715779	0.0847500041127205	7.722017	3.03550004959106
7.738344	0.0852500051259995	7.744577	3.04100012779236
7.760898	0.0855000019073486	7.767131	3.04650020599365
7.783457	0.0872500017285347	7.78969	3.05200004577637
7.806011	0.0870000049471855	7.812243	3.05637502670288
7.828566	0.0855000019073486	7.834799	3.06087517738342
7.851116	0.085875004529953	7.857348	3.06437516212463
7.873682	0.0856250077486038	7.879915	3.0677502155304
7.896234	0.0861250013113022	7.902466	3.07325005531311
7.918825	0.0871250033378601	7.925058	3.07850003242493
7.941378	0.0877500027418137	7.947611	3.085125207901
7.963957	0.0878750011324883	7.970196	3.09050011634827
7.986517	0.0865000039339066	7.99275	3.09562516212463
8.009076	0.0875000059604645	8.015308	3.09875011444092
8.031633	0.0872500017285347	8.037866	3.1027500629425
8.054184	0.0882500037550926	8.060421	3.10662508010864
8.076741	0.0877500027418137	8.082969	3.11125016212463
8.099296	0.088625006377697	8.105529	3.11737513542175
8.121857	0.0905000045895576	8.12809	3.12250018119812
8.144409	0.0901250019669533	8.150642	3.12837505340576
8.166953	0.0888750031590462	8.173226	3.13100004196167
8.189552	0.0895000025629997	8.195785	3.13387513160706
8.212109	0.088625006377697	8.218342	3.13700008392334
8.234661	0.0893750041723251	8.240898	3.14000010490417
8.257221	0.0897500067949295	8.263453	3.14412522315979
8.279778	0.0897500067949295	8.286011	3.1487500667572
8.302345	0.0920000076293945	8.308578	3.15362524986267
8.324897	0.0918750017881393	8.331135	3.15775012969971
8.347455	0.0901250019669533	8.353688	3.16050004959106
8.370012	0.090875007212162	8.376245	3.16187524795532
8.39257	0.0902500078082085	8.398828	3.1643750667572
8.415149	0.0905000045895576	8.421386	3.16725015640259
8.437704	0.0916250050067902	8.443937	3.17037510871887
8.460265	0.0910000056028366	8.466497	3.17512512207031
8.482821	0.0935000032186508	8.489058	3.17875003814697
8.505376	0.0933750048279762	8.511608	3.18237519264221
8.527944	0.0916250050067902	8.534176	3.18412518501282
8.5505	0.0905000045895576	8.556733	3.18450021743774
8.573054	0.0917500033974648	8.579287	3.18750023841858
8.595627	0.0918750017881393	8.60186	3.18950009346008
8.618181	0.0930000022053719	8.62442	3.19262504577637
8.640745	0.0935000032186508	8.646983	3.19675016403198
8.663325	0.0940000042319298	8.669563	3.20075011253357
8.685875	0.0932500064373016	8.692115	3.20250010490417
8.708436	0.0933750048279762	8.714668	3.20362520217896
8.730992	0.0918750017881393	8.737225	3.20475006103516
8.753545	0.0927500054240227	8.759782	3.20637512207031
8.776101	0.093125008046627	8.782339	3.20887517929077
8.798659	0.0941250026226044	8.804892	3.21237516403198
8.821216	0.0947500020265579	8.827448	3.21512508392334
8.84377	0.0953750014305115	8.850004	3.21875023841858
8.866324	0.094250001013279	8.872556	3.21975016593933
8.888877	0.0938750058412552	8.89511	3.22050023078918
8.911434	0.0937500074505806	8.917667	3.22187519073486
8.933989	0.0943750068545341	8.940222	3.22350025177002
8.95654	0.0945000052452087	8.962774	3.2251250743866
8.979099	0.0945000052452087	8.985331	3.22887516021729
9.001661	0.0972500070929527	9.007893	3.23162508010864
9.024213	0.0976250022649765	9.030446	3.23362517356873
9.046766	0.0951250046491623	9.053016	3.23525023460388
9.06934	0.0955000072717667	9.075572	3.23587512969971
9.091897	0.0955000072717667	9.09814	3.23637509346008
9.114459	0.096000000834465	9.120697	3.23825025558472
9.137019	0.0961250066757202	9.143252	3.23950004577637
9.159578	0.0958750024437904	9.16581	3.24262523651123
9.182149	0.0980000048875809	9.188382	3.24537515640259
9.204692	0.0957500040531158	9.21093	3.24737524986267
9.227251	0.0957500040531158	9.233486	3.2480001449585
9.24981	0.0963750034570694	9.256043	3.24787521362305
9.272364	0.0967500060796738	9.278597	3.24875020980835
9.294917	0.0970000028610229	9.301154	3.25050020217896
9.317472	0.0977500081062317	9.323705	3.25275015830994
9.340028	0.0972500070929527	9.34626	3.25550007820129
9.362592	0.0983750075101852	9.36883	3.25800013542175
9.38515	0.0973750054836273	9.391383	3.25975012779236
9.407702	0.0971250012516975	9.413935	3.25950026512146
9.43026	0.0971250012516975	9.436493	3.26000022888184
9.452823	0.0976250022649765	9.459061	3.26125025749207
9.475382	0.098750002682209	9.481619	3.26237511634827
9.497944	0.0983750075101852	9.504177	3.26512503623962
9.520503	0.099250003695488	9.526736	3.26775026321411
9.543055	0.100125007331371	9.549292	3.27075004577637
9.565613	0.0978750064969063	9.57185	3.27112507820129
9.588267	0.0991250053048134	9.594502	3.27137517929077
9.610834	0.0988750010728836	9.617068	3.27212524414062
9.633401	0.098750002682209	9.639639	3.272625207901
9.655959	0.0993750020861626	9.662197	3.27437520027161
9.678516	0.0998750030994415	9.684748	3.27800011634827
9.701078	0.101250007748604	9.707311	3.28000020980835
9.72363	0.100750006735325	9.729868	3.28162527084351
9.746188	0.0998750030994415	9.752436	3.28300023078918
9.768755	0.10037500411272	9.774988	3.28387522697449
9.791313	0.098750002682209	9.797546	3.28387522697449
9.813885	0.100875005125999	9.820122	3.28475022315979
9.836441	0.0995000079274178	9.84268	3.28675007820129
9.859007	0.0995000079274178	9.86524	3.2893750667572
9.88156	0.102125003933907	9.887792	3.29187512397766
9.904097	0.101125001907349	9.910335	3.29412508010864
9.926657	0.10062500834465	9.93289	3.29512524604797
9.949209	0.100125007331371	9.955465	3.29512524604797
9.971797	0.10037500411272	9.97803	3.29562520980835
9.994356	0.101875007152557	10.000598	3.29700016975403
10.016936	0.101125001907349	10.023169	3.29887509346008
10.039489	0.101875007152557	10.045722	3.30162525177002
10.062048	0.10275000333786	10.068281	3.30462527275085
10.0846	0.101500004529953	10.090837	3.30562520027161
10.107156	0.102000005543232	10.113395	3.3058750629425
10.129719	0.101625002920628	10.135951	3.30637526512146
10.152276	0.101000003516674	10.158509	3.30700016021729
10.17483	0.102000005543232	10.181067	3.30800008773804
10.197389	0.102625004947186	10.203622	3.31087517738342
10.21996	0.103250004351139	10.226193	3.31287527084351
10.242518	0.104125007987022	10.248745	3.31487512588501
10.265072	0.10275000333786	10.27131	3.31625008583069
10.28763	0.101250007748604	10.293884	3.31600022315979
10.310209	0.101625002920628	10.316441	3.31587505340576
10.332761	0.102125003933907	10.338998	3.31637525558472
10.355317	0.103375002741814	10.361555	3.31787514686584
10.377874	0.102875001728535	10.384107	3.32025027275085
10.400445	0.104750007390976	10.406677	3.32262516021729
10.423019	0.104250006377697	10.429257	3.32412505149841
10.445578	0.10300000756979	10.451816	3.32487511634827
10.468144	0.103375002741814	10.474376	3.32437515258789
10.490703	0.102250002324581	10.496935	3.32475018501282
10.513254	0.103625006973743	10.519491	3.32537508010864
10.535811	0.103625006973743	10.542048	3.32750010490417
10.558366	0.104000002145767	10.564593	3.32887506484985
10.58094	0.104875005781651	10.587192	3.33087515830994
10.603516	0.104000002145767	10.609749	3.33237504959106
10.626075	0.104125007987022	10.632307	3.33200025558472
10.64863	0.104000002145767	10.654862	3.33150005340576
10.671187	0.103625006973743	10.67742	3.33150005340576
10.69374	0.103750005364418	10.699977	3.33200025558472
10.716297	0.104375004768372	10.72253	3.3342502117157
10.738853	0.104375004768372	10.745086	3.3360002040863
10.761425	0.106375001370907	10.767657	3.33762526512146
10.783977	0.105125002563	10.79021	3.33875012397766
10.80653	0.105250008404255	10.812763	3.33837509155273
10.829087	0.104250006377697	10.83532	3.33862519264221
10.851645	0.104000002145767	10.857878	3.33762526512146
10.874197	0.104625001549721	10.880434	3.33900022506714
10.896753	0.104750007390976	10.902986	3.34087514877319
10.91931	0.106625005602837	10.925543	3.34312510490417
10.94187	0.106875002384186	10.948103	3.34487509727478
10.964446	0.105250008404255	10.970684	3.34575009346008
10.987006	0.105875007808208	10.99324	3.34512519836426
11.009565	0.104750007390976	11.015798	3.34575009346008
11.032118	0.105125002563	11.038351	3.34550023078918
11.054671	0.105875007808208	11.060903	3.34687519073486
11.077223	0.105625003576279	11.083456	3.34887504577637
11.099796	0.107000008225441	11.106028	3.35125017166138
11.122347	0.107000008225441	11.12858	3.35262513160706
11.144902	0.105250008404255	11.151139	3.35287523269653
11.167459	0.105750001966953	11.173692	3.35337519645691
11.190016	0.105875007808208	11.196249	3.35237526893616
11.212575	0.106500007212162	11.218813	3.35375022888184
11.235134	0.106250002980232	11.241367	3.35600018501282
11.257685	0.105875007808208	11.263918	3.35750007629395
11.280243	0.108500003814697	11.286476	3.35975027084351
11.302819	0.107000008225441	11.309057	3.36137509346008
11.325376	0.106500007212162	11.331613	3.36175012588501
11.347945	0.10725000500679	11.354178	3.36187505722046
11.370501	0.106625005602837	11.376733	3.36275005340576
11.393053	0.107500001788139	11.39929	3.36362504959106
11.415609	0.106875002384186	11.421846	3.36587524414062
11.438165	0.108250007033348	11.444398	3.36787509918213
11.460734	0.108750008046627	11.466967	3.37000012397766
11.483313	0.108250007033348	11.489551	3.37112522125244
11.505871	0.106875002384186	11.512108	3.37187504768372
11.528431	0.107375003397465	11.534663	3.37212514877319
11.550988	0.10725000500679	11.55722	3.37200021743774
11.573539	0.106875002384186	11.579772	3.3736252784729
11.596111	0.107625007629395	11.602345	3.37600016593933
11.618676	0.108375005424023	11.624914	3.37812519073486
11.64124	0.109000004827976	11.647472	3.38050007820129
11.663798	0.108125008642673	11.670036	3.38162517547607
11.686356	0.107750006020069	11.692589	3.382000207901
11.708914	0.107500001788139	11.715147	3.382000207901
11.731472	0.108000002801418	11.737705	3.3828752040863
11.754025	0.107875004410744	11.760263	3.3840000629425
11.776581	0.108625002205372	11.782816	3.38637518882751
11.799139	0.109750002622604	11.805371	3.38887524604797
11.821694	0.110375002026558	11.827946	3.39100027084351
11.844269	0.107875004410744	11.850501	3.39137506484985
11.866821	0.108500003814697	11.873053	3.39137506484985
11.889378	0.108125008642673	11.89561	3.3912501335144
11.911934	0.108750008046627	11.918167	3.39237523078918
11.934486	0.10962500423193	11.940723	3.39362525939941
11.95706	0.109125003218651	11.963317	3.39637517929077
11.979645	0.10962500423193	11.985877	3.39925026893616
12.002197	0.109500005841255	12.008428	3.39975023269653
12.024762	0.109375007450581	12.030994	3.40000009536743
12.047321	0.108000002801418	12.053554	3.40000009536743
12.069881	0.109375007450581	12.076113	3.40050005912781
12.092439	0.108375005424023	12.098672	3.40100026130676
12.114992	0.109125003218651	12.121225	3.40312504768372
12.137545	0.109250001609325	12.143778	3.4042501449585
12.160107	0.111250005662441	12.166339	3.40675020217896
12.182659	0.109750002622604	12.188896	3.40762519836426
12.205217	0.110125005245209	12.211454	3.40775012969971
12.227764	0.109125003218651	12.233997	3.40750026702881
12.250318	0.108875006437302	12.256551	3.40750026702881
12.272871	0.109750002622604	12.279108	3.40850019454956
12.295428	0.10962500423193	12.301665	3.41075015068054
12.317985	0.10962500423193	12.324212	3.41200017929077
12.340542	0.111000008881092	12.346775	3.41475009918213
12.363106	0.110250003635883	12.369343	3.41512513160706
12.385663	0.10962500423193	12.3919	3.41487526893616
12.408231	0.110125005245209	12.414464	3.41475009918213
12.430789	0.109250001609325	12.437021	3.41450023651123
12.453345	0.110875003039837	12.459583	3.41587519645691
12.475901	0.110125005245209	12.482138	3.41775012016296
12.498456	0.112125001847744	12.504688	3.41975021362305
12.521016	0.112250007688999	12.527248	3.42125010490417
12.543591	0.111250005662441	12.549823	3.42125010490417
12.566136	0.110750004649162	12.572369	3.42150020599365
12.588751	0.110750004649162	12.594985	3.4205002784729
12.611308	0.111375004053116	12.617535	3.42100024223328
12.633858	0.110375002026558	12.640096	3.42237520217896
12.656415	0.111125007271767	12.662648	3.42437505722046
12.678971	0.11175000667572	12.685203	3.42562508583069
12.701527	0.112000003457069	12.70776	3.42775011062622
12.724104	0.110875003039837	12.730342	3.42762517929077
12.746662	0.11150000244379	12.752899	3.42812514305115
12.769226	0.110000006854534	12.775458	3.4271252155304
12.791782	0.112375006079674	12.798015	3.4280002117157
12.814335	0.11150000244379	12.820573	3.42987513542175
12.836891	0.112000003457069	12.843124	3.43150019645691
12.859449	0.112625002861023	12.865682	3.43350005149841
12.882	0.112250007688999	12.888234	3.43462514877319
12.904566	0.111125007271767	12.910804	3.43487524986267
12.927122	0.11175000667572	12.933355	3.43462514877319
12.949681	0.110500007867813	12.955946	3.43412518501282
12.972278	0.112000003457069	12.978511	3.43500018119812
12.994837	0.112375006079674	13.001074	3.4372501373291
13.017394	0.112125001847744	13.023627	3.43887519836426
13.039952	0.114000007510185	13.046184	3.44037508964539
13.062504	0.112375006079674	13.068736	3.44100022315979
13.085058	0.11150000244379	13.091291	3.44112515449524
13.107613	0.110750004649162	13.113846	3.44087505340576
13.130169	0.111875005066395	13.136402	3.44112515449524
13.152727	0.112625002861023	13.158965	3.44125008583069
13.175287	0.112875007092953	13.181519	3.44412517547607
13.197853	0.113625004887581	13.204086	3.44612526893616
13.220406	0.11412500590086	13.226639	3.44750022888184
13.242959	0.112750008702278	13.249196	3.44850015640259
13.265532	0.112125001847744	13.271769	3.44800019264221
13.28808	0.112375006079674	13.294315	3.44712519645691
13.310643	0.112500004470348	13.316875	3.44800019264221
13.333211	0.112250007688999	13.339448	3.44987511634827
13.355767	0.113625004887581	13.362004	3.45125007629395
13.378341	0.112500004470348	13.384573	3.45362520217896
13.400898	0.113250002264977	13.407131	3.45462512969971
13.423451	0.112000003457069	13.429689	3.45475006103516
13.446011	0.113125003874302	13.45225	3.45525026321411
13.468583	0.112000003457069	13.474816	3.45362520217896
13.491137	0.113250002264977	13.497369	3.45500016212463
13.513688	0.113000005483627	13.519926	3.45600008964539
13.536246	0.112250007688999	13.542478	3.45812511444092
13.558823	0.114375002682209	13.565055	3.46062517166138
13.581394	0.113500006496906	13.587628	3.46162509918213
13.603949	0.113000005483627	13.610187	3.46187520027161
13.626536	0.112875007092953	13.632769	3.4610002040863
13.649096	0.113500006496906	13.655323	3.46175026893616
13.67165	0.113500006496906	13.677882	3.46150016784668
13.694202	0.113250002264977	13.70044	3.46337509155273
13.71676	0.113750003278255	13.723016	3.46587514877319
13.739339	0.113875009119511	13.745572	3.46750020980835
13.761896	0.114000007510185	13.76814	3.46775007247925
13.784458	0.113375008106232	13.790696	3.46800017356873
13.807018	0.113750003278255	13.813251	3.4665002822876
13.829574	0.113375008106232	13.835806	3.46775007247925
13.852132	0.113625004887581	13.858365	3.46837520599365
13.874686	0.113750003278255	13.880924	3.47025012969971
13.897242	0.114000007510185	13.903485	3.47237515449524
13.919809	0.114000007510185	13.926041	3.47412514686584
13.94236	0.114000007510185	13.948592	3.47450017929077
13.96494	0.11412500590086	13.971178	3.47425007820129
13.987505	0.114000007510185	13.993738	3.47387528419495
14.010077	0.11412500590086	14.016309	3.47412514686584
14.032628	0.114250004291534	14.038866	3.47550010681152
14.055187	0.114000007510185	14.061424	3.47700023651123
14.077743	0.114750005304813	14.083975	3.47862505912781
14.100301	0.115250006318092	14.106533	3.48050022125244
14.122852	0.115000002086163	14.12909	3.48075008392334
14.145409	0.113375008106232	14.151647	3.48025012016296
14.167966	0.113500006496906	14.174206	3.47975015640259
14.190545	0.114500008523464	14.196785	3.48000025749207
14.213115	0.113625004887581	14.219354	3.48100018501282
14.235693	0.114750005304813	14.241934	3.4838752746582
14.258257	0.115500003099442	14.26449	3.4850001335144
14.280815	0.114875003695488	14.287047	3.48562526702881
14.303368	0.11412500590086	14.309601	3.48650026321411
14.325914	0.114375002682209	14.332151	3.48562526702881
14.348473	0.114625006914139	14.354711	3.48512506484985
14.371051	0.114875003695488	14.377284	3.48600006103516
14.393605	0.115000002086163	14.399837	3.48687505722046
14.41616	0.115750007331371	14.422393	3.48937511444092
14.438718	0.116625003516674	14.444952	3.49112510681152
14.461282	0.115625008940697	14.467515	3.49125027656555
14.483835	0.115750007331371	14.490072	3.49112510681152
14.506391	0.115250006318092	14.512624	3.49025011062622
14.528947	0.114375002682209	14.535179	3.49012517929077
14.551504	0.114750005304813	14.557736	3.49112510681152
14.574094	0.115000002086163	14.580327	3.49237513542175
14.596676	0.11600000411272	14.60291	3.49450016021729
14.619238	0.11600000411272	14.625471	3.49550008773804
14.641797	0.115500003099442	14.648029	3.49525022506714
14.664348	0.115750007331371	14.670585	3.49575018882751
14.686904	0.114750005304813	14.693137	3.49487519264221
14.709461	0.115250006318092	14.715693	3.49475026130676
14.732017	0.116125002503395	14.73825	3.49600005149841
14.754586	0.115875005722046	14.760823	3.49675011634827
14.777134	0.117750003933907	14.783367	3.49912524223328
14.799692	0.116375006735325	14.805925	3.50012516975403
14.822249	0.115875005722046	14.828481	3.50025010108948
14.844801	0.115250006318092	14.851038	3.49900007247925
14.867357	0.115250006318092	14.873595	3.49850010871887
14.889918	0.115625008940697	14.89615	3.49850010871887
14.912469	0.115750007331371	14.918717	3.49987506866455
14.93504	0.115750007331371	14.941272	3.50100016593933
14.957615	0.116125002503395	14.963849	3.50337505340576
14.980179	0.117125004529953	14.986411	3.50412511825562
15.002732	0.11625000834465	15.00897	3.50425004959106
15.025291	0.116125002503395	15.031529	3.50250005722046
15.047853	0.115625008940697	15.054086	3.50287508964539
15.07041	0.115875005722046	15.076642	3.50250005722046
15.092963	0.116125002503395	15.099201	3.50350022315979
15.115524	0.115875005722046	15.121761	3.50587511062622
15.13808	0.117250002920628	15.144313	3.507000207901
15.160639	0.116750001907349	15.166872	3.50762510299683
15.183211	0.116375006735325	15.189449	3.5072500705719
15.205759	0.11625000834465	15.211992	3.50625014305115
15.228332	0.115250006318092	15.234565	3.50575017929077
15.250889	0.115375004708767	15.257121	3.50550007820129
15.27344	0.115375004708767	15.279678	3.50737524032593
15.296006	0.115750007331371	15.302239	3.50950026512146
15.318561	0.117500007152557	15.324793	3.51050019264221
15.341117	0.115375004708767	15.347349	3.51050019264221
15.363688	0.115375004708767	15.369927	3.51012516021729
15.38625	0.115625008940697	15.392488	3.50925016403198
15.408815	0.11625000834465	15.415048	3.50862526893616
15.431373	0.116125002503395	15.437605	3.50950026512146
15.453936	0.116625003516674	15.460174	3.51100015640259
15.476494	0.117875002324581	15.482727	3.51262521743774
15.499054	0.117500007152557	15.505286	3.51375007629395
15.521611	0.116625003516674	15.52785	3.51312518119812
15.54417	0.117750003933907	15.550407	3.51275014877319
15.566728	0.11625000834465	15.572961	3.51237511634827
15.589301	0.116750001907349	15.595531	3.51187515258789
15.611855	0.117750003933907	15.61809	3.51262521743774
15.634428	0.117375008761883	15.640667	3.51462507247925
15.656987	0.118250004947186	15.66322	3.5162501335144
15.679546	0.119000002741814	15.685779	3.51612520217896
15.702104	0.11625000834465	15.708337	3.51700019836426
15.724655	0.117250002920628	15.730893	3.5153751373291
15.747212	0.116125002503395	15.753445	3.5153751373291
15.769769	0.117250002920628	15.776001	3.51525020599365
15.792341	0.118125006556511	15.798574	3.51650023460388
15.814894	0.117500007152557	15.821132	3.51800012588501
15.837465	0.119875006377697	15.843697	3.51925015449524
15.860013	0.118000008165836	15.866245	3.52025008201599
15.882565	0.117250002920628	15.888828	3.52012515068054
15.905147	0.117250002920628	15.911385	3.51862525939941
15.927704	0.116500005125999	15.933936	3.51862525939941
15.95026	0.117750003933907	15.956513	3.51900005340576
15.972835	0.117500007152557	15.979074	3.51975011825562
15.995394	0.118000008165836	16.001631	3.5217502117157
16.017951	0.118875004351139	16.024189	3.52275013923645
16.040529	0.117500007152557	16.046762	3.5235002040863
16.063081	0.116875007748604	16.069314	3.52212524414062
16.085634	0.116500005125999	16.091871	3.5220000743866
16.10819	0.11625000834465	16.114423	3.52137517929077
16.130748	0.116875007748604	16.136981	3.52225017547607
16.153306	0.117750003933907	16.159544	3.52362513542175
16.175864	0.119000002741814	16.182102	3.52537512779236
16.198431	0.119000002741814	16.204663	3.52625012397766
16.221	0.117625005543232	16.227232	3.52662515640259
16.243552	0.117750003933907	16.249789	3.52525019645691
16.266109	0.117000006139278	16.272346	3.52512526512146
16.288666	0.117375008761883	16.294898	3.52437520027161
16.311223	0.117625005543232	16.317456	3.52537512779236
16.333775	0.118000008165836	16.340013	3.52775025367737
16.356331	0.118250004947186	16.362564	3.52837514877319
16.378883	0.11862500756979	16.385117	3.52862524986267
16.401438	0.116625003516674	16.407665	3.52950024604797
16.423993	0.117875002324581	16.430226	3.52875018119812
16.446546	0.117375008761883	16.452784	3.52787518501282
16.469108	0.118250004947186	16.475341	3.52762508392334
16.491656	0.118250004947186	16.497884	3.52850008010864
16.514206	0.117750003933907	16.520438	3.53037524223328
16.536762	0.119625002145767	16.543019	3.53175020217896
16.559343	0.11862500756979	16.56557	3.53225016593933
16.581915	0.118125006556511	16.588178	3.53225016593933
16.604502	0.116875007748604	16.61073	3.53137516975403
16.627058	0.116375006735325	16.633308	3.53087520599365
16.649633	0.117750003933907	16.655866	3.53050017356873
16.6722	0.117500007152557	16.678435	3.53250026702881
16.694755	0.11837500333786	16.700993	3.53350019454956
16.717327	0.119625002145767	16.723561	3.53425025939941
16.739902	0.117500007152557	16.746136	3.53550004959106
16.762456	0.118875004351139	16.768689	3.53425025939941
16.785009	0.117500007152557	16.791246	3.53325009346008
16.807566	0.117125004529953	16.813798	3.53237509727478
16.830123	0.117625005543232	16.836355	3.53325009346008
16.852675	0.118250004947186	16.858912	3.53525018692017
16.875231	0.120125003159046	16.881469	3.53662514686584
16.897787	0.119125008583069	16.904019	3.53725028038025
16.920347	0.116625003516674	16.92658	3.53787517547607
16.942899	0.117375008761883	16.949136	3.5365002155304
16.965516	0.117625005543232	16.971776	3.53550004959106
16.988164	0.119125008583069	16.994425	3.53487515449524
17.010794	0.118250004947186	17.017029	3.53600025177002
17.033354	0.119375005364418	17.039593	3.5376250743866
17.055914	0.119375005364418	17.062151	3.53900027275085
17.078471	0.119500003755093	17.084709	3.54012513160706
17.10105	0.11862500756979	17.107283	3.53887510299683
17.123602	0.118125006556511	17.12984	3.53812527656555
17.146159	0.118750005960464	17.152392	3.538250207901
17.168717	0.11862500756979	17.17495	3.5376250743866
17.191274	0.11862500756979	17.197506	3.53887510299683
17.213826	0.119000002741814	17.220063	3.54012513160706
17.236382	0.119875006377697	17.242621	3.54137516021729
17.258944	0.11862500756979	17.265177	3.54187512397766
17.281503	0.119250006973743	17.28773	3.54150009155273
17.304075	0.118250004947186	17.310313	3.54075026512146
17.326635	0.118500009179115	17.332869	3.53962516784668
17.349192	0.119000002741814	17.355424	3.53987526893616
17.371749	0.119125008583069	17.377983	3.54112505912781
17.394302	0.120125003159046	17.400539	3.54225015640259
17.416859	0.120000004768372	17.423103	3.54362511634827
17.439428	0.119000002741814	17.445655	3.54362511634827
17.461992	0.118000008165836	17.468237	3.54250025749207
17.484558	0.118875004351139	17.490791	3.54200005531311
17.507114	0.11862500756979	17.513347	3.54162526130676
17.529668	0.120250009000301	17.535901	3.54175019264221
17.552223	0.11862500756979	17.558456	3.54325008392334
17.574776	0.120250009000301	17.581008	3.54412508010864
17.597349	0.120250009000301	17.603597	3.54525017738342
17.619933	0.119250006973743	17.626166	3.54525017738342
17.642503	0.119375005364418	17.648736	3.54425024986267
17.665057	0.118500009179115	17.671295	3.54362511634827
17.687619	0.119125008583069	17.693851	3.54312515258789
17.710176	0.119000002741814	17.716409	3.54325008392334
17.732731	0.118875004351139	17.738968	3.54537510871887
17.755288	0.119875006377697	17.761525	3.54675006866455
17.777854	0.119000002741814	17.784087	3.5475001335144
17.800411	0.119500003755093	17.806644	3.54687523841858
17.822966	0.118875004351139	17.829203	3.5457501411438
17.845523	0.11837500333786	17.85176	3.54450011253357
17.868081	0.120000004768372	17.874314	3.54475021362305
17.890638	0.118500009179115	17.896872	3.5455002784729
17.913207	0.118500009179115	17.919444	3.54700016975403
17.935764	0.121250003576279	17.942001	3.54850006103516
17.958344	0.120000004768372	17.964578	3.54862523078918
17.980904	0.119625002145767	17.987137	3.54800009727478
18.003452	0.119500003755093	18.009691	3.54725027084351
18.026023	0.119000002741814	18.032261	3.54625010490417
18.048581	0.11837500333786	18.054814	3.54675006866455
18.071141	0.11862500756979	18.077372	3.54737520217896
18.093691	0.120125003159046	18.099929	3.54875016212463
18.116248	0.120625004172325	18.12248	3.55025005340576
18.138824	0.120125003159046	18.145057	3.55025005340576
18.161382	0.119625002145767	18.167614	3.54962515830994
18.183933	0.119000002741814	18.190171	3.54850006103516
18.206494	0.118125006556511	18.212727	3.54762506484985
18.229065	0.118750005960464	18.235298	3.54775023460388
18.251617	0.119125008583069	18.25786	3.54950022697449
18.274179	0.120000004768372	18.280416	3.55062508583069
18.296735	0.120750002563	18.302968	3.55137515068054
18.319291	0.119250006973743	18.325524	3.55137515068054
18.341847	0.119500003755093	18.34808	3.55062508583069
18.364399	0.119000002741814	18.370637	3.54987525939941
18.386957	0.119750007987022	18.39321	3.54900026321411
18.409533	0.120000004768372	18.415765	3.54925012588501
18.43209	0.119750007987022	18.438337	3.55100011825562
18.454668	0.12100000679493	18.460911	3.55275011062622
18.477234	0.120000004768372	18.483481	3.55337524414062
18.499806	0.119500003755093	18.506039	3.55275011062622
18.522359	0.119375005364418	18.528592	3.55187511444092
18.54491	0.120750002563	18.551147	3.55050015449524
18.567457	0.119500003755093	18.573711	3.55050015449524
18.590033	0.120125003159046	18.596295	3.5521252155304
18.61263	0.119625002145767	18.618857	3.55287528038025
18.635181	0.120875008404255	18.641419	3.55450010299683
18.657743	0.119750007987022	18.663976	3.5547502040863
18.680305	0.119750007987022	18.686537	3.5532500743866
18.702853	0.120500005781651	18.709086	3.55287528038025
18.725411	0.118750005960464	18.731649	3.55137515068054
18.747997	0.120250009000301	18.754231	3.55187511444092
18.770557	0.120000004768372	18.77679	3.55350017547607
18.79311	0.119875006377697	18.799347	3.55450010299683
18.815666	0.12100000679493	18.821903	3.55512523651123
18.838231	0.119625002145767	18.844464	3.55625009536743
18.860788	0.120250009000301	18.86702	3.55487513542175
18.883339	0.120250009000301	18.889576	3.55350017547607
18.905895	0.120125003159046	18.912133	3.55275011062622
18.928454	0.120125003159046	18.934687	3.5532500743866
18.951013	0.120000004768372	18.95727	3.55462527275085
18.973617	0.120500005781651	18.979855	3.55637526512146
18.996176	0.121375009417534	19.002408	3.55712509155273
19.01873	0.120250009000301	19.024962	3.55700016021729
19.041286	0.119625002145767	19.047519	3.55612516403198
19.063839	0.120250009000301	19.070076	3.55425024032593
19.086395	0.120000004768372	19.092627	3.55437517166138
19.108962	0.120875008404255	19.115194	3.55512523651123
19.131518	0.118750005960464	19.137751	3.55612516403198
19.154076	0.12100000679493	19.160314	3.55750012397766
19.176634	0.121375009417534	19.182867	3.55812525749207
19.19919	0.120250009000301	19.205422	3.55800008773804
19.221747	0.120375007390976	19.227979	3.55725026130676
19.244297	0.119125008583069	19.250535	3.55562520027161
19.266854	0.120000004768372	19.273103	3.5558750629425
19.289427	0.120375007390976	19.295659	3.55662512779236
19.311999	0.120250009000301	19.318232	3.55750012397766
19.334543	0.121250003576279	19.340775	3.55912518501282
19.357095	0.12100000679493	19.363322	3.55937528610229
19.379648	0.120375007390976	19.385879	3.55862522125244
19.402205	0.120625004172325	19.408437	3.55787515640259
19.424757	0.118875004351139	19.430994	3.55675005912781
19.447313	0.120750002563	19.45355	3.55687522888184
19.469876	0.120875008404255	19.476108	3.55787515640259
19.492439	0.120250009000301	19.498673	3.55862522125244
19.515007	0.121625006198883	19.521245	3.5605001449585
19.537568	0.120500005781651	19.543801	3.56012511253357
19.560127	0.120125003159046	19.566359	3.56012511253357
19.582697	0.120250009000301	19.588932	3.55862522125244
19.605256	0.120750002563	19.611513	3.55787515640259
19.627864	0.12100000679493	19.634105	3.55875015258789
19.650438	0.120375007390976	19.656677	3.55962514877319
19.673016	0.121125005185604	19.679254	3.5611252784729
19.695578	0.121250003576279	19.701811	3.56187510490417
19.718148	0.120500005781651	19.724381	3.56162524223328
19.740714	0.120000004768372	19.746946	3.56100010871887
19.763268	0.119375005364418	19.769501	3.55937528610229
19.785823	0.119750007987022	19.792056	3.55862522125244
19.808376	0.120250009000301	19.814609	3.55962514877319
19.830933	0.120375007390976	19.837165	3.56062507629395
19.8535	0.121500007808208	19.859733	3.56275010108948
19.876053	0.120875008404255	19.882285	3.56287527084351
19.898627	0.12100000679493	19.90486	3.5631251335144
19.921185	0.120875008404255	19.927417	3.56162524223328
19.943735	0.120250009000301	19.949972	3.56075024604797
19.966322	0.120375007390976	19.972556	3.56037521362305
19.988882	0.119875006377697	19.995115	3.56125020980835
20.01144	0.120375007390976	20.017672	3.56212520599365
20.033991	0.121375009417534	20.040229	3.56337523460388
20.056565	0.121875002980232	20.062817	3.56387519836426
20.079137	0.120250009000301	20.085369	3.56337523460388
20.101694	0.121125005185604	20.107941	3.5620002746582
20.12426	0.120625004172325	20.130497	3.56125020980835
20.146817	0.12100000679493	20.15305	3.5613751411438
20.169373	0.121125005185604	20.175605	3.56250023841858
20.191929	0.120375007390976	20.198164	3.56375026702881
20.214483	0.122250005602837	20.22072	3.56512522697449
20.23704	0.120875008404255	20.243273	3.56512522697449
20.259597	0.120625004172325	20.26583	3.56475019454956
20.282156	0.120000004768372	20.288389	3.5631251335144
20.304709	0.120625004172325	20.310946	3.56275010108948
20.327266	0.120500005781651	20.333499	3.56275010108948
20.349822	0.121500007808208	20.356054	3.56400012969971
20.372374	0.121125005185604	20.378628	3.56487512588501
20.394947	0.122125007212162	20.401185	3.56612515449524
20.417503	0.120750002563	20.423736	3.56587505340576
20.440072	0.12100000679493	20.446305	3.56562519073486
20.462626	0.121125005185604	20.468863	3.56425023078918
20.485185	0.120875008404255	20.491422	3.56400012969971
20.507741	0.121625006198883	20.513973	3.56462526321411
20.530297	0.121500007808208	20.53653	3.56512522697449
20.552851	0.122750006616116	20.559088	3.56675028800964
20.575411	0.122250005602837	20.581662	3.5677502155304
20.598005	0.121375009417534	20.604239	3.56762528419495
20.620571	0.121125005185604	20.626804	3.56687521934509
20.643138	0.121250003576279	20.649376	3.56525015830994
20.665704	0.120875008404255	20.671937	3.56525015830994
20.688257	0.121500007808208	20.69449	3.56550025939941
20.710816	0.120875008404255	20.717048	3.56662511825562
20.733367	0.122250005602837	20.739605	3.56875014305115
20.755924	0.122250005602837	20.762161	3.5686252117157
20.778482	0.121375009417534	20.784716	3.56837511062622
20.80104	0.120500005781651	20.807274	3.56700015068054
20.823608	0.120625004172325	20.829841	3.56662511825562
20.846153	0.120875008404255	20.852417	3.56600022315979
20.868739	0.120625004172325	20.874971	3.56712508201599
20.891293	0.121750004589558	20.897526	3.56900024414062
20.913847	0.122625008225441	20.920079	3.5697500705719
20.936399	0.122000008821487	20.942631	3.57000017166138
20.95898	0.122125007212162	20.965219	3.56912517547607
20.981562	0.121750004589558	20.987794	3.5677502155304
21.004118	0.12100000679493	21.010351	3.56762528419495
21.02667	0.121875002980232	21.032903	3.56750011444092
21.049227	0.121250003576279	21.05546	3.56850028038025
21.071784	0.121625006198883	21.078017	3.57012510299683
21.094336	0.122750006616116	21.100573	3.57100009918213
21.116893	0.121375009417534	21.123125	3.57087516784668
21.139449	0.120875008404255	21.145682	3.57050013542175
21.162019	0.122750006616116	21.168252	3.56912517547607
21.184572	0.120625004172325	21.19081	3.5686252117157
21.207129	0.121750004589558	21.213368	3.56912517547607
21.229691	0.121750004589558	21.235923	3.57012510299683
21.252245	0.122625008225441	21.258478	3.57187509536743
21.274797	0.12287500500679	21.281034	3.57312512397766
21.297352	0.120375007390976	21.303594	3.57225012779236
21.319918	0.121750004589558	21.326151	3.57125020027161
21.342471	0.12100000679493	21.348719	3.57050013542175
21.365054	0.120875008404255	21.371292	3.56925010681152
21.387603	0.121750004589558	21.393841	3.5703752040863
21.410165	0.121625006198883	21.416398	3.57212519645691
21.432725	0.122625008225441	21.438962	3.57312512397766
21.455288	0.122125007212162	21.461525	3.57387518882751
21.477854	0.121625006198883	21.484086	3.57362508773804
21.50041	0.121750004589558	21.506642	3.57187509536743
21.522962	0.121250003576279	21.529199	3.57175016403198
21.54552	0.120875008404255	21.551757	3.57100009918213
21.568077	0.122000008821487	21.57431	3.57200026512146
21.590658	0.121500007808208	21.596886	3.57387518882751
21.613237	0.122500002384186	21.619476	3.57450008392334
21.635799	0.12287500500679	21.642036	3.57550024986267
21.658355	0.121375009417534	21.664588	3.57475018501282
21.680913	0.121125005185604	21.68714	3.57275009155273
21.703462	0.12100000679493	21.709699	3.57250022888184
21.726019	0.122250005602837	21.732257	3.57250022888184
21.748591	0.121250003576279	21.754823	3.57362508773804
21.771139	0.122125007212162	21.777372	3.57512521743774
21.793693	0.12287500500679	21.79993	3.5758752822876
21.816249	0.121250003576279	21.822481	3.5761251449585
21.838826	0.12100000679493	21.845058	3.57562518119812
21.861383	0.120625004172325	21.867615	3.57387518882751
21.883933	0.12100000679493	21.89017	3.57387518882751
21.906489	0.120875008404255	21.912726	3.57387518882751
21.929048	0.122250005602837	21.935282	3.57562518119812
21.951603	0.123375006020069	21.957857	3.57687520980835
21.974182	0.12312500923872	21.980415	3.57725024223328
21.996733	0.121500007808208	22.002973	3.5770001411438
22.019294	0.122000008821487	22.025527	3.57562518119812
22.041846	0.120500005781651	22.048074	3.57500028610229
22.064394	0.121250003576279	22.070626	3.57475018501282
22.086951	0.122250005602837	22.093214	3.57487511634827
22.10955	0.122500002384186	22.115783	3.57600021362305
22.132101	0.123500004410744	22.13834	3.57775020599365
22.154659	0.122625008225441	22.160897	3.5787501335144
22.177216	0.12100000679493	22.18345	3.57812523841858
22.199773	0.121250003576279	22.206005	3.5767502784729
22.222344	0.120875008404255	22.228577	3.5758752822876
22.244896	0.120750002563	22.251133	3.57625007629395
22.267452	0.121500007808208	22.273685	3.5767502784729
22.290021	0.121625006198883	22.296254	3.57825016975403
22.312573	0.123250007629395	22.318826	3.57925009727478
22.335145	0.122750006616116	22.341382	3.57925009727478
22.357702	0.122625008225441	22.363934	3.57962512969971
22.380258	0.121500007808208	22.38649	3.57775020599365
22.402818	0.121500007808208	22.409055	3.5770001411438
22.425373	0.121125005185604	22.43161	3.57725024223328
22.447943	0.122000008821487	22.454181	3.57812523841858
22.470508	0.122250005602837	22.47674	3.57950019836426
22.493059	0.123250007629395	22.499297	3.58062505722046
22.515617	0.122250005602837	22.521854	3.58125019073486
22.538173	0.121500007808208	22.544406	3.57975006103516
22.56073	0.120250009000301	22.566957	3.57837510108948
22.583305	0.121625006198883	22.589548	3.57825016975403
22.605865	0.121375009417534	22.612093	3.57850027084351
22.628433	0.121375009417534	22.634666	3.57987523078918
22.650987	0.122750006616116	22.657225	3.58087515830994
22.673587	0.124125003814697	22.679824	3.58162522315979
22.696145	0.122125007212162	22.702382	3.58175015449524
22.718716	0.121875002980232	22.724943	3.58012509346008
22.74127	0.121875002980232	22.747503	3.57962512969971
22.763823	0.121125005185604	22.77006	3.57900023460388
22.786379	0.122250005602837	22.792616	3.57937526702881
22.80894	0.122125007212162	22.815173	3.58162522315979
22.831497	0.123750008642673	22.83773	3.58225011825562
22.854086	0.12287500500679	22.860323	3.58287525177002
22.876641	0.121500007808208	22.882874	3.58262515068054
22.899209	0.122250005602837	22.905442	3.58137512207031
22.921768	0.121250003576279	22.928	3.58087515830994
22.944319	0.121875002980232	22.950556	3.58000016212463
22.966903	0.122000008821487	22.973136	3.58100008964539
22.989461	0.122250005602837	22.995694	3.58237528800964
23.012019	0.123250007629395	23.018253	3.5833752155304
23.034575	0.121500007808208	23.040808	3.58387517929077
23.057131	0.121625006198883	23.063369	3.58275008201599
23.079689	0.121125005185604	23.085922	3.58237528800964
23.102243	0.121500007808208	23.108476	3.58037519454956
23.124796	0.121875002980232	23.131028	3.58125019073486
23.147348	0.121500007808208	23.153596	3.58262515068054
23.169915	0.12312500923872	23.176148	3.58375024795532
23.192482	0.123375006020069	23.198717	3.58437514305115
23.215035	0.122500002384186	23.221268	3.58500027656555
23.237587	0.121375009417534	23.243819	3.58362507820129
23.260144	0.121500007808208	23.266377	3.58262515068054
23.282719	0.121375009417534	23.288957	3.58175015449524
23.305275	0.12287500500679	23.311512	3.58262515068054
23.327846	0.123500004410744	23.334079	3.5833752155304
23.350402	0.123250007629395	23.356634	3.58525013923645
23.372957	0.12312500923872	23.379194	3.58550024032593
23.395513	0.121875002980232	23.40175	3.5860002040863
23.418068	0.122250005602837	23.424301	3.58462524414062
23.440625	0.121250003576279	23.446857	3.58362507820129
23.46321	0.122125007212162	23.469448	3.58287525177002
23.485767	0.122500002384186	23.492004	3.58325028419495
23.50834	0.121625006198883	23.514571	3.585125207901
23.530886	0.12312500923872	23.537118	3.58562517166138
23.553442	0.12287500500679	23.55968	3.58650016784668
23.576013	0.122250005602837	23.582274	3.5862500667572
23.598643	0.122500002384186	23.604877	3.58500027656555
23.621217	0.121125005185604	23.62745	3.58362507820129
23.643771	0.12287500500679	23.650009	3.58375024795532
23.666331	0.122750006616116	23.672563	3.58500027656555
23.688879	0.12312500923872	23.695116	3.58612513542175
23.711443	0.123625002801418	23.717675	3.58687520027161
23.733994	0.123000003397465	23.740232	3.58762526512146
23.756555	0.122125007212162	23.762784	3.58675026893616
23.779111	0.122125007212162	23.785343	3.58550024032593
23.801662	0.121750004589558	23.807896	3.58350014686584
23.824216	0.121875002980232	23.830454	3.58487510681152
23.846772	0.122750006616116	23.853013	3.58650016784668
23.869337	0.122375003993511	23.87557	3.5871250629425
23.891893	0.123875007033348	23.89814	3.58775019645691
23.914459	0.122375003993511	23.920696	3.58837509155273
23.937016	0.122375003993511	23.943249	3.58662509918213
23.959603	0.121250003576279	23.965836	3.58612513542175
23.982158	0.120875008404255	23.988391	3.58500027656555
24.004704	0.122125007212162	24.010943	3.5853750705719
24.027265	0.122250005602837	24.033498	3.58675026893616
24.049823	0.123625002801418	24.056056	3.58787512779236
24.072375	0.123625002801418	24.078628	3.58887505531311
24.094947	0.122375003993511	24.101185	3.58850026130676
24.117503	0.121875002980232	24.123736	3.58725023269653
24.140061	0.122250005602837	24.146294	3.58675026893616
24.162616	0.121750004589558	24.168848	3.5860002040863
24.185174	0.122250005602837	24.191407	3.58612513542175
24.207727	0.122500002384186	24.213969	3.58775019645691
24.230293	0.12287500500679	24.236527	3.58862519264221
24.252847	0.122750006616116	24.259079	3.58962512016296
24.275399	0.121625006198883	24.281631	3.58862519264221
24.297954	0.121875002980232	24.304187	3.58750009536743
24.32051	0.121250003576279	24.326743	3.58662509918213
24.343065	0.122500002384186	24.349302	3.58675026893616
24.365622	0.12287500500679	24.371859	3.58787512779236
24.388179	0.122500002384186	24.394411	3.58825016021729
24.410735	0.123500004410744	24.416967	3.58912515640259
24.433306	0.122125007212162	24.439544	3.59037518501282
24.455867	0.122125007212162	24.462105	3.58937525749207
24.478431	0.121500007808208	24.484668	3.58850026130676
24.501008	0.121500007808208	24.50724	3.58687520027161
24.523555	0.122750006616116	24.529787	3.5871250629425
24.546106	0.122625008225441	24.552339	3.58825016021729
24.568648	0.122125007212162	24.574881	3.58912515640259
24.591223	0.123750008642673	24.597451	3.59025025367737
24.613764	0.12287500500679	24.620002	3.59087514877319
24.636322	0.12287500500679	24.642555	3.58962512016296
24.658885	0.123625002801418	24.665118	3.58875012397766
24.681443	0.121750004589558	24.687676	3.58775019645691
24.704004	0.122500002384186	24.710242	3.58775019645691
24.726553	0.123000003397465	24.732792	3.58900022506714
24.74912	0.123500004410744	24.755352	3.59000015258789
24.771677	0.123875007033348	24.777909	3.59125018119812
24.794229	0.122000008821487	24.800467	3.59125018119812
24.816791	0.12287500500679	24.823023	3.59025025367737
24.839348	0.122250005602837	24.845581	3.58850026130676
24.86192	0.122375003993511	24.868153	3.58825016021729
24.884462	0.121875002980232	24.890699	3.58825016021729
24.907018	0.122750006616116	24.913251	3.58987522125244
24.929575	0.123625002801418	24.935808	3.59062528610229
24.952144	0.123000003397465	24.958396	3.5915002822876
24.974737	0.122125007212162	24.980975	3.59087514877319
24.997296	0.122625008225441	25.003529	3.58987522125244
25.019853	0.121750004589558	25.026085	3.58900022506714
25.042409	0.121750004589558	25.048642	3.58862519264221
25.064979	0.121875002980232	25.071217	3.58937525749207
25.087537	0.122500002384186	25.093769	3.59050011634827
25.110095	0.12312500923872	25.116327	3.5917501449585
25.132647	0.121750004589558	25.138884	3.59225010871887
25.155203	0.122500002384186	25.161441	3.5917501449585
25.177761	0.122125007212162	25.183994	3.59075021743774
25.200317	0.121875002980232	25.20655	3.58962512016296
25.22287	0.122000008821487	25.229108	3.58950018882751
25.24543	0.122000008821487	25.251663	3.59050011634827
25.268001	0.123250007629395	25.27424	3.59125018119812
25.290561	0.123500004410744	25.296793	3.5926251411438
25.313115	0.122125007212162	25.319349	3.5923752784729
25.335661	0.122375003993511	25.341893	3.59200024604797
25.35823	0.121750004589558	25.364463	3.59100008010864
25.380783	0.122125007212162	25.387016	3.58937525749207
25.403351	0.122125007212162	25.409589	3.58962512016296
25.425908	0.122625008225441	25.432146	3.59075021743774
25.448466	0.123500004410744	25.454705	3.59187507629395
25.471029	0.123625002801418	25.477262	3.59275007247925
25.493604	0.12287500500679	25.499842	3.59287524223328
25.516162	0.122500002384186	25.522395	3.59187507629395
25.538716	0.121875002980232	25.544949	3.59037518501282
25.561272	0.122125007212162	25.567504	3.58975005149841
25.583862	0.122000008821487	25.590099	3.59012508392334
25.60642	0.12287500500679	25.612665	3.59162521362305
25.628998	0.124000005424023	25.635231	3.59287524223328
25.651556	0.122625008225441	25.657789	3.5932502746582
25.674094	0.122000008821487	25.680331	3.59250020980835
25.69665	0.122125007212162	25.702883	3.5923752784729
25.719207	0.121500007808208	25.72544	3.59075021743774
25.741764	0.122500002384186	25.747997	3.59037518501282
25.764316	0.121750004589558	25.770554	3.59125018119812
25.786874	0.123250007629395	25.793107	3.59212517738342
25.809434	0.123750008642673	25.815666	3.59387516975403
25.83199	0.123500004410744	25.838235	3.59362506866455
25.854557	0.122750006616116	25.860794	3.59275007247925
25.877113	0.122125007212162	25.883345	3.59187507629395
25.899668	0.121625006198883	25.9059	3.59050011634827
25.922222	0.122625008225441	25.92845	3.59075021743774
25.944773	0.122375003993511	25.951008	3.59187507629395
25.967374	0.122250005602837	25.973614	3.59287524223328
25.989936	0.124375008046627	25.996168	3.59400010108948
26.012491	0.122625008225441	26.018723	3.5943751335144
26.035044	0.121875002980232	26.041281	3.59300017356873
26.0576	0.121250003576279	26.063833	3.5923752784729
26.080156	0.121875002980232	26.086388	3.59137511253357
26.10273	0.122250005602837	26.108968	3.59125018119812
26.125287	0.122500002384186	26.131519	3.5923752784729
26.147854	0.123250007629395	26.154087	3.59337520599365
26.170411	0.123625002801418	26.176643	3.59450006484985
26.192965	0.123000003397465	26.199202	3.59375023841858
26.215522	0.123000003397465	26.221759	3.5932502746582
26.238078	0.123000003397465	26.244311	3.59162521362305
26.260634	0.122000008821487	26.266866	3.5915002822876
26.28321	0.122500002384186	26.289447	3.59225010871887
26.305766	0.122250005602837	26.312003	3.5932502746582
26.328342	0.123250007629395	26.334575	3.59537506103516
26.350896	0.12312500923872	26.357128	3.59487509727478
26.373453	0.123375006020069	26.379686	3.59500026702881
26.396006	0.123375006020069	26.402244	3.59300017356873
26.418565	0.121750004589558	26.424798	3.59187507629395
26.441119	0.122625008225441	26.447351	3.59200024604797
26.46369	0.122750006616116	26.469926	3.5923752784729
26.48625	0.122500002384186	26.492483	3.59387516975403
26.508821	0.123875007033348	26.515053	3.59475016593933
26.531373	0.123000003397465	26.537606	3.59562516212463
26.553926	0.122500002384186	26.560164	3.59475016593933
26.576485	0.12312500923872	26.582746	3.5935001373291
26.599073	0.121500007808208	26.605301	3.59225010871887
26.621623	0.122625008225441	26.627856	3.59200024604797
26.644175	0.122125007212162	26.650412	3.59287524223328
26.666732	0.122250005602837	26.672965	3.59400010108948
26.68929	0.123375006020069	26.695523	3.59537506103516
26.71186	0.123250007629395	26.718093	3.59587526321411
26.734412	0.123000003397465	26.740649	3.59500026702881
26.756971	0.122625008225441	26.763208	3.59375023841858
26.779533	0.121875002980232	26.785765	3.59300017356873
26.802088	0.121500007808208	26.808344	3.59275007247925
26.82467	0.123500004410744	26.830908	3.59362506866455
26.847226	0.123250007629395	26.853459	3.59537506103516
26.869783	0.123375006020069	26.876016	3.59587526321411
26.892351	0.122750006616116	26.898585	3.59562516212463
26.91491	0.12287500500679	26.921147	3.59462523460388
26.937479	0.121250003576279	26.943712	3.5932502746582
26.960051	0.121875002980232	26.966284	3.59287524223328
26.98262	0.122250005602837	26.988858	3.59375023841858
27.005179	0.122500002384186	27.011416	3.59450006484985
27.027736	0.123250007629395	27.033972	3.59575009346008
27.050297	0.123750008642673	27.05653	3.59662508964539
27.072848	0.121625006198883	27.079086	3.59625005722046
27.095406	0.122250005602837	27.101644	3.59525012969971
27.117978	0.122125007212162	27.124211	3.59362506866455
27.140535	0.122375003993511	27.146768	3.5935001373291
27.163108	0.122125007212162	27.169346	3.59400010108948
27.185665	0.12312500923872	27.191903	3.59512519836426
27.208231	0.123625002801418	27.214463	3.59612512588501
27.230788	0.123250007629395	27.237021	3.59675025939941
27.253339	0.123250007629395	27.259576	3.59625005722046
27.275896	0.122750006616116	27.282133	3.59525012969971
27.298453	0.121750004589558	27.304685	3.59387516975403
27.321022	0.122375003993511	27.327255	3.59400010108948
27.343593	0.122375003993511	27.349831	3.59462523460388
27.366151	0.122750006616116	27.372383	3.59537506103516
27.388717	0.124750003218651	27.39495	3.59712505340576
27.411273	0.12287500500679	27.417506	3.59687519073486
27.433824	0.123000003397465	27.440062	3.59625005722046
27.456386	0.122375003993511	27.462619	3.59450006484985
27.478944	0.122625008225441	27.485176	3.5943751335144
27.501498	0.123000003397465	27.507731	3.5943751335144
27.524069	0.122625008225441	27.530302	3.59562516212463
27.546623	0.123000003397465	27.552857	3.59675025939941
27.569181	0.123625002801418	27.575414	3.59725022315979
27.591736	0.122625008225441	27.597969	3.59800028800964
27.61432	0.122375003993511	27.620554	3.59625005722046
27.636867	0.122500002384186	27.6431	3.59462523460388
27.659442	0.122625008225441	27.665675	3.59450006484985
27.682014	0.122250005602837	27.688243	3.59462523460388
27.704562	0.12312500923872	27.710799	3.59550023078918
27.727119	0.123375006020069	27.733352	3.59737515449524
27.749677	0.124125003814697	27.755909	3.59762525558472
27.772233	0.122250005602837	27.778467	3.59750008583069
27.794785	0.12312500923872	27.801023	3.59675025939941
27.817341	0.121625006198883	27.823589	3.59500026702881
27.839926	0.122750006616116	27.846153	3.59475016593933
27.862474	0.123000003397465	27.868714	3.59600019454956
27.885034	0.122750006616116	27.891272	3.59637522697449
27.907591	0.124250002205372	27.913824	3.59800028800964
27.930145	0.123625002801418	27.936377	3.59875011444092
27.952737	0.123625002801418	27.958982	3.59750008583069
27.975304	0.12287500500679	27.981542	3.59637522697449
27.99786	0.121625006198883	28.004098	3.59550023078918
28.02044	0.122500002384186	28.026672	3.59562516212463
28.043014	0.122500002384186	28.049246	3.59600019454956
28.065567	0.12312500923872	28.071804	3.59737515449524
28.088143	0.124250002205372	28.094375	3.59837508201599
28.110699	0.123250007629395	28.116932	3.59837508201599
28.133251	0.12287500500679	28.139488	3.59775018692017
28.155807	0.123000003397465	28.162044	3.59675025939941
28.178363	0.122500002384186	28.184596	3.59612512588501
28.200933	0.122625008225441	28.207165	3.59550023078918
28.223484	0.123625002801418	28.229716	3.59625005722046
28.246037	0.123625002801418	28.252275	3.59837508201599
28.268594	0.124375008046627	28.274826	3.59887528419495
28.29115	0.123500004410744	28.297383	3.59862518310547
28.3137	0.122750006616116	28.319938	3.59762525558472
28.336256	0.123500004410744	28.342489	3.59612512588501
28.358815	0.122625008225441	28.365047	3.59575009346008
28.381371	0.123000003397465	28.387602	3.59600019454956
28.403921	0.12287500500679	28.410158	3.59687519073486
28.426476	0.123750008642673	28.432725	3.59912514686584
28.449049	0.123875007033348	28.455287	3.59887528419495
28.471612	0.123375006020069	28.477851	3.59875011444092
28.49417	0.123500004410744	28.500407	3.59775018692017
28.516727	0.121875002980232	28.522959	3.59650015830994
28.539283	0.121750004589558	28.545516	3.59612512588501
28.561836	0.12287500500679	28.568064	3.59687519073486
28.584405	0.123750008642673	28.590641	3.59812521934509
28.606955	0.123875007033348	28.613213	3.5990002155304
28.629537	0.123875007033348	28.635769	3.59975028038025
28.652091	0.12287500500679	28.65835	3.5990002155304
28.674671	0.123250007629395	28.680904	3.59725022315979
28.697229	0.122000008821487	28.703462	3.59675025939941
28.719802	0.123375006020069	28.726034	3.59625005722046
28.742354	0.122625008225441	28.748586	3.59737515449524
28.764906	0.123250007629395	28.771144	3.59875011444092
28.787463	0.123875007033348	28.793696	3.60000014305115
28.81002	0.123875007033348	28.816252	3.59937524795532
28.832573	0.123250007629395	28.838831	3.5990002155304
28.85515	0.123625002801418	28.861388	3.59787511825562
28.877706	0.123000003397465	28.883934	3.59725022315979
28.900264	0.12287500500679	28.906496	3.59687519073486
28.92283	0.12287500500679	28.929068	3.59787511825562
28.945388	0.12312500923872	28.951627	3.59937524795532
28.967958	0.123500004410744	28.974197	3.6001250743866
28.990522	0.123000003397465	28.996756	3.5998752117157
29.013075	0.123375006020069	29.019312	3.59925007820129
29.035631	0.121750004589558	29.041868	3.59800028800964
29.058187	0.122250005602837	29.06442	3.59750008583069
29.080744	0.123375006020069	29.086982	3.59812521934509
29.103314	0.123375006020069	29.109552	3.59875011444092
29.125863	0.124875009059906	29.132096	3.60037517547607
29.14843	0.124875009059906	29.154663	3.60062527656555
29.170987	0.12312500923872	29.177219	3.60050010681152
29.193539	0.122250005602837	29.199776	3.59962511062622
29.216095	0.121750004589558	29.222337	3.59800028800964
29.238657	0.122375003993511	29.244889	3.59750008583069
29.261214	0.123875007033348	29.267446	3.59837508201599
29.283768	0.122750006616116	29.290005	3.59975028038025
29.306325	0.124000005424023	29.312557	3.60062527656555
29.328885	0.123250007629395	29.335117	3.60112524032593
29.351441	0.12312500923872	29.357673	3.6001250743866
29.373993	0.122125007212162	29.380231	3.5990002155304
29.396551	0.123375006020069	29.402785	3.59812521934509
29.41911	0.12312500923872	29.425342	3.59775018692017
29.441666	0.124000005424023	29.447898	3.59850025177002
29.464221	0.122000008821487	29.470458	3.59937524795532
29.486778	0.124375008046627	29.493015	3.60112524032593
29.50934	0.123375006020069	29.515572	3.6010000705719
29.531896	0.123625002801418	29.538139	3.60025024414062
29.554458	0.122250005602837	29.560696	3.5990002155304
29.577015	0.122625008225441	29.583272	3.59837508201599
29.5996	0.12287500500679	29.605828	3.59762525558472
29.62216	0.123000003397465	29.628394	3.59887528419495
29.644722	0.12287500500679	29.650955	3.60050010681152
29.667281	0.124500006437302	29.673514	3.6010000705719
29.689838	0.123500004410744	29.69607	3.60112524032593
29.712396	0.124500006437302	29.71863	3.60025024414062
29.734951	0.122500002384186	29.741184	3.59887528419495
29.757506	0.122750006616116	29.763733	3.59800028800964
29.780054	0.123625002801418	29.786286	3.5990002155304
29.802624	0.123250007629395	29.808862	3.59925007820129
