Time_sec1	Voltage_A0TG	Time_sec2	Voltage_A1TG
0	0.877875030040741	0.006238	3.61800026893616
0.022559	0.877375066280365	0.028792	3.61625027656555
0.045118	0.878125011920929	0.051351	3.6157500743866
0.067676	0.878125011920929	0.073908	3.6155002117157
0.090242	0.878875017166138	0.09648	3.61612510681152
0.1128	0.878375053405762	0.119038	3.6175000667572
0.135382	0.880375027656555	0.14162	3.61812520027161
0.157947	0.876875042915344	0.16418	3.61800026893616
0.180501	0.878125011920929	0.186739	3.61712527275085
0.203059	0.877375066280365	0.209316	3.61612510681152
0.225637	0.877375066280365	0.231869	3.61512517929077
0.248194	0.876875042915344	0.254426	3.6157500743866
0.270746	0.87912505865097	0.276979	3.61675024032593
0.293301	0.878875017166138	0.29954	3.61762523651123
0.31586	0.878500044345856	0.322093	3.61825013160706
0.33842	0.879000067710876	0.344647	3.61800026893616
0.360969	0.878250062465668	0.367202	3.61737513542175
0.383528	0.878875017166138	0.389761	3.61600017547607
0.406076	0.878000020980835	0.412309	3.61600017547607
0.428632	0.87862503528595	0.434865	3.6157500743866
0.45119	0.87862503528595	0.457428	3.61650013923645
0.473748	0.879375040531158	0.479991	3.61775016784668
0.496318	0.876875042915344	0.502545	3.61825013160706
0.518875	0.878875017166138	0.525116	3.61825013160706
0.541438	0.878750026226044	0.547675	3.61650013923645
0.563995	0.877875030040741	0.570227	3.61612510681152
0.586548	0.878000020980835	0.592781	3.61537528038025
0.609108	0.878750026226044	0.615341	3.61600017547607
0.631681	0.878125011920929	0.637919	3.6166250705719
0.65423	0.878000020980835	0.660465	3.61812520027161
0.676791	0.878125011920929	0.683023	3.61887526512146
0.699344	0.87862503528595	0.705576	3.61762523651123
0.721896	0.876625061035156	0.728133	3.61650013923645
0.744443	0.877750039100647	0.750682	3.6155002117157
0.76703	0.877000033855438	0.773264	3.61525011062622
0.789593	0.878125011920929	0.795842	3.61625027656555
0.812179	0.879375040531158	0.818417	3.6172502040863
0.834736	0.878125011920929	0.84098	3.61850023269653
0.857309	0.877375066280365	0.863541	3.6183750629425
0.879861	0.876500070095062	0.886094	3.61700010299683
0.902414	0.880250036716461	0.908646	3.61612510681152
0.924967	0.878250062465668	0.9312	3.61537528038025
0.947524	0.877375066280365	0.953756	3.61512517929077
0.970082	0.877750039100647	0.97632	3.6166250705719
0.992652	0.87912505865097	0.99889	3.61775016784668
1.015209	0.878125011920929	1.021444	3.61587524414062
1.037769	0.835125029087067	1.044002	3.61200022697449
1.06032	0.729125022888184	1.066558	3.60037517547607
1.082877	0.629000008106232	1.089115	3.57350015640259
1.105434	0.543125033378601	1.111666	3.52750015258789
1.127991	0.464250028133392	1.13423	3.46962523460388
1.150578	0.398750007152557	1.156815	3.39725017547607
1.173133	0.339375019073486	1.179371	3.3197500705719
1.195706	0.29025000333786	1.20194	3.23200011253357
1.218255	0.242250010371208	1.224488	3.14550018310547
1.240808	0.200375005602837	1.247046	3.05237507820129
1.263366	0.158875003457069	1.269598	2.96587514877319
1.285923	0.122625008225441	1.292155	2.87775015830994
1.30848	0.0907500013709068	1.314712	2.79987502098083
1.331056	0.063000001013279	1.337293	2.72375011444092
1.353619	0.0426250025629997	1.359858	2.65762519836426
1.376184	0.024125000461936	1.382417	2.59475016593933
1.398747	0.00512500014156103	1.404981	2.54050016403198
1.421301	0.00112500006798655	1.427538	2.48987507820129
1.44386	-0.000875000027008355	1.450093	2.44637513160706
1.466414	0.000125000005937181	1.472646	2.40975022315979
1.488966	0	1.495203	2.37700009346008
1.511522	0.0020000000949949	1.517759	2.34975004196167
1.534093	0.00262500019744039	1.540321	2.32512521743774
1.556642	0.00337500008754432	1.562875	2.30275011062622
1.579202	0.000875000027008355	1.585435	2.28162503242493
1.601756	0.000750000006519258	1.607993	2.26225018501282
1.624303	-0.000125000005937181	1.630577	2.24550008773804
1.646902	0	1.653135	2.23112511634827
1.669454	0.000875000027008355	1.675696	2.21925020217896
1.692016	0.000875000027008355	1.698253	2.20912504196167
1.714571	0.00512500014156103	1.720809	2.19950008392334
1.737149	0.00175000005401671	1.743381	2.18987512588501
1.75973	0.000875000027008355	1.76598	2.18062520027161
1.782308	0.000375000003259629	1.788548	2.1725001335144
1.804875	0.000625000044237822	1.811108	2.16487503051758
1.827433	0.000875000027008355	1.833665	2.15937519073486
1.849991	0.00100000004749745	1.856228	2.15487504005432
1.872547	0.00262500019744039	1.878785	2.15137505531311
1.895124	0.00362500012852252	1.901362	2.14750003814697
1.917703	0.00512500014156103	1.923936	2.14312505722046
1.94025	0.000625000044237822	1.946488	2.13875007629395
1.962808	0.000250000011874363	1.969045	2.13475012779236
1.985364	-0.000500000023748726	1.991601	2.13100004196167
2.007924	0.000875000027008355	2.014157	2.12875008583069
2.030482	-0.00150000001303852	2.036725	2.12725019454956
2.053049	0.002125000115484	2.059281	2.12737512588501
2.075604	0.00112500006798655	2.081836	2.1247501373291
2.09817	0.000750000006519258	2.104403	2.12175011634827
2.120723	0.000250000011874363	2.12696	2.11962509155273
2.143306	0.000500000023748726	2.149544	2.11737513542175
2.165871	0	2.172104	2.11525011062622
2.188429	0.00100000004749745	2.194662	2.11450004577637
2.210981	0.000750000006519258	2.217219	2.11450004577637
2.233538	0.00275000021792948	2.239787	2.11537504196167
2.256113	0.00175000005401671	2.262345	2.11300015449524
2.278687	0.00112500006798655	2.28492	2.11175012588501
2.30123	0.000250000011874363	2.307463	2.10975003242493
2.323783	-0.000125000005937181	2.330016	2.10800004005432
2.34634	0.000625000044237822	2.352574	2.10687518119812
2.368898	0.000125000005937181	2.375131	2.10687518119812
2.39145	0.000625000044237822	2.397687	2.10750007629395
2.414006	0.00275000021792948	2.420234	2.10800004005432
2.436555	0.00287500023841858	2.442788	2.1073751449585
2.459108	0.000875000027008355	2.465342	2.10562515258789
2.481663	-0.0020000000949949	2.487895	2.10437512397766
2.504215	0	2.51046	2.10350012779236
2.526783	0.000250000011874363	2.533016	2.10287499427795
2.549336	-0.000375000003259629	2.555569	2.10450005531311
2.571889	0.00187500007450581	2.578126	2.10462498664856
2.594447	0.00412499997764826	2.600681	2.10549998283386
2.617015	0.0022500001359731	2.623247	2.10487508773804
2.639576	0.00137500010896474	2.645809	2.10437512397766
2.662123	0.000625000044237822	2.668361	2.10300016403198
2.684682	0.002125000115484	2.690914	2.10237503051758
2.70724	0.00150000001303852	2.713472	2.10350012779236
2.729792	0.000500000023748726	2.736029	2.10437512397766
2.75235	0.004250000230968	2.758606	2.10600018501282
2.774935	0.00375000014901161	2.781168	2.10612511634827
2.79749	0.00175000005401671	2.803724	2.10575008392334
2.82009	0.000875000027008355	2.826328	2.10500001907349
2.842652	0	2.84889	2.10487508773804
2.865213	-0.000250000011874363	2.871446	2.10525012016296
2.887771	0.000500000023748726	2.894003	2.10775017738342
2.910326	0.000125000005937181	2.916564	2.1102499961853
2.932886	0.004250000230968	2.939123	2.11437511444092
2.955444	0.00337500008754432	2.961676	2.11712503433228
2.978	0.000625000044237822	2.984233	2.11975002288818
3.000572	0.000875000027008355	3.006809	2.12250018119812
3.023132	-0.000625000044237822	3.029364	2.12537503242493
3.045691	0.000875000027008355	3.051924	2.12875008583069
3.06825	0.000125000005937181	3.074483	2.1331250667572
3.090802	0.000875000027008355	3.09704	2.13687515258789
3.113358	0.00325000006705523	3.119591	2.14725017547607
3.135952	0.0020000000949949	3.142192	2.14912509918213
3.158522	0.000500000023748726	3.164754	2.15075016021729
3.181079	0.00287500023841858	3.187316	2.15275001525879
3.20364	0.00125000008847564	3.209874	2.15625
3.226198	0.00250000017695129	3.232431	2.16200017929077
3.248758	0.00450000027194619	3.25499	2.16762518882751
3.271311	0.00462500005960464	3.277548	2.17425012588501
3.293871	0.00725000025704503	3.300103	2.1800000667572
3.316427	0.00700000021606684	3.322661	2.1875
3.338985	0.00437500001862645	3.345217	2.19749999046326
3.361536	0.00562500022351742	3.367773	2.2083752155304
3.384095	0.00775000033900142	3.390328	2.2196249961853
3.406652	0.00812500063329935	3.412884	2.23150014877319
3.429209	0.00800000037997961	3.435442	2.24212503433228
3.451761	0.0100000007078052	3.457999	2.25174999237061
3.474318	0.0106250001117587	3.48057	2.25975012779236
3.496895	0.0100000007078052	3.503128	2.26587510108948
3.519447	0.00975000020116568	3.525692	2.27187514305115
3.542001	0.00937500037252903	3.548238	2.27637505531311
3.564567	0.0106250001117587	3.5708	2.28137516975403
3.58712	0.0116250002756715	3.593352	2.28637504577637
3.609694	0.0116250002756715	3.615932	2.29087519645691
3.632253	0.0141250006854534	3.638487	2.29437518119812
3.654826	0.0150000005960464	3.661059	2.29475021362305
3.677379	0.016499999910593	3.68361	2.29387521743774
3.69993	0.0137500008568168	3.706163	2.29124999046326
3.722488	0.0128750009462237	3.728726	2.2902500629425
3.745061	0.0142500009387732	3.751294	2.29212522506714
3.767663	0.0167500004172325	3.773897	2.29700016975403
3.79024	0.0160000007599592	3.79648	2.3030002117157
3.812804	0.0186250004917383	3.819041	2.30812501907349
3.835368	0.0177500005811453	3.8416	2.3133749961853
3.857925	0.0173750016838312	3.864158	2.31562519073486
3.880478	0.0180000010877848	3.886716	2.31725001335144
3.903035	0.0172500014305115	3.909269	2.3186252117157
3.925605	0.0183749999850988	3.931838	2.3203752040863
3.948153	0.016499999910593	3.954386	2.32400012016296
3.970707	0.0203750003129244	3.976944	2.33062505722046
3.993264	0.0222500003874302	3.999502	2.33925008773804
4.015826	0.0222500003874302	4.022058	2.3516252040863
4.038383	0.0208750013262033	4.044615	2.36412501335144
4.060949	0.0216250009834766	4.067187	2.37862515449524
4.083508	0.0218750014901161	4.08974	2.39362502098083
4.106067	0.0242500007152557	4.1123	2.41012501716614
4.128625	0.0248750019818544	4.134865	2.42587518692017
4.151189	0.025500001385808	4.157426	2.44162511825562
4.173746	0.0258750021457672	4.17999	2.45587515830994
4.196316	0.0258750021457672	4.202549	2.46862506866455
4.218873	0.024125000461936	4.225115	2.47925019264221
4.241434	0.0253750011324883	4.247671	2.48975014686584
4.26399	0.025500001385808	4.270222	2.49950003623962
4.286549	0.0260000005364418	4.292781	2.51025009155273
4.309105	0.0280000008642673	4.315338	2.52037501335144
4.331659	0.0282500013709068	4.337896	2.53150010108948
4.354215	0.0296250022947788	4.360461	2.54050016403198
4.376784	0.0276250019669533	4.383017	2.54875016212463
4.399336	0.0280000008642673	4.405569	2.55662512779236
4.421887	0.027750002220273	4.428155	2.56437516212463
4.444496	0.0286250021308661	4.45073	2.57337522506714
4.467068	0.0300000011920929	4.473303	2.58212518692017
4.489625	0.0300000011920929	4.495862	2.59125018119812
4.512186	0.0308750011026859	4.518423	2.5998752117157
4.534744	0.0322500020265579	4.540977	2.60775017738342
4.557301	0.0308750011026859	4.563533	2.61362504959106
4.579852	0.0318750031292439	4.586089	2.6183750629425
4.602409	0.0320000015199184	4.608646	2.62450003623962
4.624964	0.0322500020265579	4.631203	2.63000011444092
4.647527	0.0329999998211861	4.653761	2.63650012016296
4.670098	0.0336250029504299	4.676335	2.64337515830994
4.692656	0.0360000021755695	4.698894	2.6485002040863
4.71522	0.0360000021755695	4.721459	2.65325021743774
4.73778	0.0352500006556511	4.744007	2.65650010108948
4.760356	0.0322500020265579	4.766592	2.65912508964539
4.782904	0.0367499999701977	4.789132	2.66225004196167
4.805466	0.0356250032782555	4.811698	2.66637516021729
4.828022	0.0358750000596046	4.834255	2.67037510871887
4.850583	0.0370000004768372	4.856821	2.67525005340576
4.873141	0.0396250002086163	4.879374	2.67837524414062
4.895694	0.0377500019967556	4.901927	2.68075013160706
4.91825	0.0390000008046627	4.924482	2.68200016021729
4.940801	0.0372500009834766	4.947038	2.68225002288818
4.963357	0.0378750003874302	4.969591	2.68312501907349
4.985918	0.0363750010728836	4.992151	2.68487501144409
5.008489	0.0387500002980232	5.014721	2.68712520599365
5.031064	0.0431250035762787	5.037302	2.69037508964539
5.053621	0.0413750037550926	5.059854	2.69150018692017
5.076178	0.0397500023245811	5.08241	2.69300007820129
5.098735	0.0405000001192093	5.104967	2.69425010681152
5.121287	0.0390000008046627	5.127524	2.6953752040863
5.143872	0.0412500016391277	5.15011	2.69837522506714
5.166436	0.0413750037550926	5.172669	2.70187520980835
5.189009	0.0417500026524067	5.195242	2.70687508583069
5.211562	0.0442500002682209	5.2178	2.71075010299683
5.234122	0.0437500029802322	5.240371	2.71475005149841
5.256697	0.0428750030696392	5.262929	2.71750020980835
5.279252	0.0440000034868717	5.285485	2.71975016593933
5.301804	0.0432500019669533	5.308042	2.72175002098083
5.324361	0.0441250018775463	5.330594	2.72325015068054
5.346918	0.0450000017881393	5.35315	2.72712516784668
5.36947	0.0435000024735928	5.375703	2.73012518882751
5.392036	0.047375001013279	5.398273	2.73187518119812
5.414593	0.0463750027120113	5.420826	2.7332501411438
5.437152	0.0452500022947788	5.443385	2.73350024223328
5.459705	0.0463750027120113	5.465942	2.73312520980835
5.482261	0.0453750006854534	5.488499	2.73375010490417
5.504829	0.0450000017881393	5.511061	2.73550009727478
5.527385	0.0471250005066395	5.533617	2.73787522315979
5.549937	0.0497500039637089	5.556175	2.74100017547607
5.572497	0.0493750013411045	5.578734	2.74387502670288
5.595054	0.0472500026226044	5.601287	2.74650001525879
5.617612	0.048250000923872	5.623845	2.74925017356873
5.640183	0.0485000014305115	5.64642	2.75100016593933
5.66274	0.0485000014305115	5.668978	2.75487518310547
5.685314	0.049125000834465	5.691547	2.75912523269653
5.707862	0.0486250035464764	5.714095	2.76575016975403
5.730415	0.0513750016689301	5.736653	2.77050018310547
5.752972	0.0512500032782555	5.759211	2.77637505531311
5.77556	0.0488750040531158	5.781793	2.7810001373291
5.798129	0.050500001758337	5.804363	2.78487515449524
5.820682	0.049625001847744	5.826921	2.78975009918213
5.843245	0.0515000037848949	5.849482	2.79512524604797
5.865803	0.051875002682209	5.872031	2.80137515068054
5.88835	0.0521250031888485	5.894582	2.80925011634827
5.910907	0.0540000014007092	5.917144	2.81575012207031
5.933464	0.055500004440546	5.939701	2.82312512397766
5.956027	0.0525000020861626	5.96226	2.82912516593933
5.978583	0.0542500019073486	5.984832	2.835125207901
6.001152	0.0533750019967556	6.007389	2.84087514877319
6.023708	0.0530000030994415	6.02994	2.84887504577637
6.046264	0.053250003606081	6.052496	2.8573751449585
6.068819	0.0540000014007092	6.075052	2.8675000667572
6.091373	0.0567500032484531	6.097611	2.87587523460388
6.11393	0.0567500032484531	6.120183	2.88437509536743
6.136534	0.0580000020563602	6.142767	2.89150023460388
6.159093	0.055500004440546	6.165327	2.8985002040863
6.181646	0.0553750023245811	6.187884	2.9060001373291
6.204204	0.0558750033378601	6.210437	2.91425013542175
6.226762	0.0566250011324883	6.232995	2.92325019836426
6.249313	0.0568750016391277	6.255546	2.93162512779236
6.271866	0.0590000040829182	6.278103	2.93962502479553
6.294438	0.0573750026524067	6.300671	2.94600009918213
6.316986	0.0573750026524067	6.323219	2.95137524604797
6.339545	0.0561250038444996	6.345798	2.95612525939941
6.362117	0.0563750043511391	6.368355	2.96175003051758
6.384674	0.0582500025629997	6.390907	2.9667501449585
6.407231	0.0580000020563602	6.413463	2.97412514686584
6.429798	0.0622500032186508	6.436037	2.97875022888184
6.452357	0.0606250017881393	6.458595	2.98350024223328
6.474918	0.0607500039041042	6.481151	2.98700022697449
6.497478	0.0583750009536743	6.50371	2.98900008201599
6.520029	0.0587500035762787	6.526262	2.99125003814697
6.542582	0.0591250024735928	6.548819	2.99362516403198
6.565139	0.0598750039935112	6.571372	2.99700021743774
6.587688	0.0602500028908253	6.593921	3.00162506103516
6.610241	0.0623750016093254	6.616478	3.00375008583069
6.632803	0.0632500052452087	6.63904	3.00600004196167
6.65536	0.0610000044107437	6.661592	3.00675010681152
6.677919	0.0608750022947788	6.684152	3.00662517547607
6.700471	0.0645000040531158	6.706708	3.00712513923645
6.723028	0.0612500011920929	6.729265	3.00737524032593
6.745576	0.0611250028014183	6.751809	3.00837516784668
6.768152	0.0620000027120113	6.774386	3.01087522506714
6.790705	0.0640000030398369	6.796942	3.01050019264221
6.813262	0.0617500022053719	6.819497	3.01125025749207
6.835827	0.0673750042915344	6.84206	3.01000022888184
6.858388	0.0617500022053719	6.864625	3.00837516784668
6.880951	0.0631249994039536	6.887184	3.00737524032593
6.903504	0.0627500042319298	6.909743	3.00662517547607
6.926065	0.0642499998211861	6.932297	3.0072500705719
6.948613	0.0651250034570694	6.954847	3.0072500705719
6.971166	0.0661250054836273	6.977399	3.00762510299683
6.993721	0.0650000050663948	6.999954	3.00675010681152
7.016279	0.0642499998211861	7.022512	3.00362515449524
7.038953	0.0636250004172325	7.045232	3.00225019454956
7.061629	0.0631249994039536	7.067883	3.0006251335144
7.084213	0.0646250024437904	7.09062	2.99937510490417
7.106952	0.0650000050663948	7.113185	2.9997501373291
7.129523	0.0682500004768372	7.135763	2.99987506866455
7.152087	0.0668750032782555	7.158331	2.99962520599365
7.174669	0.0662500038743019	7.180903	2.99825024604797
7.19722	0.0665000006556511	7.203458	2.99687504768372
7.219797	0.0655000060796738	7.226034	2.99500012397766
7.242354	0.0662500038743019	7.248592	2.99525022506714
7.264918	0.0667500048875809	7.271151	2.99750018119812
7.287476	0.0673750042915344	7.293708	3.00075006484985
7.310027	0.0686250030994415	7.316265	3.00437521934509
7.332583	0.0688749998807907	7.338821	3.00837516784668
7.355148	0.0703750029206276	7.361381	3.01237511634827
7.377717	0.0671250000596046	7.383949	3.01725006103516
7.400278	0.0676250010728836	7.406516	3.02300024032593
7.422836	0.068000003695488	7.429073	3.0301251411438
7.445405	0.0692500025033951	7.451637	3.03962516784668
7.467961	0.0692500025033951	7.474193	3.04912519454956
7.490513	0.0710000023245811	7.496751	3.05925011634827
7.513071	0.0701250061392784	7.519313	3.06850004196167
7.535634	0.0695000067353249	7.541866	3.07687520980835
7.558202	0.070250004529953	7.564434	3.08487510681152
7.580754	0.0703750029206276	7.586986	3.09325003623962
7.603306	0.0701250061392784	7.609538	3.10237503051758
7.625862	0.0701250061392784	7.6321	3.11287522315979
7.648427	0.0713750049471855	7.654659	3.12212514877319
7.670978	0.0722500011324883	7.677216	3.13150024414062
7.693535	0.0742500051856041	7.699768	3.13925004005432
7.716092	0.070750005543232	7.722324	3.14575004577637
7.738651	0.0710000023245811	7.744884	3.15175008773804
7.761227	0.070250004529953	7.767463	3.15887522697449
7.783788	0.0715000033378601	7.79003	3.16575026512146
7.806363	0.0716250017285347	7.812596	3.17312526702881
7.828922	0.0734999999403954	7.835156	3.18075013160706
7.851476	0.0738750025629997	7.857713	3.18662524223328
7.874036	0.0740000009536743	7.88028	3.19087505340576
7.896605	0.0720000043511391	7.902837	3.1947500705719
7.919162	0.0708750039339066	7.925403	3.19812512397766
7.941724	0.072500005364418	7.947963	3.20162510871887
7.964281	0.0726250037550926	7.970513	3.20675015449524
7.98684	0.0734999999403954	7.993072	3.21150016784668
8.009417	0.0751250013709068	8.015652	3.21587514877319
8.031964	0.075250007212162	8.038202	3.21900010108948
8.054522	0.0731250047683716	8.060755	3.22137522697449
8.07708	0.0745000019669533	8.083313	3.22237515449524
8.099638	0.0733750015497208	8.105876	3.22387504577637
8.122196	0.0731250047683716	8.128435	3.22587513923645
8.144762	0.0740000009536743	8.150995	3.22900009155273
8.16732	0.0741250067949295	8.173553	3.23200011253357
8.189876	0.0761250033974648	8.196113	3.23437523841858
8.212433	0.0751250013709068	8.21867	3.23562526702881
8.234989	0.0766250044107437	8.241222	3.23575019836426
8.257546	0.0748750045895576	8.263778	3.23587512969971
8.280102	0.0747500061988831	8.286339	3.23587512969971
8.302659	0.0750000029802322	8.308896	3.23662519454956
8.325218	0.0747500061988831	8.331451	3.23812508583069
8.347775	0.0757500007748604	8.354008	3.24012517929077
8.370329	0.0812500044703484	8.376566	3.24125003814697
8.392885	0.0765000060200691	8.399123	3.241375207901
8.415442	0.0760000050067902	8.421675	3.2407500743866
8.437998	0.0757500007748604	8.44423	3.23975014686584
8.460571	0.0757500007748604	8.466809	3.23912525177002
8.483129	0.0767500028014183	8.489361	3.23950004577637
8.505692	0.0766250044107437	8.511924	3.24000024795532
8.528248	0.0776250064373016	8.53448	3.24087524414062
8.550799	0.0783750042319298	8.557037	3.24150013923645
8.573356	0.078125	8.579591	3.2396252155304
8.595916	0.0787500068545341	8.602148	3.23900008201599
8.618475	0.0768750011920929	8.624707	3.23712515830994
8.641052	0.0770000070333481	8.647289	3.23562526702881
8.663601	0.0801250040531158	8.669834	3.23600006103516
8.68616	0.0782500058412552	8.692392	3.23575019836426
8.708712	0.0798750072717667	8.714944	3.23637509346008
8.731262	0.0775000005960464	8.737499	3.23562526702881
8.75382	0.0780000016093254	8.760082	3.23450016975403
8.776421	0.0780000016093254	8.78265	3.23187518119812
8.798977	0.0815000012516975	8.805215	3.22937512397766
8.821526	0.0790000036358833	8.82777	3.22875022888184
8.844105	0.0788750052452087	8.850338	3.22862505912781
8.866663	0.0793750062584877	8.872896	3.22862505912781
8.889221	0.0806250050663948	8.895454	3.22887516021729
8.911777	0.0798750072717667	8.918014	3.22887516021729
8.934389	0.0802500024437904	8.940676	3.2268750667572
8.957084	0.0788750052452087	8.963349	3.2248752117157
8.979705	0.078625001013279	8.985939	3.22412514686584
9.002257	0.0797500014305115	9.008485	3.22350025177002
9.024841	0.0800000056624413	9.031074	3.22437524795532
9.047405	0.0795000046491623	9.05364	3.225750207901
9.069968	0.0813750028610229	9.076202	3.22675013542175
9.092523	0.080875001847744	9.098756	3.2266252040863
9.115076	0.0805000066757202	9.121309	3.22700023651123
9.13767	0.0792500004172325	9.143915	3.22637510299683
9.160263	0.0801250040531158	9.166501	3.2268750667572
9.182822	0.0817500054836273	9.189054	3.22837519645691
9.205375	0.0815000012516975	9.211607	3.23025012016296
9.227931	0.0822500064969063	9.234163	3.23362517356873
9.250484	0.0807500034570694	9.256723	3.23625016212463
9.273042	0.0813750028610229	9.279274	3.23762512207031
9.295604	0.0815000012516975	9.301836	3.23850011825562
9.318161	0.0810000002384186	9.324393	3.24025011062622
9.340714	0.0817500054836273	9.346951	3.24212527275085
9.36327	0.0823750048875809	9.369503	3.24500012397766
9.38583	0.0817500054836273	9.392062	3.24937510490417
9.408386	0.0843750014901161	9.414618	3.25325012207031
9.430946	0.0830000042915344	9.437184	3.2572500705719
9.453503	0.0821250006556511	9.459736	3.2590000629425
9.476061	0.0821250006556511	9.482293	3.25962519645691
9.498617	0.0813750028610229	9.50485	3.26237511634827
9.521169	0.0821250006556511	9.527407	3.26475024223328
9.543738	0.083125002682209	9.54999	3.26850008964539
9.566309	0.0815000012516975	9.572542	3.27312517166138
9.588867	0.0847500041127205	9.59512	3.27675008773804
9.611439	0.0830000042915344	9.617677	3.27975010871887
9.634003	0.0828750059008598	9.640235	3.28150010108948
9.656561	0.0833750069141388	9.662793	3.28262519836426
9.679118	0.0827500075101852	9.68535	3.28475022315979
9.701669	0.0833750069141388	9.707906	3.28712511062622
9.724228	0.0830000042915344	9.730463	3.28987526893616
9.746788	0.0847500041127205	9.75302	3.29437518119812
9.769367	0.0857500061392784	9.775611	3.29725027084351
9.791941	0.0838750004768372	9.798179	3.29975008964539
9.814507	0.0843750014901161	9.820739	3.30037522315979
9.837066	0.083125002682209	9.843299	3.30150008201599
9.859618	0.0833750069141388	9.865851	3.30337524414062
9.882176	0.0821250006556511	9.888413	3.30550026893616
9.904733	0.0845000073313713	9.910966	3.30812525749207
9.927306	0.0857500061392784	9.933538	3.31212520599365
9.949859	0.085375003516674	9.956097	3.31487512588501
9.972417	0.0840000063180923	9.978655	3.31650018692017
9.994973	0.0842500030994415	10.001206	3.31650018692017
10.01753	0.0835000053048134	10.023763	3.31787514686584
10.040081	0.0848750025033951	10.046318	3.31962513923645
10.062637	0.0850000008940697	10.068875	3.3215000629425
10.085205	0.085875004529953	10.091439	3.32475018501282
10.107757	0.0868750065565109	10.113991	3.3278751373291
10.13033	0.0870000049471855	10.136569	3.33037519454956
10.152891	0.0860000029206276	10.159129	3.33162522315979
10.175451	0.0852500051259995	10.181684	3.33162522315979
10.198008	0.0852500051259995	10.204241	3.33287525177002
10.220567	0.0852500051259995	10.2268	3.33437514305115
10.24312	0.0861250013113022	10.249352	3.33650016784668
10.265671	0.0855000019073486	10.271909	3.33975005149841
10.28825	0.0880000069737434	10.294483	3.34187507629395
10.310803	0.0873750075697899	10.317035	3.34412527084351
10.333354	0.0865000039339066	10.339592	3.34512519836426
10.355916	0.0862500071525574	10.362149	3.34487509727478
10.378473	0.0857500061392784	10.384705	3.34562516212463
10.40105	0.0861250013113022	10.407288	3.34700012207031
10.423608	0.0872500017285347	10.429841	3.3490002155304
10.446166	0.086375005543232	10.452399	3.35225009918213
10.468722	0.089125007390976	10.474955	3.35387516021729
10.491286	0.0870000049471855	10.497524	3.35525012016296
10.513844	0.0866250023245811	10.520076	3.35525012016296
10.536401	0.085375003516674	10.542633	3.35500025749207
10.558956	0.0862500071525574	10.565203	3.35562515258789
10.581523	0.0885000005364418	10.58776	3.35662508010864
10.604078	0.0866250023245811	10.610311	3.35875010490417
10.626635	0.0871250033378601	10.632867	3.36087512969971
10.649195	0.0893750041723251	10.655428	3.36225008964539
10.671748	0.0878750011324883	10.677985	3.36300015449524
10.694305	0.0878750011324883	10.700563	3.36237525939941
10.716887	0.0870000049471855	10.723119	3.36262512207031
10.739434	0.0873750075697899	10.745661	3.36275005340576
10.762007	0.0878750011324883	10.768247	3.36337518692017
10.784564	0.0873750075697899	10.790797	3.36537504196167
10.807126	0.0900000035762787	10.813358	3.36712527275085
10.829711	0.0902500078082085	10.835949	3.36825013160706
10.852269	0.0895000025629997	10.858506	3.36900019645691
10.874832	0.0885000005364418	10.881065	3.36800026893616
10.89739	0.0885000005364418	10.903617	3.36800026893616
10.919946	0.088125005364418	10.926184	3.36800026893616
10.942504	0.0887500047683716	10.948742	3.36900019645691
10.965061	0.089125007390976	10.971294	3.37162518501282
10.987611	0.0913750007748604	10.993844	3.37262511253357
11.010187	0.0893750041723251	11.016424	3.37425017356873
11.032742	0.0887500047683716	11.03898	3.37437510490417
11.055316	0.0887500047683716	11.061548	3.37350010871887
11.077872	0.0892500057816505	11.084105	3.37350010871887
11.100423	0.0897500067949295	11.106661	3.37425017356873
11.122979	0.0888750031590462	11.129229	3.37637519836426
11.145571	0.0893750041723251	11.151803	3.37800025939941
11.168128	0.0911250039935112	11.17436	3.37912511825562
11.190689	0.0900000035762787	11.196922	3.38075017929077
11.213242	0.089125007390976	11.21948	3.38062524795532
11.235807	0.0892500057816505	11.24204	3.37987518310547
11.258363	0.0887500047683716	11.264596	3.37962508201599
11.280917	0.0900000035762787	11.28715	3.38075017929077
11.303471	0.0896250009536743	11.309704	3.38350009918213
11.326023	0.0911250039935112	11.332255	3.38500022888184
11.348584	0.0917500033974648	11.354827	3.38662505149841
11.371146	0.0905000045895576	11.377384	3.38787508010864
11.393704	0.0901250019669533	11.399937	3.38825011253357
11.416261	0.0895000025629997	11.422493	3.38762521743774
11.438818	0.0890000015497208	11.445051	3.38812518119812
11.461369	0.0902500078082085	11.467601	3.38900017738342
11.483921	0.0910000056028366	11.490154	3.39150023460388
11.506477	0.0921250060200691	11.512709	3.39387512207031
11.529033	0.0917500033974648	11.535266	3.39562511444092
11.551587	0.0907500013709068	11.557825	3.39650011062622
11.574145	0.0906250029802322	11.580377	3.39612507820129
11.596704	0.0905000045895576	11.602936	3.39650011062622
11.61926	0.0902500078082085	11.625493	3.39712524414062
11.641817	0.0910000056028366	11.648054	3.39837527275085
11.664373	0.0910000056028366	11.670606	3.40050005912781
11.68693	0.0928750038146973	11.693163	3.40287518501282
11.709502	0.0917500033974648	11.715734	3.40475010871887
11.732054	0.0913750007748604	11.738286	3.40537524223328
11.754607	0.090875007212162	11.760879	3.40475010871887
11.777203	0.0918750017881393	11.783431	3.40475010871887
11.799768	0.0936250016093254	11.806006	3.4060001373291
11.822326	0.090875007212162	11.828564	3.40825009346008
11.844883	0.0917500033974648	11.851116	3.40987515449524
11.867446	0.0967500060796738	11.873678	3.41275024414062
11.890016	0.0923750028014183	11.896253	3.4141252040863
11.912574	0.0917500033974648	11.918811	3.4143750667572
11.935131	0.089125007390976	11.941359	3.4143750667572
11.957688	0.0902500078082085	11.96392	3.41500020027161
11.980239	0.0915000066161156	11.986477	3.41575026512146
12.002796	0.0918750017881393	12.009033	3.41800022125244
12.025343	0.0926250070333481	12.031581	3.42025017738342
12.047906	0.0938750058412552	12.054139	3.42237520217896
12.070462	0.0925000011920929	12.076701	3.42375016212463
12.093034	0.0928750038146973	12.099266	3.42325019836426
12.115609	0.0910000056028366	12.121842	3.42412519454956
12.138193	0.0912500023841858	12.144425	3.42362523078918
12.160747	0.0928750038146973	12.166985	3.42512512207031
12.183305	0.0930000022053719	12.189537	3.42762517929077
12.205863	0.0930000022053719	12.212094	3.42962527275085
12.228418	0.0936250016093254	12.23465	3.43175005912781
12.250968	0.0921250060200691	12.257205	3.43275022506714
12.273525	0.0928750038146973	12.279759	3.43225026130676
12.296083	0.0926250070333481	12.302311	3.43275022506714
12.318639	0.0921250060200691	12.324872	3.43250012397766
12.341192	0.0936250016093254	12.347429	3.43425011634827
12.36375	0.0935000032186508	12.369987	3.43625020980835
12.386305	0.0946250036358833	12.392532	3.43912506103516
12.408853	0.0940000042319298	12.415086	3.44050025939941
12.431409	0.0935000032186508	12.437647	3.44050025939941
12.453967	0.0938750058412552	12.460199	3.44075012207031
12.476525	0.0928750038146973	12.482758	3.44050025939941
12.499081	0.0926250070333481	12.505324	3.44100022315979
12.521645	0.0937500074505806	12.527879	3.44312524795532
12.54419	0.0925000011920929	12.550424	3.44462513923645
12.566735	0.0950000062584877	12.572962	3.44675016403198
12.589283	0.0937500074505806	12.595516	3.44787526130676
12.611835	0.0932500064373016	12.618072	3.44775009155273
12.634396	0.0915000066161156	12.640629	3.44787526130676
12.656954	0.0928750038146973	12.663186	3.44700026512146
12.67951	0.0938750058412552	12.685744	3.44837522506714
12.702063	0.0933750048279762	12.708297	3.45062518119812
12.724617	0.0938750058412552	12.730858	3.4520001411438
12.747173	0.0950000062584877	12.753405	3.45400023460388
12.769757	0.094250001013279	12.775991	3.45500016212463
12.792305	0.0941250026226044	12.798542	3.45487523078918
12.814863	0.0937500074505806	12.821096	3.45425009727478
12.837438	0.0936250016093254	12.843671	3.45387506484985
12.86	0.094250001013279	12.866238	3.45462512969971
12.882561	0.094250001013279	12.888798	3.45675015449524
12.905118	0.096000000834465	12.911351	3.4583752155304
12.927676	0.0963750034570694	12.933908	3.46050024032593
12.950228	0.0947500020265579	12.956465	3.46087527275085
12.972785	0.0945000052452087	12.979022	3.46075010299683
12.995358	0.0936250016093254	13.00159	3.460125207901
13.017916	0.0923750028014183	13.024148	3.45912528038025
13.040482	0.0948750078678131	13.04672	3.46075010299683
13.063031	0.0951250046491623	13.069264	3.46262526512146
13.085605	0.0945000052452087	13.091837	3.46425008773804
13.108162	0.0958750024437904	13.114395	3.46562504768372
13.130732	0.0930000022053719	13.136977	3.46512508392334
13.1533	0.0940000042319298	13.159533	3.46587514877319
13.175857	0.0943750068545341	13.182089	3.46475005149841
13.198415	0.0947500020265579	13.204647	3.46525025367737
13.220967	0.094250001013279	13.227205	3.46625018119812
13.243542	0.0957500040531158	13.249793	3.46775007247925
13.266117	0.0957500040531158	13.27235	3.47037506103516
13.288677	0.0958750024437904	13.294921	3.47075009346008
13.31124	0.0971250012516975	13.317478	3.47100019454956
13.333799	0.0948750078678131	13.340032	3.47075009346008
13.356356	0.0947500020265579	13.362589	3.46962523460388
13.378912	0.0955000072717667	13.385145	3.47025012969971
13.401464	0.0951250046491623	13.407701	3.47200012207031
13.424025	0.0952500030398369	13.430258	3.47337508201599
13.446579	0.0977500081062317	13.45281	3.47525024414062
13.469137	0.0956250056624413	13.47537	3.47612524032593
13.491691	0.0948750078678131	13.497924	3.47537517547607
13.514244	0.0971250012516975	13.520472	3.47525024414062
13.536793	0.0948750078678131	13.543026	3.47462511062622
13.559345	0.0952500030398369	13.565578	3.4751250743866
13.5819	0.0957500040531158	13.588138	3.47675013542175
13.604457	0.0951250046491623	13.61069	3.47837519645691
13.627016	0.0968750044703484	13.633254	3.48037505149841
13.649595	0.0966250076889992	13.655833	3.48087525367737
13.672152	0.0950000062584877	13.67839	3.48050022125244
13.694709	0.0937500074505806	13.700947	3.48012518882751
13.717271	0.0961250066757202	13.723503	3.47962522506714
13.739821	0.094250001013279	13.746059	3.48000025749207
13.762401	0.0956250056624413	13.768637	3.48162508010864
13.784957	0.0943750068545341	13.791197	3.48375010490417
13.80754	0.0968750044703484	13.813772	3.48600006103516
13.830093	0.0958750024437904	13.836331	3.48525023460388
13.852652	0.0945000052452087	13.85889	3.48562526702881
13.87522	0.0951250046491623	13.881453	3.48425006866455
13.897779	0.0966250076889992	13.904012	3.48450016975403
13.920332	0.0986250042915344	13.926569	3.48475027084351
13.942893	0.0953750014305115	13.949131	3.48637509346008
13.965451	0.0968750044703484	13.971683	3.48900008201599
13.988009	0.0997500047087669	13.994242	3.4896252155304
14.010573	0.096000000834465	14.01681	3.48925018310547
14.033132	0.0970000028610229	14.039364	3.48950028419495
14.055692	0.0947500020265579	14.061924	3.48800015449524
14.078249	0.0951250046491623	14.084481	3.48850011825562
14.100801	0.0961250066757202	14.107034	3.48950028419495
14.123355	0.0998750030994415	14.129611	3.491375207901
14.145942	0.0976250022649765	14.152175	3.49325013160706
14.168504	0.0976250022649765	14.174737	3.49400019645691
14.191061	0.0971250012516975	14.197298	3.49400019645691
14.213619	0.096000000834465	14.219852	3.4933750629425
14.236177	0.0966250076889992	14.242409	3.49262523651123
14.258734	0.0966250076889992	14.264967	3.49300026893616
14.281286	0.0967500060796738	14.287524	3.49412512779236
14.303846	0.0962500050663948	14.310079	3.49562525749207
14.326404	0.0985000059008598	14.332636	3.49750018119812
14.348963	0.0977500081062317	14.355203	3.49787521362305
14.371522	0.0976250022649765	14.377759	3.49750018119812
14.394078	0.0972500070929527	14.40031	3.49687504768372
14.416634	0.0945000052452087	14.422867	3.49637508392334
14.439191	0.0961250066757202	14.445424	3.49700021743774
14.461743	0.0961250066757202	14.467976	3.4980001449585
14.484298	0.0971250012516975	14.49053	3.50025010108948
14.50685	0.0990000069141388	14.513082	3.50137519836426
14.529411	0.098750002682209	14.535644	3.50175023078918
14.551965	0.0972500070929527	14.558198	3.50125026702881
14.574518	0.0972500070929527	14.580751	3.49962520599365
14.597066	0.0967500060796738	14.603298	3.49987506866455
14.619623	0.0940000042319298	14.62586	3.49937510490417
14.642196	0.0976250022649765	14.648434	3.50162506103516
14.664753	0.0972500070929527	14.670986	3.50350022315979
14.687308	0.0981250032782555	14.693541	3.50462508201599
14.709859	0.0975000038743019	14.716097	3.50437521934509
14.732415	0.0971250012516975	14.738652	3.50387525558472
14.754972	0.0970000028610229	14.761225	3.50262522697449
14.77755	0.0975000038743019	14.783777	3.50262522697449
14.800093	0.0975000038743019	14.806331	3.50287508964539
14.822656	0.096000000834465	14.828894	3.50500011444092
14.845228	0.0991250053048134	14.851461	3.50650024414062
14.867786	0.0986250042915344	14.874019	3.507000207901
14.890342	0.0980000048875809	14.89658	3.50712513923645
14.9129	0.0977500081062317	14.919137	3.50662517547607
14.935457	0.0971250012516975	14.941689	3.50550007820129
14.958013	0.0963750034570694	14.964245	3.50587511062622
14.980569	0.0976250022649765	14.986801	3.5063750743866
15.003121	0.0973750054836273	15.009355	3.50775027275085
15.025692	0.10062500834465	15.031924	3.50925016403198
15.048249	0.098750002682209	15.054482	3.50975012779236
15.0708	0.0977500081062317	15.077038	3.50975012779236
15.093357	0.0980000048875809	15.099593	3.50837516784668
15.115916	0.0958750024437904	15.122149	3.50800013542175
15.13851	0.0973750054836273	15.144743	3.5078752040863
15.161074	0.0986250042915344	15.167311	3.50937509536743
15.183632	0.0978750064969063	15.189865	3.51112508773804
15.206194	0.0996250063180923	15.212426	3.51200008392334
15.228767	0.0993750020861626	15.235	3.51250004768372
15.251321	0.0973750054836273	15.257558	3.51200008392334
15.273881	0.0982500016689301	15.280113	3.51087522506714
15.296438	0.102625004947186	15.30267	3.51037526130676
15.318994	0.0982500016689301	15.325227	3.51062512397766
15.341547	0.0977500081062317	15.347785	3.51137518882751
15.364103	0.0982500016689301	15.370336	3.51387524604797
15.386661	0.100000001490116	15.392892	3.5142502784729
15.40922	0.0993750020861626	15.415453	3.5145001411438
15.431772	0.0980000048875809	15.438009	3.5145001411438
15.45433	0.0991250053048134	15.460571	3.51312518119812
15.476895	0.0981250032782555	15.483127	3.51262521743774
15.499447	0.0990000069141388	15.505692	3.5136251449585
15.522011	0.0991250053048134	15.528248	3.51437520980835
15.544566	0.100125007331371	15.550799	3.51600027084351
15.567124	0.101000003516674	15.573356	3.51725006103516
15.589692	0.0986250042915344	15.595925	3.51712512969971
15.612246	0.0985000059008598	15.618478	3.51700019836426
15.634829	0.0981250032782555	15.641062	3.51575016975403
15.657386	0.0983750075101852	15.663619	3.51487517356873
15.679941	0.0990000069141388	15.686173	3.51587510108948
15.702494	0.0986250042915344	15.708727	3.51725006103516
15.725047	0.104500003159046	15.73128	3.51900005340576
15.747602	0.100500002503395	15.753835	3.51875019073486
15.770216	0.0982500016689301	15.77645	3.51950025558472
15.792788	0.0991250053048134	15.799027	3.51825022697449
15.815354	0.0988750010728836	15.821587	3.51800012588501
15.837915	0.0981250032782555	15.844147	3.51762509346008
15.860468	0.0985000059008598	15.866705	3.51887512207031
15.883025	0.0983750075101852	15.889262	3.5208752155304
15.905604	0.103375002741814	15.911837	3.52125024795532
15.928161	0.100750006735325	15.934394	3.52237510681152
15.950728	0.0988750010728836	15.956966	3.52187514305115
15.973284	0.0990000069141388	15.979518	3.52075028419495
15.995845	0.0988750010728836	16.002077	3.52000021934509
16.018402	0.0986250042915344	16.024635	3.52012515068054
16.040954	0.0982500016689301	16.047191	3.52112507820129
16.06351	0.0988750010728836	16.069743	3.52300024032593
16.086068	0.0997500047087669	16.0923	3.52425026893616
16.108615	0.0976250022649765	16.114848	3.5246250629425
16.131187	0.10037500411272	16.137432	3.52400016784668
16.153772	0.0977500081062317	16.160005	3.5235002040863
16.176335	0.0986250042915344	16.182562	3.52300024032593
16.19889	0.0993750020861626	16.205123	3.52275013923645
16.221448	0.0991250053048134	16.227686	3.52400016784668
16.244006	0.0993750020861626	16.250238	3.52562522888184
16.266562	0.101250007748604	16.272794	3.52625012397766
16.289118	0.0991250053048134	16.295351	3.52700018882751
16.311685	0.0990000069141388	16.317922	3.52537512779236
16.334242	0.0982500016689301	16.340474	3.52550005912781
16.3568	0.0995000079274178	16.363032	3.52537512779236
16.379352	0.0995000079274178	16.385603	3.52575016021729
16.401922	0.0996250063180923	16.408159	3.52712512016296
16.424478	0.10062500834465	16.430711	3.52812528610229
16.447036	0.100875005125999	16.453268	3.5292501449585
16.469595	0.0991250053048134	16.475833	3.52937507629395
16.492165	0.0990000069141388	16.498403	3.5290002822876
16.514726	0.0991250053048134	16.520958	3.52750015258789
16.537284	0.098750002682209	16.543516	3.52675008773804
16.559836	0.101500004529953	16.566074	3.52800011634827
16.582394	0.100000001490116	16.588632	3.5301251411438
16.604952	0.101750001311302	16.611185	3.53087520599365
16.627509	0.101250007748604	16.633747	3.53175020217896
16.650081	0.0998750030994415	16.656319	3.53212523460388
16.672641	0.099250003695488	16.678874	3.53037524223328
16.695192	0.0995000079274178	16.70143	3.53000020980835
16.717756	0.100250005722046	16.723988	3.53000020980835
16.740316	0.100125007331371	16.746549	3.53062510490417
16.762894	0.100500002503395	16.769131	3.53225016593933
16.785447	0.102000005543232	16.791675	3.53350019454956
16.808002	0.100000001490116	16.81424	3.53437519073486
16.830579	0.0985000059008598	16.836816	3.53275012969971
16.853137	0.0995000079274178	16.859375	3.53287506103516
16.875698	0.0991250053048134	16.88193	3.5318751335144
16.898254	0.100250005722046	16.904486	3.53237509727478
16.920808	0.100125007331371	16.927045	3.53400015830994
16.943365	0.0997500047087669	16.949597	3.53487515449524
16.96592	0.101375006139278	16.972153	3.53600025177002
16.988469	0.10037500411272	16.994702	3.53637528419495
17.011059	0.100125007331371	17.017296	3.53550004959106
17.033615	0.0995000079274178	17.039848	3.53462505340576
17.056173	0.099250003695488	17.062405	3.53412508964539
17.078728	0.101125001907349	17.084961	3.53425025939941
17.10128	0.0998750030994415	17.107517	3.53675007820129
17.123836	0.100875005125999	17.130097	3.53700017929077
17.14643	0.102125003933907	17.152669	3.538250207901
17.168995	0.100250005722046	17.175227	3.53862524032593
17.191552	0.101000003516674	17.19779	3.53725028038025
17.214124	0.10037500411272	17.220365	3.53662514686584
17.236684	0.0991250053048134	17.242916	3.53612518310547
17.259243	0.10037500411272	17.265476	3.53637528419495
17.281795	0.100750006735325	17.288033	3.53812527656555
17.304353	0.102250002324581	17.310587	3.53950023651123
17.326911	0.100875005125999	17.333143	3.54075026512146
17.349462	0.100000001490116	17.355697	3.54037523269653
17.372016	0.100125007331371	17.378253	3.53887510299683
17.394575	0.0991250053048134	17.400807	3.5385000705719
17.417132	0.10037500411272	17.423365	3.53812527656555
17.439703	0.101375006139278	17.445941	3.53962516784668
17.462261	0.100750006735325	17.468498	3.54012513160706
17.484828	0.101500004529953	17.491061	3.54137516021729
17.507385	0.101000003516674	17.513617	3.54237508773804
17.529935	0.100125007331371	17.536172	3.54250025749207
17.552491	0.10037500411272	17.558729	3.54100012779236
17.575048	0.0997500047087669	17.581281	3.53987526893616
17.597608	0.101000003516674	17.60384	3.53987526893616
17.62019	0.100500002503395	17.626422	3.54125022888184
17.642745	0.10037500411272	17.648983	3.54287505149841
17.665315	0.101750001311302	17.671547	3.54400014877319
17.687872	0.101250007748604	17.694104	3.54400014877319
17.710424	0.101250007748604	17.716662	3.54350018501282
17.732979	0.100750006735325	17.739216	3.54287505149841
17.755536	0.10062500834465	17.761793	3.54212522506714
17.77812	0.104500003159046	17.784353	3.54212522506714
17.800686	0.100250005722046	17.806919	3.54325008392334
17.823243	0.100750006735325	17.829475	3.54450011253357
17.845799	0.10300000756979	17.852033	3.5457501411438
17.868355	0.101000003516674	17.874587	3.54612517356873
17.890904	0.101250007748604	17.897137	3.54525017738342
17.913456	0.100125007331371	17.919702	3.54425024986267
17.936031	0.10062500834465	17.942263	3.54350018501282
17.958587	0.101000003516674	17.964826	3.54437518119812
17.981147	0.10037500411272	17.987384	3.54587507247925
18.003703	0.101750001311302	18.009936	3.5466251373291
18.026262	0.102375008165836	18.032501	3.54800009727478
18.048829	0.100875005125999	18.055062	3.54725027084351
18.071382	0.100875005125999	18.077615	3.54675006866455
18.093935	0.101500004529953	18.100183	3.54525017738342
18.116508	0.101750001311302	18.122741	3.54500007629395
18.1391	0.102000005543232	18.145334	3.54612517356873
18.161657	0.101375006139278	18.16789	3.54700016975403
18.184212	0.102125003933907	18.190479	3.54875016212463
18.206806	0.10300000756979	18.213038	3.54912519454956
18.229362	0.100750006735325	18.235604	3.54850006103516
18.251923	0.100750006735325	18.258161	3.54800009727478
18.274485	0.101375006139278	18.280719	3.54650020599365
18.297043	0.10062500834465	18.303277	3.54687523841858
18.319611	0.101125001907349	18.325848	3.54775023460388
18.342167	0.101500004529953	18.3484	3.54887509346008
18.36472	0.102375008165836	18.370952	3.55012512207031
18.387278	0.101375006139278	18.393511	3.55075025558472
18.409831	0.100250005722046	18.416068	3.54962515830994
18.432387	0.101750001311302	18.438625	3.54912519454956
18.454943	0.101250007748604	18.461177	3.54825019836426
18.477501	0.101500004529953	18.483733	3.54850006103516
18.500052	0.100875005125999	18.506289	3.54975008964539
18.52262	0.101625002920628	18.528858	3.55075025558472
18.545177	0.102250002324581	18.55141	3.55175018310547
18.567736	0.103875003755093	18.573968	3.55237507820129
18.590287	0.10275000333786	18.596525	3.55162525177002
18.612844	0.101625002920628	18.619081	3.55050015449524
18.635406	0.101750001311302	18.641639	3.55000019073486
18.657962	0.101250007748604	18.664195	3.55037522315979
18.680513	0.101375006139278	18.68675	3.55125021934509
18.703073	0.101250007748604	18.709316	3.5530002117157
18.725636	0.102375008165836	18.731868	3.55350017547607
18.748184	0.100875005125999	18.754417	3.55337524414062
18.770771	0.101125001907349	18.777005	3.55275011062622
18.793327	0.100750006735325	18.799566	3.55112504959106
18.815891	0.101875007152557	18.822124	3.55100011825562
18.83845	0.101875007152557	18.844682	3.55150008201599
18.861002	0.102375008165836	18.867236	3.55275011062622
18.883559	0.101875007152557	18.889792	3.55437517166138
18.906133	0.102250002324581	18.912372	3.5550000667572
18.9287	0.101375006139278	18.934934	3.5547502040863
18.951258	0.101375006139278	18.957491	3.553875207901
18.973822	0.101125001907349	18.980056	3.55250024795532
18.996368	0.102125003933907	19.002596	3.55262517929077
19.018922	0.101125001907349	19.025156	3.5530002117157
19.0415	0.10062500834465	19.047737	3.55462527275085
19.064048	0.10275000333786	19.070284	3.55600023269653
19.08661	0.106125004589558	19.092842	3.55637526512146
19.109166	0.101500004529953	19.115402	3.55600023269653
19.131741	0.100875005125999	19.137985	3.5550000667572
19.154308	0.101250007748604	19.160564	3.55375027656555
19.176889	0.100500002503395	19.183121	3.55375027656555
19.199441	0.101375006139278	19.205691	3.55487513542175
19.222002	0.101500004529953	19.22824	3.55637526512146
19.244569	0.10300000756979	19.250803	3.55737519264221
19.267127	0.102500006556511	19.27336	3.55737519264221
19.289711	0.102000005543232	19.295949	3.55700016021729
19.312273	0.10275000333786	19.318511	3.55600023269653
19.334832	0.101750001311302	19.341065	3.55512523651123
19.357389	0.101625002920628	19.363621	3.55550026893616
19.379942	0.101750001311302	19.386179	3.55625009536743
19.402499	0.101750001311302	19.408736	3.55800008773804
19.425063	0.103875003755093	19.431297	3.55862522125244
19.447622	0.102250002324581	19.453854	3.55912518501282
19.47019	0.101625002920628	19.476427	3.55800008773804
19.492747	0.101750001311302	19.498984	3.55687522888184
19.515315	0.100875005125999	19.521548	3.55662512779236
19.537872	0.101625002920628	19.544104	3.55687522888184
19.560423	0.101500004529953	19.566661	3.55750012397766
19.582979	0.102375008165836	19.589217	3.55925011634827
19.605536	0.102625004947186	19.611769	3.56012511253357
19.628102	0.102125003933907	19.634335	3.5602502822876
19.650672	0.101750001311302	19.65691	3.55950021743774
19.673232	0.101625002920628	19.679464	3.55787515640259
19.695789	0.101500004529953	19.702021	3.55750012397766
19.718346	0.102000005543232	19.724578	3.55825018882751
19.740898	0.101375006139278	19.747135	3.55925011634827
19.763501	0.103500008583069	19.769737	3.56075024604797
19.786068	0.103125005960464	19.792308	3.5613751411438
19.808638	0.102875001728535	19.814871	3.5613751411438
19.831197	0.101125001907349	19.837435	3.56000018119812
19.853756	0.101250007748604	19.859992	3.55925011634827
19.876319	0.100500002503395	19.882552	3.55900025367737
19.898875	0.101125001907349	19.905115	3.55962514877319
19.921434	0.102125003933907	19.927671	3.5611252784729
19.94399	0.103250004351139	19.950223	3.56175017356873
19.966547	0.103375002741814	19.972779	3.56262516975403
19.989102	0.102125003933907	19.995335	3.56250023841858
20.011654	0.101375006139278	20.017892	3.56125020980835
20.034213	0.101125001907349	20.040457	3.5605001449585
20.056778	0.102125003933907	20.063011	3.5602502822876
20.079333	0.102500006556511	20.085566	3.56150007247925
20.101887	0.102000005543232	20.10812	3.5631251335144
20.124439	0.10300000756979	20.13069	3.56362509727478
20.147023	0.10300000756979	20.153255	3.56387519836426
20.169594	0.101875007152557	20.175832	3.56350016593933
20.192158	0.102125003933907	20.198395	3.5622501373291
20.21473	0.101250007748604	20.220962	3.5613751411438
20.237281	0.102625004947186	20.243514	3.5613751411438
20.259834	0.101500004529953	20.266067	3.56287527084351
20.282388	0.103250004351139	20.288626	3.56400012969971
20.304947	0.103250004351139	20.31118	3.56500005722046
20.327505	0.101750001311302	20.333737	3.56562519073486
20.350058	0.102250002324581	20.356296	3.56487512588501
20.372616	0.101375006139278	20.378854	3.56337523460388
20.395174	0.104875005781651	20.401406	3.56300020217896
20.417734	0.102250002324581	20.423967	3.56325006484985
20.440287	0.102125003933907	20.446519	3.56500005722046
20.462839	0.103375002741814	20.469072	3.56575012207031
20.485405	0.103625006973743	20.491637	3.56712508201599
20.507962	0.101625002920628	20.514194	3.56662511825562
20.530514	0.102500006556511	20.536751	3.56512522697449
20.553071	0.101750001311302	20.559313	3.56437516212463
20.575633	0.102875001728535	20.581866	3.56387519836426
20.598191	0.102125003933907	20.604423	3.56475019454956
20.620747	0.102625004947186	20.626985	3.56612515449524
20.64334	0.103250004351139	20.649599	3.56687521934509
20.66592	0.103125005960464	20.672152	3.56750011444092
20.68848	0.102875001728535	20.694713	3.56762528419495
20.711057	0.101875007152557	20.717294	3.56587505340576
20.733613	0.102500006556511	20.739841	3.56600022315979
20.756168	0.101875007152557	20.762426	3.56462526321411
20.778752	0.101500004529953	20.784981	3.56575012207031
20.801303	0.102000005543232	20.80754	3.56737518310547
20.82386	0.103125005960464	20.830093	3.5686252117157
20.846417	0.101875007152557	20.852649	3.5688750743866
20.868991	0.102125003933907	20.875224	3.5686252117157
20.891542	0.101625002920628	20.897779	3.56712508201599
20.9141	0.100875005125999	20.920333	3.56675028800964
20.936657	0.102250002324581	20.942889	3.56650018692017
20.959213	0.104500003159046	20.965446	3.56762528419495
20.981764	0.101625002920628	20.988002	3.56900024414062
21.004322	0.104125007987022	21.01057	3.57012510299683
21.026895	0.102500006556511	21.033128	3.57025027275085
21.049451	0.102500006556511	21.055688	3.56962513923645
21.07201	0.106250002980232	21.078243	3.56837511062622
21.094564	0.101500004529953	21.100797	3.56737518310547
21.117121	0.103625006973743	21.123355	3.56787514686584
21.139719	0.102375008165836	21.145954	3.5688750743866
21.16228	0.103750005364418	21.168513	3.57025027275085
21.184834	0.104375004768372	21.191066	3.57112526893616
21.207395	0.102125003933907	21.213628	3.57137513160706
21.229949	0.103125005960464	21.236181	3.5703752040863
21.252502	0.101125001907349	21.25874	3.569500207901
21.27506	0.101250007748604	21.281293	3.56900024414062
21.297618	0.10300000756979	21.303845	3.56900024414062
21.320187	0.102125003933907	21.326425	3.57087516784668
21.342746	0.103250004351139	21.348983	3.57200026512146
21.365315	0.104000002145767	21.371547	3.57287526130676
21.387871	0.102375008165836	21.394104	3.57200026512146
21.410423	0.106250002980232	21.416661	3.57100009918213
21.432981	0.102125003933907	21.439219	3.57012510299683
21.455539	0.102500006556511	21.461772	3.57012510299683
21.478096	0.102250002324581	21.484328	3.57012510299683
21.50066	0.101000003516674	21.506897	3.57187509536743
21.523215	0.10300000756979	21.529448	3.57300019264221
21.545766	0.102875001728535	21.551999	3.57425022125244
21.568338	0.0990000069141388	21.57457	3.57337522506714
21.590889	0.102250002324581	21.597122	3.57212519645691
21.613442	0.103125005960464	21.619695	3.5715000629425
21.636102	0.102125003933907	21.64236	3.57112526893616
21.658747	0.102000005543232	21.665008	3.57225012779236
21.681393	0.103125005960464	21.687652	3.57325005531311
21.703993	0.103750005364418	21.710228	3.57475018501282
21.72655	0.10300000756979	21.732786	3.57475018501282
21.749111	0.102125003933907	21.755343	3.57362508773804
21.771697	0.106750003993511	21.77793	3.57287526130676
21.79426	0.102375008165836	21.800505	3.57237505912781
21.816842	0.103125005960464	21.823075	3.57212519645691
21.839411	0.102000005543232	21.845644	3.57312512397766
21.861963	0.102500006556511	21.868201	3.57462525367737
21.88452	0.103875003755093	21.890753	3.57550024986267
21.907077	0.102875001728535	21.91331	3.57512521743774
21.929681	0.101375006139278	21.935922	3.57450008392334
21.952242	0.101625002920628	21.958474	3.57325005531311
21.974857	0.10300000756979	21.981096	3.57300019264221
21.997412	0.102125003933907	22.003644	3.57337522506714
22.019995	0.102000005543232	22.026233	3.57437515258789
22.042554	0.10300000756979	22.048791	3.57600021362305
22.065118	0.103625006973743	22.071351	3.5767502784729
22.087675	0.102500006556511	22.093907	3.5770001411438
22.110225	0.102500006556511	22.116462	3.57525014877319
22.13283	0.102000005543232	22.139075	3.57462525367737
22.155405	0.101625002920628	22.161645	3.57362508773804
22.177968	0.101375006139278	22.184205	3.57450008392334
22.200531	0.102000005543232	22.20677	3.5758752822876
22.223092	0.102375008165836	22.229324	3.57737517356873
22.245648	0.103125005960464	22.25188	3.5776252746582
22.268207	0.102500006556511	22.274439	3.57737517356873
22.29076	0.103375002741814	22.296993	3.57662510871887
22.313318	0.100500002503395	22.31955	3.57512521743774
22.335875	0.105875007808208	22.342102	3.57512521743774
22.358435	0.106875002384186	22.364667	3.57575011253357
22.380987	0.101875007152557	22.387224	3.57825016975403
22.403545	0.103625006973743	22.409791	3.57825016975403
22.426112	0.103500008583069	22.432344	3.57825016975403
22.44867	0.103250004351139	22.454917	3.5778751373291
22.471236	0.102375008165836	22.477474	3.57662510871887
22.493797	0.101500004529953	22.50003	3.57575011253357
22.516355	0.102125003933907	22.522587	3.57600021362305
22.538913	0.103500008583069	22.545146	3.5767502784729
22.561466	0.103250004351139	22.567703	3.57825016975403
22.584022	0.104250006377697	22.590255	3.57950019836426
22.60658	0.103250004351139	22.612812	3.57950019836426
22.629137	0.102625004947186	22.63537	3.57887506484985
22.651696	0.10300000756979	22.657933	3.57737517356873
22.674267	0.102375008165836	22.680499	3.57687520980835
22.696818	0.103250004351139	22.70305	3.57712507247925
22.71937	0.10275000333786	22.725604	3.5778751373291
22.741914	0.102875001728535	22.748152	3.57987523078918
22.764495	0.104250006377697	22.770729	3.58050012588501
22.787043	0.10300000756979	22.793271	3.58012509346008
22.809595	0.103875003755093	22.815833	3.57937526702881
22.832152	0.101500004529953	22.838385	3.57812523841858
22.854718	0.10300000756979	22.860951	3.5776252746582
22.877275	0.102500006556511	22.883509	3.57812523841858
22.899834	0.10537500679493	22.906071	3.57912516593933
22.922389	0.104750007390976	22.928627	3.58037519454956
22.944946	0.104125007987022	22.951179	3.58125019073486
22.967502	0.103375002741814	22.973734	3.58112525939941
22.990052	0.103250004351139	22.99629	3.58000016212463
23.012611	0.101250007748604	23.018848	3.57912516593933
23.035166	0.102500006556511	23.041399	3.57837510108948
23.057723	0.102375008165836	23.063957	3.57900023460388
23.080278	0.103375002741814	23.086516	3.58062505722046
23.102835	0.104500003159046	23.109072	3.58162522315979
23.125405	0.104000002145767	23.131655	3.58187508583069
23.147982	0.10275000333786	23.154215	3.58150005340576
23.170562	0.103250004351139	23.176795	3.58087515830994
23.193118	0.102250002324581	23.199356	3.57950019836426
23.215691	0.102500006556511	23.221918	3.57937526702881
23.238245	0.10300000756979	23.244478	3.57987523078918
23.260798	0.102625004947186	23.267036	3.58137512207031
23.283356	0.104250006377697	23.289592	3.58212518692017
23.305917	0.103500008583069	23.312149	3.58312511444092
23.328489	0.10300000756979	23.334722	3.58237528800964
23.351068	0.103750005364418	23.3573	3.58100008964539
23.373619	0.105625003576279	23.379847	3.58012509346008
23.396173	0.10725000500679	23.402405	3.57987523078918
23.418731	0.103250004351139	23.424963	3.58062505722046
23.441283	0.103375002741814	23.44752	3.58262515068054
23.463832	0.104250006377697	23.470094	3.58325028419495
23.486419	0.107125006616116	23.492652	3.58362507820129
23.508976	0.102875001728535	23.515208	3.58275008201599
23.531541	0.0982500016689301	23.537778	3.58112525939941
23.554098	0.0997500047087669	23.560331	3.58050012588501
23.576656	0.103375002741814	23.582889	3.58087515830994
23.599214	0.103125005960464	23.605447	3.58175015449524
23.621767	0.104125007987022	23.628005	3.58312511444092
23.644328	0.104750007390976	23.65057	3.58400011062622
23.666893	0.105500005185604	23.673126	3.5842502117157
23.689446	0.102500006556511	23.695691	3.58262515068054
23.71201	0.102875001728535	23.718247	3.58212518692017
23.734579	0.102875001728535	23.740812	3.58062505722046
23.75713	0.103125005960464	23.763387	3.58175015449524
23.779719	0.105875007808208	23.785958	3.5833752155304
23.802296	0.104125007987022	23.808534	3.58437514305115
23.824855	0.105000004172325	23.831088	3.58475017547607
23.847413	0.104000002145767	23.853645	3.58475017547607
23.869963	0.103500008583069	23.876201	3.58312511444092
23.892519	0.102500006556511	23.898757	3.58212518692017
23.915076	0.102875001728535	23.921309	3.58212518692017
23.937648	0.103250004351139	23.943881	3.58275008201599
23.960196	0.103250004351139	23.966433	3.5842502117157
23.982753	0.104750007390976	23.988991	3.58487510681152
24.005315	0.104625001549721	24.011547	3.58525013923645
24.027872	0.103500008583069	24.034106	3.585125207901
24.050424	0.103375002741814	24.056661	3.58350014686584
24.07298	0.102250002324581	24.079212	3.58275008201599
24.095543	0.103875003755093	24.101776	3.58275008201599
24.118097	0.10300000756979	24.12433	3.58350014686584
24.140683	0.103375002741814	24.146921	3.58487510681152
24.163242	0.105250008404255	24.169475	3.58637523651123
24.1858	0.103625006973743	24.192033	3.5862500667572
24.208357	0.103500008583069	24.214591	3.5860002040863
24.230911	0.103500008583069	24.237148	3.5845000743866
24.253472	0.103125005960464	24.259707	3.5833752155304
24.276029	0.102625004947186	24.282261	3.58350014686584
24.298587	0.102875001728535	24.304829	3.58500027656555
24.32115	0.107000008225441	24.327383	3.58575010299683
24.343705	0.104875005781651	24.349938	3.58637523651123
24.366259	0.105250008404255	24.372487	3.5871250629425
24.388807	0.103125005960464	24.39504	3.58500027656555
24.411364	0.102375008165836	24.417601	3.58487510681152
24.433935	0.102250002324581	24.440183	3.58375024795532
24.456508	0.103875003755093	24.462741	3.58412528038025
24.479065	0.102375008165836	24.485312	3.58462524414062
24.501621	0.104750007390976	24.507858	3.58675026893616
24.524178	0.104250006377697	24.530411	3.58700013160706
24.546735	0.103375002741814	24.552967	3.58725023269653
24.56931	0.102500006556511	24.575544	3.5860002040863
24.591868	0.103250004351139	24.598105	3.585125207901
24.614437	0.101125001907349	24.62067	3.5842502117157
24.636997	0.107750006020069	24.643229	3.58487510681152
24.65955	0.103250004351139	24.665803	3.58575010299683
24.682123	0.105000004172325	24.68836	3.58687520027161
24.704679	0.103750005364418	24.710912	3.58800005912781
24.727236	0.103250004351139	24.733468	3.58737516403198
24.749799	0.103625006973743	24.756037	3.5862500667572
24.772373	0.102500006556511	24.778607	3.58525013923645
24.79493	0.104000002145767	24.801169	3.585125207901
24.817512	0.10300000756979	24.823745	3.5860002040863
24.840078	0.103375002741814	24.846311	3.58675026893616
24.862631	0.105250008404255	24.868868	3.58812522888184
24.885229	0.103750005364418	24.891469	3.58850026130676
24.907789	0.107000008225441	24.914017	3.58762526512146
24.930341	0.102250002324581	24.936579	3.58637523651123
24.952898	0.102875001728535	24.959136	3.5853750705719
24.975455	0.104000002145767	24.981692	3.58587527275085
24.998033	0.102500006556511	25.004266	3.58575010299683
25.020585	0.103750005364418	25.026817	3.58762526512146
25.043137	0.106125004589558	25.04937	3.58875012397766
25.065692	0.103375002741814	25.071924	3.58887505531311
25.088248	0.102875001728535	25.094481	3.58750009536743
25.110801	0.0991250053048134	25.117038	3.58650016784668
25.133363	0.103625006973743	25.139596	3.58587527275085
25.155923	0.105625003576279	25.16216	3.5860002040863
25.178501	0.103500008583069	25.184735	3.58687520027161
25.201058	0.104500003159046	25.207291	3.58825016021729
25.223612	0.105000004172325	25.229844	3.58950018882751
25.246168	0.10300000756979	25.252401	3.58937525749207
25.268726	0.103500008583069	25.274959	3.58800005912781
25.291278	0.10275000333786	25.297515	3.5871250629425
25.313835	0.103750005364418	25.320079	3.58612513542175
25.336404	0.102875001728535	25.342636	3.58637523651123
25.35896	0.10300000756979	25.365202	3.58787512779236
25.381521	0.104625001549721	25.387753	3.58862519264221
25.404074	0.104750007390976	25.410307	3.58987522125244
25.426632	0.103500008583069	25.432865	3.58912515640259
25.449187	0.104000002145767	25.45542	3.58812522888184
25.471732	0.10300000756979	25.477965	3.58675026893616
25.494287	0.10275000333786	25.500519	3.58675026893616
25.516854	0.104375004768372	25.523086	3.58725023269653
25.539419	0.103875003755093	25.545647	3.58825016021729
25.561975	0.106875002384186	25.568214	3.59000015258789
25.584533	0.103875003755093	25.590765	3.59025025367737
25.607089	0.104375004768372	25.613322	3.58950018882751
25.629647	0.103375002741814	25.635886	3.58825016021729
25.652206	0.10275000333786	25.658443	3.58662509918213
25.674762	0.102250002324581	25.680994	3.58737516403198
25.697326	0.100750006735325	25.703558	3.58775019645691
25.719879	0.10300000756979	25.726116	3.58875012397766
25.742437	0.105000004172325	25.748674	3.59062528610229
25.76505	0.103875003755093	25.771286	3.59037518501282
25.78762	0.104125007987022	25.793854	3.58987522125244
25.810189	0.103625006973743	25.816426	3.58862519264221
25.832747	0.102250002324581	25.838985	3.58750009536743
25.855318	0.103750005364418	25.861551	3.58737516403198
25.877877	0.103250004351139	25.884109	3.58825016021729
25.900431	0.103375002741814	25.906668	3.58950018882751
25.922987	0.104375004768372	25.929224	3.59037518501282
25.945545	0.103875003755093	25.951778	3.59087514877319
25.968102	0.10300000756979	25.974334	3.58975005149841
25.990662	0.103250004351139	25.996899	3.58900022506714
26.013218	0.102875001728535	26.01945	3.58800005912781
26.035797	0.103875003755093	26.042029	3.58762526512146
26.058354	0.101125001907349	26.064586	3.58912515640259
26.080905	0.103500008583069	26.087142	3.59050011634827
26.103461	0.104250006377697	26.109701	3.59112524986267
26.126025	0.103875003755093	26.132278	3.59075021743774
26.148619	0.103125005960464	26.154852	3.58975005149841
26.171172	0.104000002145767	26.17741	3.58800005912781
26.193729	0.10300000756979	26.199968	3.58837509155273
26.21631	0.103250004351139	26.222542	3.58787512779236
26.238867	0.103375002741814	26.245117	3.58975005149841
26.261436	0.104375004768372	26.267674	3.59100008010864
26.283993	0.105000004172325	26.290225	3.59137511253357
26.30655	0.103875003755093	26.312782	3.59100008010864
26.329107	0.102875001728535	26.33534	3.59000015258789
26.351658	0.102875001728535	26.357895	3.58862519264221
26.374214	0.103625006973743	26.38046	3.58837509155273
26.396788	0.10275000333786	26.40302	3.58900022506714
26.419345	0.104000002145767	26.425578	3.59012508392334
26.4419	0.104250006377697	26.448132	3.59125018119812
26.464453	0.103625006973743	26.470686	3.59162521362305
26.487007	0.102500006556511	26.493239	3.59100008010864
26.509563	0.103625006973743	26.515802	3.58975005149841
26.532122	0.103125005960464	26.538355	3.58900022506714
26.554678	0.10275000333786	26.56091	3.58837509155273
26.577235	0.102000005543232	26.583462	3.58950018882751
26.5998	0.103250004351139	26.606038	3.59050011634827
26.622358	0.104375004768372	26.628597	3.59162521362305
26.64492	0.103625006973743	26.651153	3.59225010871887
26.667476	0.103500008583069	26.673708	3.59112524986267
26.690027	0.103125005960464	26.696265	3.58950018882751
26.712584	0.103375002741814	26.718822	3.58875012397766
26.735155	0.10275000333786	26.741383	3.58887505531311
26.757731	0.103875003755093	26.763984	3.58962512016296
26.780311	0.104125007987022	26.786538	3.59137511253357
26.80286	0.105500005185604	26.809097	3.59187507629395
26.825418	0.102375008165836	26.83165	3.5917501449585
26.847976	0.104500003159046	26.854208	3.59125018119812
26.870527	0.103375002741814	26.876764	3.58950018882751
26.893086	0.103250004351139	26.899319	3.58925008773804
26.91564	0.103125005960464	26.921872	3.58925008773804
26.938202	0.103500008583069	26.944434	3.59050011634827
26.960754	0.103625006973743	26.966991	3.5915002822876
26.98331	0.104625001549721	26.989543	3.59225010871887
27.005868	0.104125007987022	27.012101	3.5915002822876
27.028426	0.104250006377697	27.034658	3.59062528610229
27.050977	0.10300000756979	27.057209	3.58950018882751
27.073545	0.103375002741814	27.079792	3.58925008773804
27.096109	0.102875001728535	27.102342	3.58962512016296
27.118667	0.103750005364418	27.124916	3.59062528610229
27.141265	0.104375004768372	27.147503	3.59200024604797
27.163826	0.107625007629395	27.17008	3.59287524223328
27.186406	0.103875003755093	27.192638	3.59187507629395
27.208962	0.103375002741814	27.215204	3.59075021743774
27.231524	0.103250004351139	27.237762	3.58975005149841
27.254086	0.10300000756979	27.260319	3.58837509155273
27.276643	0.103750005364418	27.282876	3.59037518501282
27.299196	0.10300000756979	27.305429	3.59087514877319
27.321748	0.105125002563	27.327985	3.59212517738342
27.344303	0.104750007390976	27.350561	3.59250020980835
27.366885	0.103500008583069	27.373118	3.59212517738342
27.389433	0.102875001728535	27.395666	3.59037518501282
27.411986	0.102250002324581	27.418223	3.58962512016296
27.434546	0.103875003755093	27.440779	3.58975005149841
27.457099	0.102875001728535	27.463332	3.59062528610229
27.479654	0.103375002741814	27.485887	3.59225010871887
27.502208	0.105750001966953	27.508442	3.59275007247925
27.524763	0.104250006377697	27.530995	3.59312510490417
27.547317	0.103500008583069	27.553549	3.59187507629395
27.569869	0.103125005960464	27.576106	3.59037518501282
27.59243	0.10300000756979	27.598667	3.59000015258789
27.614986	0.103375002741814	27.621215	3.59025025367737
27.637551	0.103625006973743	27.643783	3.59112524986267
27.660104	0.104125007987022	27.666342	3.59275007247925
27.682663	0.105125002563	27.688901	3.59312510490417
27.70522	0.104000002145767	27.711453	3.59275007247925
27.727776	0.103750005364418	27.734008	3.5923752784729
27.750327	0.103625006973743	27.75656	3.59062528610229
27.772898	0.10300000756979	27.779131	3.59012508392334
27.795464	0.104375004768372	27.801702	3.59012508392334
27.81804	0.103875003755093	27.824273	3.59125018119812
27.840594	0.104375004768372	27.846832	3.59275007247925
27.863153	0.105000004172325	27.869385	3.59337520599365
27.885704	0.103875003755093	27.891937	3.59312510490417
27.908262	0.102375008165836	27.914495	3.59100008010864
27.930815	0.103250004351139	27.937052	3.59087514877319
27.953373	0.103875003755093	27.959606	3.59075021743774
27.975945	0.103750005364418	27.982178	3.59050011634827
27.998493	0.103750005364418	28.004726	3.59187507629395
28.021052	0.105250008404255	28.02729	3.5932502746582
28.043609	0.105500005185604	28.049842	3.59362506866455
28.066168	0.103875003755093	28.072401	3.59275007247925
28.088724	0.104125007987022	28.094957	3.5915002822876
28.111277	0.103250004351139	28.117514	3.59087514877319
28.133839	0.10300000756979	28.140083	3.59025025367737
28.156425	0.103625006973743	28.162658	3.59125018119812
28.178982	0.10300000756979	28.185215	3.59275007247925
28.201561	0.104750007390976	28.207795	3.59312510490417
28.224118	0.104250006377697	28.230372	3.59400010108948
28.246696	0.103625006973743	28.252929	3.5932502746582
28.26925	0.103125005960464	28.275485	3.59137511253357
28.291814	0.102500006556511	28.298047	3.59100008010864
28.314385	0.103250004351139	28.320618	3.59100008010864
28.336934	0.10300000756979	28.343172	3.59162521362305
28.359503	0.104875005781651	28.365736	3.5932502746582
28.382056	0.105875007808208	28.388288	3.59412527084351
28.404607	0.103750005364418	28.410859	3.59400010108948
28.427183	0.103500008583069	28.433415	3.59337520599365
28.449735	0.103375002741814	28.455973	3.5915002822876
28.472294	0.103250004351139	28.478531	3.59112524986267
28.494854	0.102375008165836	28.501087	3.59100008010864
28.517415	0.103500008583069	28.523642	3.59225010871887
28.539964	0.105875007808208	28.546203	3.59362506866455
28.56253	0.105000004172325	28.568762	3.5943751335144
28.585074	0.103625006973743	28.591301	3.5943751335144
28.607623	0.103750005364418	28.613856	3.59300017356873
28.630187	0.101375006139278	28.636426	3.5915002822876
28.652752	0.102875001728535	28.65899	3.59112524986267
28.675316	0.104125007987022	28.681549	3.5917501449585
28.697874	0.104625001549721	28.704106	3.59287524223328
28.720425	0.10537500679493	28.726663	3.59387516975403
28.742973	0.105625003576279	28.749205	3.5943751335144
28.765579	0.103500008583069	28.771813	3.59425020217896
28.788133	0.103750005364418	28.794361	3.59250020980835
28.810694	0.103500008583069	28.816928	3.59187507629395
28.833239	0.102875001728535	28.839471	3.59137511253357
28.855798	0.104000002145767	28.86203	3.59162521362305
28.878355	0.103750005364418	28.884587	3.5935001373291
28.900907	0.104750007390976	28.907145	3.59450006484985
28.923464	0.105000004172325	28.929701	3.59512519836426
28.946025	0.103875003755093	28.952257	3.5943751335144
28.968604	0.103250004351139	28.974843	3.5926251411438
28.991172	0.101875007152557	28.99741	3.59187507629395
29.013731	0.104875005781651	29.019965	3.59112524986267
29.036289	0.103125005960464	29.042522	3.59212517738342
29.058844	0.106375001370907	29.065077	3.59387516975403
29.081395	0.105250008404255	29.087632	3.59450006484985
29.103951	0.103875003755093	29.110184	3.59450006484985
29.126508	0.104125007987022	29.132752	3.59337520599365
29.149079	0.102625004947186	29.155316	3.59275007247925
29.171654	0.103250004351139	29.177891	3.5917501449585
29.194211	0.104375004768372	29.20046	3.5923752784729
29.216789	0.10300000756979	29.223022	3.5932502746582
29.239343	0.105000004172325	29.245576	3.59425020217896
29.261896	0.105000004172325	29.268133	3.59537506103516
29.284452	0.104750007390976	29.290685	3.59500026702881
29.307009	0.10300000756979	29.313241	3.5935001373291
29.329562	0.103500008583069	29.335799	3.5926251411438
29.352119	0.103250004351139	29.358356	3.59187507629395
29.374676	0.104750007390976	29.380909	3.59212517738342
29.397234	0.104250006377697	29.403466	3.59412527084351
29.419791	0.104875005781651	29.426028	3.59475016593933
29.442348	0.105625003576279	29.448585	3.59512519836426
29.464895	0.104125007987022	29.471128	3.59525012969971
29.487451	0.104625001549721	29.493683	3.59337520599365
29.510006	0.104500003159046	29.516239	3.59287524223328
29.532563	0.103125005960464	29.538796	3.59250020980835
29.555119	0.103875003755093	29.561352	3.5926251411438
29.577677	0.104500003159046	29.583911	3.59387516975403
29.600231	0.10537500679493	29.606464	3.59537506103516
29.622775	0.105000004172325	29.629013	3.59550023078918
29.645335	0.103750005364418	29.651573	3.59537506103516
29.667914	0.105750001966953	29.674146	3.59375023841858
29.690466	0.101875007152557	29.696699	3.59250020980835
29.713021	0.104250006377697	29.719259	3.59200024604797
29.735601	0.104375004768372	29.741833	3.59287524223328
29.758175	0.104000002145767	29.764434	3.59487509727478
29.78076	0.105625003576279	29.787001	3.59512519836426
29.803327	0.104375004768372	29.80956	3.59637522697449
29.82589	0.104125007987022	29.832123	3.5943751335144
