Time_sec1	Voltage_A0TG	Time_sec2	Voltage_A1TG
0	0.396250009536743	0.006238	3.6172502040863
0.022559	0.397250026464462	0.028791	3.61625027656555
0.045115	0.396500021219254	0.051348	3.6166250705719
0.067687	0.39637503027916	0.073924	3.6183750629425
0.090244	0.398250013589859	0.096481	3.61900019645691
0.112809	0.396500021219254	0.119042	3.61975026130676
0.135367	0.392125010490417	0.141599	3.61900019645691
0.157919	0.396500021219254	0.164157	3.6172502040863
0.180476	0.396875023841858	0.186714	3.61650013923645
0.203033	0.398500025272369	0.209265	3.61625027656555
0.22559	0.396875023841858	0.231823	3.6172502040863
0.248206	0.397125005722046	0.254445	3.61850023269653
0.270764	0.397375017404556	0.277052	3.61937522888184
0.293399	0.397250026464462	0.299632	3.61950016021729
0.315956	0.396125018596649	0.322189	3.61812520027161
0.33851	0.396125018596649	0.344743	3.61700010299683
0.361063	0.39637503027916	0.367312	3.616375207901
0.383641	0.396250009536743	0.389874	3.61612510681152
0.406198	0.396500021219254	0.412431	3.6172502040863
0.42875	0.397875010967255	0.434988	3.61850023269653
0.451307	0.397625029087067	0.45754	3.61950016021729
0.473866	0.396875023841858	0.480097	3.61912512779236
0.49642	0.400500029325485	0.502653	3.6175000667572
0.518971	0.396625012159348	0.525209	3.61700010299683
0.541528	0.397250026464462	0.547786	3.61612510681152
0.564124	0.397250026464462	0.570356	3.61650013923645
0.586671	0.400375008583069	0.592915	3.61800026893616
0.609265	0.397875010967255	0.615503	3.61875009536743
0.631826	0.393750011920929	0.638068	3.61912512779236
0.654393	0.395750015974045	0.660625	3.61812520027161
0.676945	0.396250009536743	0.683177	3.61775016784668
0.699496	0.396875023841858	0.705733	3.6166250705719
0.722052	0.396000027656555	0.728285	3.616375207901
0.744624	0.396625012159348	0.750856	3.61700010299683
0.767193	0.396250009536743	0.77343	3.61800026893616
0.789751	0.398500025272369	0.795988	3.61937522888184
0.812298	0.397250026464462	0.818567	3.61950016021729
0.834895	0.395875006914139	0.841127	3.6183750629425
0.857448	0.394750028848648	0.863686	3.6175000667572
0.880005	0.396125018596649	0.886242	3.61600017547607
0.902565	0.396625012159348	0.908798	3.61612510681152
0.925121	0.396625012159348	0.931354	3.61675024032593
0.947687	0.397000014781952	0.953925	3.61812520027161
0.970245	0.397125005722046	0.976483	3.61950016021729
0.992807	0.396750032901764	0.99904	3.61912512779236
1.015365	0.396250009536743	1.021597	3.61812520027161
1.037917	0.39637503027916	1.044156	3.61687517166138
1.060475	0.39637503027916	1.066712	3.616375207901
1.083032	0.39750000834465	1.089264	3.61600017547607
1.105591	0.397250026464462	1.111823	3.61737513542175
1.128167	0.397625029087067	1.134404	3.61812520027161
1.150726	0.39750000834465	1.156959	3.61912512779236
1.173293	0.397000014781952	1.179525	3.61900019645691
1.195845	0.399375021457672	1.202078	3.6175000667572
1.218393	0.397125005722046	1.224625	3.61712527275085
1.240959	0.396000027656555	1.247204	3.61587524414062
1.263523	0.395875006914139	1.269756	3.61650013923645
1.28608	0.397875010967255	1.292313	3.61762523651123
1.308658	0.398750007152557	1.314895	3.61825013160706
1.331213	0.396625012159348	1.337446	3.61937522888184
1.353768	0.397250026464462	1.360001	3.61825013160706
1.376323	0.397250026464462	1.382556	3.6175000667572
1.398878	0.39637503027916	1.405111	3.6157500743866
1.421433	0.398125022649765	1.427683	3.61587524414062
1.444004	0.396750032901764	1.450236	3.6166250705719
1.466565	0.397125005722046	1.472807	3.61737513542175
1.489127	0.397375017404556	1.495364	3.61875009536743
1.511687	0.397250026464462	1.517919	3.61937522888184
1.534243	0.396500021219254	1.540476	3.61850023269653
1.556798	0.395750015974045	1.56303	3.61762523651123
1.579349	0.394125014543533	1.585587	3.61587524414062
1.601933	0.395875006914139	1.60818	3.61612510681152
1.624508	0.396500021219254	1.63074	3.61675024032593
1.647061	0.396625012159348	1.653293	3.61812520027161
1.669616	0.396625012159348	1.675854	3.61900019645691
1.692164	0.397125005722046	1.698397	3.61925005912781
1.714723	0.396500021219254	1.720955	3.61862516403198
1.737304	0.397250026464462	1.743541	3.61700010299683
1.759861	0.397000014781952	1.766099	3.61612510681152
1.782429	0.39637503027916	1.788662	3.61600017547607
1.804986	0.396250009536743	1.811219	3.61700010299683
1.827538	0.396625012159348	1.833775	3.61775016784668
1.850086	0.397750020027161	1.856319	3.61900019645691
1.872654	0.396875023841858	1.878886	3.61875009536743
1.895206	0.396125018596649	1.901438	3.61775016784668
1.917789	0.396625012159348	1.924027	3.6166250705719
1.940349	0.396000027656555	1.946587	3.61612510681152
1.962916	0.396750032901764	1.969149	3.61625027656555
1.985474	0.396875023841858	1.991706	3.6172502040863
2.008025	0.397750020027161	2.014263	3.61812520027161
2.030603	0.396625012159348	2.036837	3.61925005912781
2.053159	0.397000014781952	2.059391	3.61812520027161
2.075721	0.397000014781952	2.081953	3.61737513542175
2.098293	0.396500021219254	2.104531	3.61675024032593
2.120852	0.397750020027161	2.127102	3.61587524414062
2.143429	0.396250009536743	2.149661	3.61587524414062
2.165985	0.397250026464462	2.172212	3.61737513542175
2.188558	0.398125022649765	2.194797	3.6183750629425
2.211117	0.398000031709671	2.21735	3.61887526512146
2.233702	0.396625012159348	2.239935	3.61825013160706
2.256271	0.396750032901764	2.262566	3.61737513542175
2.278901	0.39300000667572	2.285138	3.61612510681152
2.301459	0.394250005483627	2.307691	3.61600017547607
2.324019	0.396750032901764	2.330251	3.61625027656555
2.346576	0.397125005722046	2.35281	3.61812520027161
2.36913	0.397625029087067	2.375367	3.61850023269653
2.39169	0.397125005722046	2.397923	3.61900019645691
2.414246	0.400500029325485	2.420479	3.61825013160706
2.436804	0.394000023603439	2.443037	3.61737513542175
2.459355	0.396250009536743	2.465588	3.61600017547607
2.481912	0.39637503027916	2.488164	3.61562514305115
2.504488	0.396750032901764	2.51072	3.61650013923645
2.527046	0.396750032901764	2.533301	3.61775016784668
2.549619	0.399375021457672	2.555853	3.61862516403198
2.572175	0.397375017404556	2.578408	3.61887526512146
2.594729	0.397000014781952	2.60098	3.61787509918213
2.617321	0.39637503027916	2.62356	3.61625027656555
2.639894	0.396000027656555	2.646132	3.6157500743866
2.662467	0.396625012159348	2.6687	3.61562514305115
2.685025	0.396625012159348	2.691258	3.61700010299683
2.707591	0.397000014781952	2.713828	3.61812520027161
2.730148	0.395625025033951	2.736386	3.61887526512146
2.752718	0.39750000834465	2.758951	3.61862516403198
2.775277	0.396875023841858	2.781509	3.61787509918213
2.797828	0.397250026464462	2.804065	3.61612510681152
2.820418	0.395750015974045	2.826668	3.6155002117157
2.843013	0.395875006914139	2.849251	3.61612510681152
2.865586	0.395875006914139	2.871826	3.61775016784668
2.888175	0.397875010967255	2.894414	3.61862516403198
2.910745	0.396625012159348	2.916984	3.61962509155273
2.933317	0.396250009536743	2.93955	3.61850023269653
2.955875	0.392000019550323	2.962108	3.61700010299683
2.978428	0.396125018596649	2.984666	3.61625027656555
3.000992	0.396250009536743	3.007225	3.61612510681152
3.023545	0.396625012159348	3.029777	3.61612510681152
3.046104	0.397000014781952	3.052337	3.6175000667572
3.068659	0.397250026464462	3.074896	3.61875009536743
3.091217	0.397000014781952	3.097455	3.61825013160706
3.113781	0.397875010967255	3.120014	3.6183750629425
3.136333	0.396500021219254	3.142567	3.616375207901
3.158885	0.395500004291534	3.165122	3.61562514305115
3.181441	0.39637503027916	3.18768	3.61525011062622
3.204021	0.396250009536743	3.210248	3.61625027656555
3.226599	0.396500021219254	3.232847	3.61775016784668
3.249173	0.397375017404556	3.2554	3.61862516403198
3.271722	0.396000027656555	3.277972	3.61887526512146
3.294295	0.396625012159348	3.300528	3.61825013160706
3.316851	0.396000027656555	3.323084	3.61625027656555
3.339404	0.395625025033951	3.345642	3.61562514305115
3.361961	0.396625012159348	3.368194	3.6155002117157
3.384518	0.396875023841858	3.390751	3.61762523651123
3.407104	0.397250026464462	3.413336	3.6175000667572
3.429656	0.397375017404556	3.435894	3.61900019645691
3.452216	0.396750032901764	3.45846	3.61850023269653
3.474784	0.397000014781952	3.481017	3.6172502040863
3.497338	0.395875006914139	3.503575	3.616375207901
3.519895	0.39637503027916	3.526132	3.6157500743866
3.542455	0.396000027656555	3.548688	3.6157500743866
3.565011	0.396500021219254	3.571244	3.61787509918213
3.587587	0.398000031709671	3.59382	3.61800026893616
3.610158	0.396625012159348	3.616401	3.61887526512146
3.632725	0.396750032901764	3.638958	3.6183750629425
3.655283	0.393875032663345	3.661517	3.61712527275085
3.677838	0.398250013589859	3.684071	3.61587524414062
3.700391	0.395250022411346	3.706624	3.61500024795532
3.722944	0.395875006914139	3.729176	3.61600017547607
3.745501	0.396625012159348	3.751734	3.61700010299683
3.768058	0.39750000834465	3.774296	3.61812520027161
3.790616	0.401000022888184	3.796854	3.61862516403198
3.813175	0.396875023841858	3.819408	3.61800026893616
3.835732	0.396250009536743	3.841964	3.61650013923645
3.858285	0.396625012159348	3.864523	3.6157500743866
3.880842	0.397375017404556	3.887075	3.6155002117157
3.9034	0.396625012159348	3.909633	3.61612510681152
3.925957	0.397250026464462	3.932185	3.6172502040863
3.948521	0.397125005722046	3.954759	3.61825013160706
3.97108	0.400375008583069	3.977312	3.61912512779236
3.993638	0.397125005722046	3.999871	3.61825013160706
4.016192	0.395875006914139	4.02243	3.61700010299683
4.03875	0.396125018596649	4.044988	3.61562514305115
4.061308	0.397375017404556	4.067541	3.61537528038025
4.083865	0.395875006914139	4.090098	3.61700010299683
4.106425	0.397625029087067	4.112658	3.61775016784668
4.128981	0.39750000834465	4.135218	3.61925005912781
4.151537	0.397625029087067	4.157784	3.61862516403198
4.174109	0.39637503027916	4.180342	3.6175000667572
4.196665	0.39637503027916	4.202912	3.61625027656555
4.219231	0.395875006914139	4.225476	3.61487507820129
4.241817	0.396750032901764	4.248069	3.61562514305115
4.264402	0.39637503027916	4.270635	3.61700010299683
4.286957	0.397000014781952	4.293205	3.61775016784668
4.309525	0.396250009536743	4.315763	3.61612510681152
4.332099	0.394500017166138	4.338332	3.61375021934509
4.354652	0.334625005722046	4.360885	3.56287527084351
4.377207	0.277375012636185	4.383445	3.41962504386902
4.399765	0.22375001013279	4.406002	3.21362519264221
4.422321	0.182500004768372	4.428554	3.01812505722046
4.444879	0.143500000238419	4.451112	2.84550023078918
4.467431	0.113750003278255	4.473669	2.71962523460388
4.489987	0.0866250023245811	4.496226	2.62275004386902
4.512547	0.0606250017881393	4.51878	2.55687522888184
4.535104	0.0361250005662441	4.541336	2.50775003433228
4.557657	0.0130000002682209	4.563895	2.47262501716614
4.580215	0.00100000004749745	4.586452	2.45000004768372
4.602809	0.00125000008847564	4.609042	2.43575000762939
4.625368	0.00262500019744039	4.6316	2.42725014686584
4.647919	0.00337500008754432	4.654157	2.4225001335144
4.670477	0.00362500012852252	4.676715	2.41887521743774
4.693039	0.00137500010896474	4.699273	2.41625022888184
4.715595	0.000500000023748726	4.721828	2.41550016403198
4.738167	0.000625000044237822	4.744405	2.41550016403198
4.760725	0.000125000005937181	4.766963	2.41725015640259
4.783293	0.00150000001303852	4.789525	2.42012500762939
4.805846	0.000250000011874363	4.812079	2.42300009727478
4.828399	0.00375000014901161	4.834636	2.42725014686584
4.850959	0.0022500001359731	4.857194	2.42937517166138
4.873519	0.00100000004749745	4.879751	2.43050003051758
4.896077	0	4.90231	2.43112516403198
4.918651	-0.000125000005937181	4.924889	2.43187522888184
4.94121	0.000500000023748726	4.947443	2.43287515640259
4.963767	0.00125000008847564	4.969994	2.43587517738342
4.986321	0.00100000004749745	4.992554	2.43737506866455
5.008873	0.00237500015646219	5.015111	2.43925023078918
5.031433	0.00125000008847564	5.037681	2.43900012969971
5.054002	0.000625000044237822	5.060234	2.43800020217896
5.076562	-0.000125000005937181	5.082804	2.43650007247925
5.099129	0	5.105367	2.43487501144409
5.121688	0.00137500010896474	5.12792	2.43462514877319
5.144245	0.00262500019744039	5.150478	2.43500018119812
5.166803	0.00337500008754432	5.173036	2.43425011634827
5.189356	0.00325000006705523	5.195594	2.43375015258789
5.211904	0.0020000000949949	5.218183	2.43237519264221
5.234535	0.00175000005401671	5.240768	2.42962503433228
5.257105	0	5.263334	2.4271252155304
5.279654	0.000250000011874363	5.285887	2.42600011825562
5.302206	0.002125000115484	5.30846	2.42500019073486
5.324784	0.00400000018998981	5.331016	2.42450022697449
5.347336	0.00362500012852252	5.353573	2.42525005340576
5.369897	0.00275000021792948	5.376135	2.42462515830994
5.392455	0.00137500010896474	5.398687	2.42437505722046
5.415013	0.00112500006798655	5.421246	2.42300009727478
5.437592	-0.00187500007450581	5.44383	2.42262506484985
5.460148	0.000625000044237822	5.466385	2.42262506484985
5.482718	0.000500000023748726	5.488951	2.42450022697449
5.505275	0.00512500014156103	5.511507	2.42762517929077
5.527827	0.00300000002607703	5.534064	2.43237519264221
5.550398	0.00312500004656613	5.556635	2.43462514877319
5.572946	0.000875000027008355	5.579179	2.43800020217896
5.595529	0.00112500006798655	5.601769	2.44237518310547
5.61809	-0.000375000003259629	5.624328	2.44850015640259
5.640649	0.000625000044237822	5.646883	2.45525002479553
5.663204	0.00137500010896474	5.669436	2.4667501449585
5.685761	0.00125000008847564	5.691993	2.47825002670288
5.708313	0.00525000039488077	5.714551	2.49262523651123
5.730884	0.00312500004656613	5.737117	2.50862503051758
5.753439	0.000500000023748726	5.759672	2.5246250629425
5.775994	0.002125000115484	5.782227	2.54300022125244
5.798552	0.000125000005937181	5.804786	2.56400012969971
5.821109	0.000875000027008355	5.827342	2.58800005912781
5.843653	-0.000125000005937181	5.849881	2.61325001716614
5.8662	0.00237500015646219	5.872433	2.64200019836426
5.888751	0.00325000006705523	5.894989	2.66912508010864
5.911323	0.00287500023841858	5.917556	2.69687509536743
5.933876	0	5.940109	2.72187519073486
5.956433	0.000750000006519258	5.962666	2.74812507629395
5.978984	0.000625000044237822	5.985222	2.77337503433228
6.001541	0.00137500010896474	6.00778	2.79862523078918
6.024108	0.00125000008847564	6.03034	2.82250022888184
6.046664	0.00325000006705523	6.052913	2.84612512588501
6.069231	0.00300000002607703	6.075468	2.87087512016296
6.091783	0.000125000005937181	6.098022	2.88837504386902
6.114364	0.000500000023748726	6.120597	2.90462517738342
6.136916	0.000125000005937181	6.143149	2.92087507247925
6.159469	0.00137500010896474	6.165707	2.93625020980835
6.182026	0.00687500042840838	6.188261	2.95300006866455
6.204584	0.00462500005960464	6.210816	2.96825003623962
6.227156	0.00662500038743019	6.233436	2.98425006866455
6.249752	0.00725000025704503	6.255992	2.99825024604797
6.272318	0.00537500018253922	6.278551	3.01075005531311
6.294876	0.0120000001043081	6.301114	3.0220000743866
6.31745	0.00687500042840838	6.323687	3.03387522697449
6.340007	0.00775000033900142	6.346239	3.04625010490417
6.362561	0.00887500029057264	6.368794	3.05850005149841
6.385118	0.00900000054389238	6.391351	3.07237505912781
6.407683	0.0115000009536743	6.413921	3.0845000743866
6.430239	0.0128750009462237	6.436477	3.09700012207031
6.452806	0.0122500006109476	6.459039	3.10762524604797
6.475363	0.0122500006109476	6.481595	3.11800003051758
6.497928	0.0126250004395843	6.504166	3.12850022315979
6.520484	0.0137500008568168	6.526721	3.14000010490417
6.543043	0.0147500010207295	6.549275	3.15237522125244
6.5656	0.0148750003427267	6.571832	3.1641252040863
6.588171	0.0181250013411045	6.594409	3.17650008201599
6.610756	0.0202500000596046	6.616989	3.18750023841858
6.633311	0.0168750006705523	6.639543	3.19675016403198
6.655868	0.0168750006705523	6.6621	3.20550012588501
6.678419	0.0157500002533197	6.684657	3.21450018882751
6.700992	0.0173750016838312	6.707224	3.22525024414062
6.723543	0.0173750016838312	6.729776	3.23487520217896
6.746101	0.0190000012516975	6.752334	3.24512505531311
6.768658	0.024625001475215	6.774894	3.25425004959106
6.791214	0.0202500000596046	6.797448	3.26212525367737
6.813773	0.0208750013262033	6.820006	3.26925015449524
6.836329	0.0203750003129244	6.842562	3.27537512779236
6.858881	0.0166250001639128	6.865118	3.28225016593933
6.881436	0.0215000007301569	6.887679	3.2893750667572
6.903999	0.0210000015795231	6.910231	3.29725027084351
6.926553	0.0230000019073486	6.932785	3.30512523651123
6.949109	0.0245000012218952	6.955341	3.31112504005432
6.971661	0.023250000551343	6.977893	3.31687521934509
6.994216	0.0238750018179417	7.000449	3.32125020027161
7.016769	0.0228750016540289	7.023005	3.32550024986267
7.039325	0.0236250013113022	7.045558	3.33012509346008
7.061879	0.0257500018924475	7.068111	3.33550024032593
7.084439	0.025000000372529	7.090672	3.34187507629395
7.107019	0.0278750006109476	7.113252	3.34700012207031
7.129567	0.027750002220273	7.135805	3.35212516784668
7.152125	0.0262500010430813	7.158358	3.35537505149841
7.174683	0.0256250016391277	7.180915	3.35687518119812
7.197235	0.0267500020563602	7.203472	3.36025023460388
7.219792	0.0267500020563602	7.226042	3.36412525177002
7.242386	0.0278750006109476	7.24862	3.36862516403198
7.264957	0.0265000015497208	7.27119	3.37312507629395
7.287515	0.0306250005960464	7.293753	3.37737512588501
7.310073	0.0296250022947788	7.316311	3.38062524795532
7.33263	0.0278750006109476	7.338863	3.38262510299683
7.355187	0.0286250021308661	7.361419	3.38425016403198
7.377738	0.027750002220273	7.383976	3.38637518882751
7.400294	0.0298750009387732	7.406531	3.3892502784729
7.422856	0.0287500005215406	7.429089	3.39262509346008
7.445414	0.0302500016987324	7.451646	3.3970000743866
7.467979	0.0318750031292439	7.474216	3.40012526512146
7.490535	0.0302500016987324	7.496773	3.40262508392334
7.513092	0.0303750019520521	7.519324	3.40450024604797
7.535648	0.0303750019520521	7.541881	3.40537524223328
7.558201	0.0302500016987324	7.564438	3.40725016593933
7.580758	0.0311250016093254	7.587011	3.40962505340576
7.603355	0.03125	7.609589	3.4143750667572
7.625949	0.0329999998211861	7.632182	3.41687512397766
7.648505	0.0347500033676624	7.654738	3.41925024986267
7.671058	0.031750001013279	7.677303	3.4216251373291
7.693627	0.032124999910593	7.69986	3.42200016975403
7.716184	0.0318750031292439	7.722427	3.42400026321411
7.738747	0.0318750031292439	7.744985	3.42612504959106
7.761303	0.0329999998211861	7.767535	3.42850017547607
7.783867	0.033500000834465	7.7901	3.43187522888184
7.806456	0.0350000001490116	7.812689	3.4355001449585
7.829013	0.0351250022649765	7.835245	3.4381251335144
7.851571	0.0336250029504299	7.857804	3.43950009346008
7.87413	0.0336250029504299	7.880362	3.44025015830994
7.896687	0.0329999998211861	7.90292	3.44162511825562
7.91924	0.0337500013411045	7.925477	3.44375014305115
7.941797	0.0329999998211861	7.948031	3.44637513160706
7.964355	0.034000001847744	7.970587	3.44987511634827
7.986915	0.0363750010728836	7.993148	3.45250010490417
8.00947	0.0367499999701977	8.015703	3.45550012588501
8.032026	0.0341250002384186	8.03826	3.45687508583069
8.054583	0.0351250022649765	8.060816	3.45750021934509
8.077137	0.0341250002384186	8.08337	3.4592502117157
8.099699	0.0351250022649765	8.105932	3.4612500667572
8.122253	0.0358750000596046	8.128486	3.46362519264221
8.14482	0.0360000021755695	8.151052	3.4676251411438
8.167388	0.0337500013411045	8.173626	3.47025012969971
8.189949	0.036250002682209	8.196186	3.47287511825562
8.21252	0.0365000031888485	8.218753	3.47312521934509
8.235099	0.0358750000596046	8.241332	3.47475028038025
8.257669	0.0360000021755695	8.263915	3.4760000705719
8.280239	0.0370000004768372	8.286477	3.47787523269653
8.302812	0.0372500009834766	8.309052	3.48175024986267
8.325393	0.0378750003874302	8.331626	3.48475027084351
8.347945	0.0407500006258488	8.354183	3.48650026321411
8.370505	0.0373750030994415	8.376743	3.48925018310547
8.393062	0.0370000004768372	8.399295	3.48987507820129
8.41562	0.0355000011622906	8.421852	3.49125027656555
8.438173	0.0361250005662441	8.44441	3.4922502040863
8.460728	0.0367499999701977	8.46696	3.49425005912781
8.483293	0.037125002592802	8.489525	3.4977502822876
8.505862	0.0388750024139881	8.512095	3.50075006484985
8.52841	0.0405000001192093	8.534643	3.50300025939941
8.550963	0.0377500019967556	8.557195	3.50500011444092
8.573519	0.0380000025033951	8.579751	3.50500011444092
8.596077	0.0368750020861626	8.602315	3.50587511062622
8.618665	0.0373750030994415	8.624903	3.507000207901
8.641221	0.0387500002980232	8.647454	3.50950026512146
8.663778	0.0378750003874302	8.67001	3.51212525367737
8.686339	0.0396250002086163	8.692572	3.5145001411438
8.708891	0.0402500033378601	8.715129	3.51700019836426
8.73145	0.0377500019967556	8.737682	3.51800012588501
8.754007	0.0383750014007092	8.760239	3.51800012588501
8.776564	0.0380000025033951	8.782804	3.51837515830994
8.799123	0.038500003516674	8.805361	3.52025008201599
8.82168	0.0391250029206276	8.827912	3.5220000743866
8.844236	0.0387500002980232	8.850468	3.52500009536743
8.866795	0.0413750037550926	8.873028	3.52725005149841
8.889348	0.0398750007152557	8.895585	3.52837514877319
8.911904	0.0392500013113022	8.918141	3.52875018119812
8.934465	0.0393750034272671	8.940697	3.52937507629395
8.957016	0.0387500002980232	8.963249	3.5298752784729
8.979566	0.0403750017285347	8.985803	3.53062510490417
9.002122	0.0397500023245811	9.008356	3.53287506103516
9.02468	0.0401250012218952	9.030912	3.53487515449524
9.047231	0.0416250005364418	9.053464	3.53712511062622
9.069787	0.0407500006258488	9.07602	3.538250207901
9.09234	0.0413750037550926	9.098579	3.53800010681152
9.114904	0.0392500013113022	9.121136	3.53775024414062
9.13746	0.0390000008046627	9.143693	3.53775024414062
9.160015	0.0401250012218952	9.166247	3.5391252040863
9.182569	0.0407500006258488	9.188802	3.54162526130676
9.205126	0.0410000011324883	9.211353	3.54350018501282
9.22771	0.0427500009536743	9.233959	3.5457501411438
9.250281	0.0400000028312206	9.256509	3.5457501411438
9.272838	0.0405000001192093	9.27907	3.54500007629395
9.295395	0.0397500023245811	9.301627	3.54525017738342
9.317948	0.0398750007152557	9.324185	3.54525017738342
9.340505	0.0405000001192093	9.346743	3.5463752746582
9.363061	0.0372500009834766	9.369294	3.54850006103516
9.385617	0.0422500036656857	9.391849	3.55012512207031
9.408174	0.0422500036656857	9.414411	3.55175018310547
9.430731	0.0406250022351742	9.436963	3.55150008201599
9.453294	0.0406250022351742	9.459528	3.55137515068054
9.475853	0.0397500023245811	9.482086	3.55050015449524
9.498405	0.0408750027418137	9.504642	3.55125021934509
9.520962	0.0416250005364418	9.527189	3.55262517929077
9.543515	0.0413750037550926	9.549747	3.55437517166138
9.566072	0.0467500016093254	9.572305	3.55637526512146
9.588663	0.0410000011324883	9.5949	3.55737519264221
9.611241	0.0413750037550926	9.617475	3.55625009536743
9.633804	0.0416250005364418	9.640037	3.55625009536743
9.656361	0.0402500033378601	9.662594	3.55562520027161
9.678916	0.0408750027418137	9.685154	3.55612516403198
9.701474	0.0405000001192093	9.707707	3.55900025367737
9.724031	0.0415000021457672	9.730263	3.55925011634827
9.746587	0.0435000024735928	9.75282	3.5611252784729
9.769143	0.0420000031590462	9.775381	3.56187510490417
9.7917	0.0422500036656857	9.797933	3.5611252784729
9.814259	0.0408750027418137	9.820492	3.56075024604797
9.836816	0.0411250032484531	9.843049	3.56012511253357
9.859382	0.0426250025629997	9.86562	3.56062507629395
9.881941	0.0386250019073486	9.888173	3.56212520599365
9.904498	0.0437500029802322	9.910731	3.56387519836426
9.92705	0.0438750013709068	9.933293	3.56500005722046
9.949612	0.0418750010430813	9.95585	3.56575012207031
9.972182	0.0410000011324883	9.978415	3.56487512588501
9.99474	0.0405000001192093	10.000972	3.56475019454956
10.017315	0.0416250005364418	10.023553	3.56437516212463
10.039873	0.0416250005364418	10.04611	3.56487512588501
10.06243	0.0411250032484531	10.068663	3.56625008583069
10.084986	0.0436250008642673	10.091218	3.5677502155304
10.10754	0.0440000034868717	10.113778	3.56912517547607
10.130097	0.0427500009536743	10.136334	3.5688750743866
10.152654	0.0425000004470348	10.158887	3.56800007820129
10.175209	0.0411250032484531	10.181447	3.56725025177002
10.197784	0.0416250005364418	10.204017	3.56787514686584
10.220338	0.0425000004470348	10.226589	3.56875014305115
10.242925	0.0418750010430813	10.24916	3.57000017166138
10.265494	0.0431250035762787	10.271728	3.57187509536743
10.288075	0.0443750023841858	10.294308	3.57287526130676
10.310628	0.0415000021457672	10.316866	3.57237505912781
10.333208	0.0418750010430813	10.339441	3.57187509536743
10.355781	0.0413750037550926	10.362014	3.57087516784668
10.378338	0.0408750027418137	10.384576	3.57125020027161
10.400896	0.0427500009536743	10.407128	3.57237505912781
10.423452	0.0421250015497208	10.429685	3.57400012016296
10.446009	0.0417500026524067	10.452241	3.57562518119812
10.46856	0.0426250025629997	10.474798	3.57600021362305
10.491116	0.0417500026524067	10.497349	3.57550024986267
10.513674	0.0413750037550926	10.519906	3.57462525367737
10.53623	0.0423750020563602	10.542462	3.57400012016296
10.558783	0.0420000031590462	10.565021	3.57450008392334
10.58134	0.0431250035762787	10.587591	3.57550024986267
10.60394	0.0421250015497208	10.610174	3.57825016975403
10.626501	0.0441250018775463	10.632734	3.57837510108948
10.649053	0.0465000011026859	10.65529	3.57900023460388
10.67161	0.0427500009536743	10.677843	3.57825016975403
10.694168	0.0416250005364418	10.700401	3.57725024223328
10.716724	0.0418750010430813	10.722957	3.5767502784729
10.739276	0.0428750030696392	10.745513	3.57662510871887
10.761833	0.0430000014603138	10.768066	3.57850027084351
10.784406	0.0436250008642673	10.790639	3.58037519454956
10.806954	0.0442500002682209	10.813203	3.58125019073486
10.829526	0.0437500029802322	10.835763	3.58162522315979
10.852083	0.0433750003576279	10.858315	3.58125019073486
10.87464	0.0420000031590462	10.880873	3.57975006103516
10.897193	0.0428750030696392	10.90343	3.57950019836426
10.919749	0.0437500029802322	10.925987	3.58000016212463
10.942305	0.0423750020563602	10.948547	3.58175015449524
10.964874	0.0445000007748604	10.971107	3.58325028419495
10.987427	0.0468750037252903	10.993664	3.58400011062622
11.009985	0.0467500016093254	11.016222	3.58362507820129
11.032542	0.0432500019669533	11.038775	3.58362507820129
11.0551	0.0415000021457672	11.061332	3.58175015449524
11.077652	0.0420000031590462	11.083889	3.58237528800964
11.100214	0.0421250015497208	11.106451	3.58300018310547
11.122771	0.0413750037550926	11.129004	3.58412528038025
11.145329	0.0441250018775463	11.151562	3.58575010299683
11.167895	0.0445000007748604	11.174132	3.58650016784668
11.190453	0.0450000017881393	11.196691	3.58587527275085
11.213027	0.0406250022351742	11.219265	3.58487510681152
11.235616	0.0421250015497208	11.241845	3.5845000743866
11.258174	0.0446250028908253	11.264413	3.58437514305115
11.280733	0.0422500036656857	11.286966	3.5853750705719
11.303294	0.0418750010430813	11.309526	3.5871250629425
11.325851	0.0450000017881393	11.332083	3.58800005912781
11.348402	0.0441250018775463	11.35464	3.58825016021729
11.370965	0.0428750030696392	11.377199	3.58800005912781
11.393519	0.0431250035762787	11.399753	3.58662509918213
11.41608	0.0422500036656857	11.422313	3.58637523651123
11.438655	0.0426250025629997	11.444889	3.58662509918213
11.461211	0.0431250035762787	11.467444	3.58762526512146
11.483764	0.0433750003576279	11.489996	3.58987522125244
11.50632	0.0458750016987324	11.512553	3.59037518501282
11.528871	0.0438750013709068	11.535108	3.59025025367737
11.551431	0.0431250035762787	11.557681	3.58987522125244
11.574006	0.0435000024735928	11.580239	3.58850026130676
11.596566	0.0427500009536743	11.602817	3.58800005912781
11.619142	0.0435000024735928	11.62538	3.58850026130676
11.641702	0.0430000014603138	11.647935	3.58987522125244
11.66426	0.0427500009536743	11.670492	3.59112524986267
11.686816	0.0440000034868717	11.693048	3.5915002822876
11.709367	0.0433750003576279	11.715604	3.59200024604797
11.731922	0.0421250015497208	11.73817	3.59087514877319
11.754499	0.0416250005364418	11.760733	3.59000015258789
11.777052	0.0432500019669533	11.783289	3.58962512016296
11.799611	0.0415000021457672	11.805849	3.59062528610229
11.822169	0.0436250008642673	11.828402	3.59137511253357
11.844727	0.0451250039041042	11.85096	3.59300017356873
11.867296	0.0445000007748604	11.873533	3.59362506866455
11.889852	0.0432500019669533	11.89609	3.59337520599365
11.912428	0.0425000004470348	11.918661	3.59075021743774
11.934988	0.0426250025629997	11.94122	3.59125018119812
11.957554	0.0427500009536743	11.963792	3.59137511253357
11.980116	0.0418750010430813	11.986353	3.59200024604797
12.002673	0.0425000004470348	12.008906	3.59337520599365
12.025231	0.0451250039041042	12.031463	3.5943751335144
12.047794	0.0467500016093254	12.054027	3.59500026702881
12.070347	0.0427500009536743	12.07658	3.59462523460388
12.092923	0.0427500009536743	12.099161	3.59287524223328
12.115485	0.0425000004470348	12.121717	3.5923752784729
12.138062	0.0433750003576279	12.144299	3.59250020980835
12.16061	0.0427500009536743	12.166848	3.59300017356873
12.183168	0.0433750003576279	12.1894	3.59550023078918
12.205725	0.0460000038146973	12.211958	3.59575009346008
12.228302	0.0445000007748604	12.234544	3.59600019454956
12.250864	0.0475000031292439	12.257132	3.59500026702881
12.273464	0.0423750020563602	12.279697	3.59425020217896
12.296022	0.0448750033974648	12.30226	3.5932502746582
12.318602	0.0430000014603138	12.32484	3.59362506866455
12.341165	0.0431250035762787	12.347398	3.59562516212463
12.363724	0.0445000007748604	12.369957	3.59637522697449
12.386283	0.0447500012814999	12.392518	3.59675025939941
12.408838	0.0430000014603138	12.415075	3.59700012207031
12.431394	0.0427500009536743	12.437626	3.59562516212463
12.45395	0.0425000004470348	12.460183	3.59487509727478
12.476507	0.0410000011324883	12.48274	3.5943751335144
12.499062	0.0435000024735928	12.505295	3.59425020217896
12.521615	0.0427500009536743	12.527848	3.59612512588501
12.544174	0.0451250039041042	12.550407	3.59725022315979
12.566732	0.0457500033080578	12.572966	3.59775018692017
12.589286	0.0433750003576279	12.595537	3.59762525558472
12.61188	0.0435000024735928	12.618114	3.59625005722046
12.634441	0.0425000004470348	12.640679	3.59550023078918
12.657019	0.0425000004470348	12.663253	3.59475016593933
12.679571	0.0437500029802322	12.685803	3.59575009346008
12.702123	0.0433750003576279	12.708356	3.59712505340576
12.72468	0.0483750030398369	12.730912	3.59825015068054
12.747232	0.0456250011920929	12.75347	3.59837508201599
12.769788	0.0438750013709068	12.776026	3.59875011444092
12.792345	0.0432500019669533	12.798577	3.59687519073486
12.814902	0.0430000014603138	12.821134	3.59612512588501
12.837455	0.0432500019669533	12.843693	3.59612512588501
12.860012	0.0427500009536743	12.866244	3.59662508964539
12.882565	0.0438750013709068	12.888799	3.59800028800964
12.905122	0.0451250039041042	12.911355	3.59887528419495
12.927683	0.0438750013709068	12.93392	3.5990002155304
12.95024	0.0428750030696392	12.956477	3.59850025177002
12.972806	0.0428750030696392	12.979039	3.59725022315979
12.995363	0.0428750030696392	13.001595	3.59662508964539
13.017916	0.0435000024735928	13.024154	3.59637522697449
13.040473	0.0438750013709068	13.04671	3.59850025177002
13.06303	0.0452500022947788	13.069263	3.59925007820129
13.085588	0.0453750006854534	13.09182	3.60000014305115
13.108166	0.0433750003576279	13.114405	3.5998752117157
13.130724	0.0437500029802322	13.136957	3.59825015068054
13.153292	0.0440000034868717	13.159524	3.59750008583069
13.175843	0.0427500009536743	13.182075	3.59675025939941
13.198407	0.0435000024735928	13.204645	3.59725022315979
13.220965	0.0440000034868717	13.227221	3.59812521934509
13.243561	0.0443750023841858	13.249795	3.59950017929077
13.266117	0.0456250011920929	13.27235	3.6001250743866
13.288675	0.0433750003576279	13.294914	3.60050010681152
13.311236	0.0436250008642673	13.317469	3.5990002155304
13.333794	0.0426250025629997	13.340026	3.59800028800964
13.35635	0.0431250035762787	13.362583	3.59750008583069
13.37891	0.0428750030696392	13.385148	3.59837508201599
13.401485	0.0436250008642673	13.407718	3.59937524795532
13.424038	0.0455000028014183	13.43027	3.60050010681152
13.446595	0.0455000028014183	13.452828	3.600750207901
13.469146	0.0436250008642673	13.475384	3.60050010681152
13.491705	0.0441250018775463	13.497938	3.59912514686584
13.514262	0.0425000004470348	13.520494	3.59825015068054
13.536818	0.0410000011324883	13.54305	3.59737515449524
13.559373	0.0431250035762787	13.565606	3.59825015068054
13.581925	0.047375001013279	13.588171	3.59950017929077
13.604521	0.0447500012814999	13.610755	3.60200023651123
13.627111	0.0458750016987324	13.633344	3.60112524032593
13.649669	0.0433750003576279	13.655902	3.60025024414062
13.672223	0.0425000004470348	13.678459	3.59912514686584
13.694779	0.0465000011026859	13.701013	3.59862518310547
13.717337	0.0427500009536743	13.723574	3.59837508201599
13.739895	0.0437500029802322	13.746132	3.59925007820129
13.762454	0.0441250018775463	13.768686	3.60025024414062
13.785011	0.0451250039041042	13.791243	3.600750207901
13.807563	0.0441250018775463	13.8138	3.60150027275085
13.830119	0.0433750003576279	13.836356	3.6001250743866
13.852676	0.0435000024735928	13.858909	3.59975028038025
13.875244	0.0430000014603138	13.881477	3.59850025177002
13.897795	0.0438750013709068	13.904028	3.59825015068054
13.920348	0.0443750023841858	13.926585	3.59962511062622
13.942916	0.0447500012814999	13.949148	3.60050010681152
13.965473	0.0465000011026859	13.971706	3.6018750667572
13.988025	0.0431250035762787	13.994262	3.6018750667572
14.010573	0.0431250035762787	14.016811	3.6001250743866
14.033133	0.0422500036656857	14.039371	3.59975028038025
14.055708	0.0423750020563602	14.061942	3.59887528419495
14.078259	0.0416250005364418	14.084492	3.59887528419495
14.100817	0.0455000028014183	14.10705	3.600750207901
14.123396	0.0445000007748604	14.129633	3.60137510299683
14.145958	0.0453750006854534	14.15219	3.60250020027161
14.168509	0.0438750013709068	14.174742	3.60175013542175
14.191061	0.0432500019669533	14.197302	3.60050010681152
14.213625	0.0423750020563602	14.219858	3.59937524795532
14.236218	0.0426250025629997	14.242452	3.59887528419495
14.258785	0.0427500009536743	14.265024	3.59962511062622
14.281352	0.0443750023841858	14.287602	3.60050010681152
14.303927	0.0451250039041042	14.310159	3.60262513160706
14.326484	0.0448750033974648	14.332729	3.60262513160706
14.349055	0.0441250018775463	14.355292	3.60050010681152
14.371612	0.0446250028908253	14.377845	3.60025024414062
14.39417	0.0428750030696392	14.400403	3.59912514686584
14.416724	0.0432500019669533	14.422958	3.59912514686584
14.439296	0.0431250035762787	14.445533	3.59962511062622
14.461854	0.0435000024735928	14.468086	3.6010000705719
14.484411	0.0457500033080578	14.490644	3.60175013542175
14.506964	0.0447500012814999	14.513211	3.60250020027161
14.529531	0.0440000034868717	14.535768	3.60125017166138
14.552086	0.0431250035762787	14.55832	3.60062527656555
14.574643	0.0428750030696392	14.580876	3.59925007820129
14.597213	0.0437500029802322	14.603457	3.59912514686584
14.619781	0.0435000024735928	14.626018	3.60037517547607
14.642348	0.0397500023245811	14.648581	3.60137510299683
14.664901	0.0451250039041042	14.671129	3.60237526893616
14.687459	0.0433750003576279	14.693697	3.60237526893616
14.710017	0.0426250025629997	14.71625	3.60125017166138
14.732572	0.0423750020563602	14.738805	3.60037517547607
14.755121	0.0442500002682209	14.761354	3.59950017929077
14.777678	0.0430000014603138	14.783914	3.59925007820129
14.800239	0.0452500022947788	14.806477	3.600750207901
14.822807	0.0445000007748604	14.82904	3.60200023651123
14.845366	0.0455000028014183	14.851599	3.60237526893616
14.867919	0.0443750023841858	14.874156	3.60200023651123
14.890477	0.0441250018775463	14.896714	3.60087513923645
14.913035	0.0430000014603138	14.919267	3.59937524795532
14.935592	0.0430000014603138	14.941824	3.59937524795532
14.958162	0.0437500029802322	14.964399	3.60000014305115
14.980719	0.0433750003576279	14.986952	3.60112524032593
15.003293	0.0445000007748604	15.009526	3.60287523269653
15.025846	0.0468750037252903	15.032079	3.60250020027161
15.0484	0.0436250008642673	15.054638	3.60212516784668
15.070958	0.0442500002682209	15.077193	3.60112524032593
15.093518	0.0436250008642673	15.099756	3.60037517547607
15.116081	0.0431250035762787	15.122313	3.6001250743866
15.138659	0.0430000014603138	15.144897	3.60062527656555
15.161216	0.0422500036656857	15.167448	3.60137510299683
15.183775	0.0472500026226044	15.190008	3.60287523269653
15.206333	0.0443750023841858	15.212563	3.60287523269653
15.228909	0.0432500019669533	15.235145	3.60225009918213
15.25146	0.0436250008642673	15.257693	3.60087513923645
15.274025	0.0436250008642673	15.280258	3.59950017929077
15.296583	0.0432500019669533	15.302816	3.59975028038025
15.319135	0.0440000034868717	15.325372	3.60062527656555
15.341691	0.0438750013709068	15.347924	3.6018750667572
15.364247	0.0450000017881393	15.370475	3.60300016403198
15.386812	0.0438750013709068	15.393045	3.60325026512146
15.409365	0.0435000024735928	15.415602	3.60150027275085
15.431927	0.0428750030696392	15.438172	3.6001250743866
15.454494	0.0430000014603138	15.460726	3.5998752117157
15.477045	0.0450000017881393	15.483293	3.60037517547607
15.499612	0.0433750003576279	15.50585	3.6010000705719
15.522168	0.0443750023841858	15.528401	3.6016252040863
15.544724	0.0458750016987324	15.550956	3.60287523269653
15.567297	0.0442500002682209	15.573534	3.60325026512146
15.589867	0.0436250008642673	15.596118	3.60200023651123
15.612446	0.0456250011920929	15.618679	3.59975028038025
15.635007	0.0427500009536743	15.64124	3.60037517547607
15.657561	0.0442500002682209	15.663798	3.60062527656555
15.680119	0.0430000014603138	15.686356	3.60137510299683
15.702676	0.0486250035464764	15.708909	3.60287523269653
15.725232	0.0447500012814999	15.731465	3.60337519645691
15.747788	0.0442500002682209	15.754026	3.60287523269653
15.770345	0.0455000028014183	15.776578	3.6016252040863
15.792914	0.0458750016987324	15.799146	3.60037517547607
15.815468	0.0435000024735928	15.821702	3.5998752117157
15.838022	0.0475000031292439	15.84426	3.60037517547607
15.860584	0.0427500009536743	15.866816	3.60150027275085
15.883137	0.0452500022947788	15.88937	3.60262513160706
15.90569	0.0461250022053719	15.911923	3.60312509536743
15.928261	0.0431250035762787	15.934498	3.60237526893616
15.950833	0.0442500002682209	15.957065	3.60150027275085
15.97339	0.0433750003576279	15.979622	3.60025024414062
15.995948	0.0456250011920929	16.002181	3.59975028038025
16.0185	0.0426250025629997	16.024738	3.60087513923645
16.041057	0.0438750013709068	16.047301	3.6018750667572
16.063625	0.0467500016093254	16.069858	3.60287523269653
16.086183	0.0448750033974648	16.092431	3.60337519645691
16.108752	0.0437500029802322	16.114989	3.60250020027161
16.131313	0.0437500029802322	16.137545	3.600750207901
16.153868	0.0425000004470348	16.1601	3.60050010681152
16.176425	0.0446250028908253	16.182658	3.60050010681152
16.198979	0.0445000007748604	16.205216	3.60125017166138
16.221536	0.0440000034868717	16.227803	3.60225009918213
16.244127	0.0463750027120113	16.250355	3.60312509536743
16.266686	0.0447500012814999	16.27292	3.6027500629425
16.289241	0.0436250008642673	16.295478	3.60225009918213
16.311797	0.0440000034868717	16.31803	3.6001250743866
16.33436	0.0440000034868717	16.340593	3.60037517547607
16.356918	0.0470000021159649	16.363152	3.600750207901
16.379474	0.0436250008642673	16.385711	3.60112524032593
16.40203	0.0436250008642673	16.408257	3.60250020027161
16.424586	0.0453750006854534	16.430818	3.60312509536743
16.447138	0.0450000017881393	16.453396	3.60250020027161
16.469716	0.0441250018775463	16.475954	3.6018750667572
16.492263	0.0433750003576279	16.498501	3.60050010681152
16.51483	0.0427500009536743	16.521062	3.5998752117157
16.537396	0.0448750033974648	16.543633	3.60050010681152
16.559953	0.0472500026226044	16.566191	3.60137510299683
16.58252	0.0462500005960464	16.588753	3.60287523269653
16.605095	0.0461250022053719	16.611328	3.60312509536743
16.627649	0.0427500009536743	16.633887	3.60287523269653
16.650206	0.0441250018775463	16.656443	3.60112524032593
16.672763	0.0431250035762787	16.678996	3.60062527656555
16.69532	0.0436250008642673	16.701553	3.5990002155304
16.717887	0.0438750013709068	16.724125	3.60025024414062
16.740444	0.0423750020563602	16.746676	3.60175013542175
16.763006	0.0460000038146973	16.769239	3.60300016403198
16.785563	0.0461250022053719	16.791795	3.60312509536743
16.808115	0.0433750003576279	16.814352	3.6027500629425
16.83067	0.0451250039041042	16.836913	3.600750207901
16.853233	0.0425000004470348	16.859473	3.60062527656555
16.875794	0.0437500029802322	16.882026	3.59975028038025
16.898347	0.0436250008642673	16.904585	3.60087513923645
16.920905	0.0438750013709068	16.927144	3.60237526893616
16.943466	0.0457500033080578	16.949699	3.6027500629425
16.966019	0.0450000017881393	16.972251	3.60312509536743
16.98857	0.0433750003576279	16.994802	3.60262513160706
17.011121	0.0445000007748604	17.017355	3.60087513923645
17.033694	0.0427500009536743	17.039926	3.60025024414062
17.056252	0.0436250008642673	17.062485	3.60000014305115
17.078804	0.0436250008642673	17.085042	3.60125017166138
17.101365	0.0445000007748604	17.107598	3.60237526893616
17.123924	0.0456250011920929	17.130156	3.60337519645691
17.14648	0.0452500022947788	17.152718	3.60287523269653
17.169037	0.0445000007748604	17.175273	3.60225009918213
17.191592	0.0421250015497208	17.197825	3.60062527656555
17.214155	0.0420000031590462	17.220387	3.6001250743866
17.236734	0.0430000014603138	17.242968	3.60050010681152
17.259291	0.0438750013709068	17.26553	3.60125017166138
17.281851	0.0451250039041042	17.288083	3.60225009918213
17.304408	0.0463750027120113	17.31064	3.60300016403198
17.326959	0.0432500019669533	17.33321	3.60325026512146
17.349529	0.0445000007748604	17.355767	3.6018750667572
17.372087	0.0431250035762787	17.378319	3.60050010681152
17.394647	0.0433750003576279	17.400879	3.60062527656555
17.417199	0.0431250035762787	17.423432	3.600750207901
17.439752	0.0440000034868717	17.445989	3.60200023651123
17.462311	0.0452500022947788	17.468548	3.60250020027161
17.484874	0.0460000038146973	17.491106	3.60325026512146
17.507425	0.0441250018775463	17.513664	3.6027500629425
17.529973	0.0438750013709068	17.536206	3.6018750667572
17.552526	0.0427500009536743	17.558759	3.60050010681152
17.575087	0.0435000024735928	17.581319	3.59937524795532
17.597655	0.0431250035762787	17.6039	3.60050010681152
17.620226	0.0441250018775463	17.626463	3.6016252040863
17.642783	0.0462500005960464	17.649017	3.60287523269653
17.665343	0.0452500022947788	17.671576	3.60250020027161
17.687896	0.0448750033974648	17.694134	3.60262513160706
17.710453	0.0437500029802322	17.71669	3.6010000705719
17.733011	0.0436250008642673	17.739243	3.60050010681152
17.755571	0.0440000034868717	17.761803	3.60000014305115
17.778123	0.0445000007748604	17.784355	3.6010000705719
17.800676	0.0442500002682209	17.806918	3.60225009918213
17.823238	0.0466250032186508	17.829469	3.60312509536743
17.845794	0.0483750030398369	17.852026	3.60350012779236
17.868347	0.0436250008642673	17.874584	3.60212516784668
17.890903	0.0428750030696392	17.897135	3.60062527656555
17.91346	0.0431250035762787	17.919692	3.6001250743866
17.936017	0.0418750010430813	17.94225	3.6001250743866
17.958577	0.0441250018775463	17.96481	3.60112524032593
17.981131	0.0447500012814999	17.987364	3.6027500629425
18.003688	0.0472500026226044	18.00992	3.60250020027161
18.026242	0.0443750023841858	18.032475	3.60337519645691
18.048796	0.0475000031292439	18.055029	3.6016252040863
18.071349	0.0425000004470348	18.07759	3.60062527656555
18.093915	0.0428750030696392	18.100153	3.60000014305115
18.116494	0.0438750013709068	18.122727	3.60025024414062
18.139046	0.0435000024735928	18.145283	3.60200023651123
18.161604	0.0457500033080578	18.167837	3.60262513160706
18.184162	0.0458750016987324	18.190394	3.60350012779236
18.206717	0.0437500029802322	18.21295	3.60300016403198
18.229289	0.0425000004470348	18.23553	3.60112524032593
18.25185	0.0436250008642673	18.258095	3.60062527656555
18.274448	0.0437500029802322	18.280681	3.59962511062622
18.297013	0.0422500036656857	18.303242	3.60062527656555
18.319564	0.0438750013709068	18.325802	3.60200023651123
18.342127	0.0456250011920929	18.34836	3.60287523269653
18.364687	0.0460000038146973	18.37092	3.60250020027161
18.38724	0.0438750013709068	18.393477	3.6027500629425
18.409797	0.0448750033974648	18.416034	3.60125017166138
18.432353	0.0431250035762787	18.438585	3.60037517547607
18.454912	0.0433750003576279	18.461145	3.5998752117157
18.477465	0.0431250035762787	18.483698	3.60062527656555
18.500021	0.0448750033974648	18.506258	3.60250020027161
18.522578	0.0456250011920929	18.528811	3.60300016403198
18.545136	0.0447500012814999	18.551368	3.6027500629425
18.567687	0.0451250039041042	18.573925	3.6027500629425
18.590245	0.0431250035762787	18.596504	3.60050010681152
18.612829	0.0430000014603138	18.619062	3.59975028038025
18.635386	0.0437500029802322	18.641619	3.6001250743866
18.657972	0.0440000034868717	18.664211	3.6018750667572
18.680522	0.0450000017881393	18.68676	3.6027500629425
18.703079	0.0463750027120113	18.709312	3.60262513160706
18.725636	0.0437500029802322	18.731869	3.60287523269653
18.748189	0.0441250018775463	18.754426	3.60150027275085
18.770745	0.0445000007748604	18.776978	3.60112524032593
18.793299	0.0425000004470348	18.799531	3.5998752117157
18.815855	0.0438750013709068	18.822088	3.60025024414062
18.83841	0.0437500029802322	18.844648	3.60150027275085
18.860967	0.0412500016391277	18.8672	3.6027500629425
18.883525	0.0458750016987324	18.889758	3.60325026512146
18.906082	0.0437500029802322	18.912314	3.60337519645691
18.928657	0.0436250008642673	18.934894	3.60087513923645
18.951213	0.0423750020563602	18.957446	3.60062527656555
18.97377	0.0432500019669533	18.980003	3.59975028038025
18.996323	0.0438750013709068	19.002557	3.60025024414062
19.018879	0.0435000024735928	19.025111	3.60175013542175
19.041432	0.0452500022947788	19.047689	3.60250020027161
19.064014	0.0463750027120113	19.070246	3.60312509536743
19.086568	0.0431250035762787	19.092802	3.60300016403198
19.109138	0.0446250028908253	19.115371	3.600750207901
19.131692	0.0390000008046627	19.137924	3.6001250743866
19.154258	0.0448750033974648	19.160491	3.60000014305115
19.176814	0.0440000034868717	19.183047	3.600750207901
19.199367	0.0443750023841858	19.205605	3.6016252040863
19.221924	0.0456250011920929	19.2282	3.60287523269653
19.244536	0.0451250039041042	19.250769	3.60325026512146
19.267141	0.0463750027120113	19.273399	3.60200023651123
19.289719	0.0445000007748604	19.295957	3.60125017166138
19.312276	0.0393750034272671	19.318509	3.5998752117157
19.334837	0.0478750020265579	19.341069	3.60025024414062
19.357404	0.0432500019669533	19.363642	3.60050010681152
19.379964	0.0445000007748604	19.386202	3.60175013542175
19.402523	0.0456250011920929	19.408756	3.60312509536743
19.425081	0.0447500012814999	19.431313	3.60312509536743
19.447633	0.0433750003576279	19.453871	3.60225009918213
19.47019	0.0435000024735928	19.476427	3.60125017166138
19.492747	0.0435000024735928	19.49898	3.60037517547607
19.515303	0.0440000034868717	19.521536	3.60025024414062
19.537857	0.0418750010430813	19.544095	3.60137510299683
19.560414	0.0452500022947788	19.566651	3.60262513160706
19.582972	0.0458750016987324	19.589205	3.6027500629425
19.605556	0.0437500029802322	19.61179	3.60300016403198
19.62812	0.0433750003576279	19.634358	3.6016252040863
19.650677	0.0427500009536743	19.656915	3.6010000705719
19.673234	0.0432500019669533	19.679467	3.60000014305115
19.695791	0.0442500002682209	19.702023	3.60025024414062
19.718358	0.0435000024735928	19.724596	3.60175013542175
19.740907	0.0461250022053719	19.747139	3.60262513160706
19.763463	0.0452500022947788	19.769695	3.60350012779236
19.786019	0.0438750013709068	19.792252	3.60237526893616
19.808572	0.048250000923872	19.81481	3.60137510299683
19.831128	0.0435000024735928	19.837361	3.5990002155304
19.853686	0.0436250008642673	19.859918	3.5998752117157
19.876243	0.0433750003576279	19.882475	3.60062527656555
19.898796	0.0437500029802322	19.905034	3.60212516784668
19.921353	0.0455000028014183	19.927591	3.60312509536743
19.943915	0.0447500012814999	19.950148	3.60337519645691
19.966473	0.0451250039041042	19.972716	3.60250020027161
19.989034	0.0425000004470348	19.995272	3.60175013542175
20.011591	0.0428750030696392	20.017823	3.6001250743866
20.034148	0.0435000024735928	20.04038	3.60037517547607
20.056704	0.0437500029802322	20.062937	3.60125017166138
20.079255	0.0445000007748604	20.085492	3.60200023651123
20.101796	0.0455000028014183	20.108036	3.60325026512146
20.12436	0.0442500002682209	20.130592	3.60325026512146
20.146979	0.0432500019669533	20.153212	3.60225009918213
20.169532	0.0427500009536743	20.17577	3.60150027275085
20.192092	0.0428750030696392	20.198325	3.60000014305115
20.214646	0.0433750003576279	20.220878	3.6001250743866
20.237224	0.0432500019669533	20.243458	3.60087513923645
20.259789	0.0445000007748604	20.266027	3.60212516784668
20.28235	0.0461250022053719	20.288583	3.60337519645691
20.304911	0.0445000007748604	20.311144	3.60337519645691
20.327464	0.0432500019669533	20.333702	3.60175013542175
20.350023	0.0440000034868717	20.35626	3.6010000705719
20.37258	0.0427500009536743	20.378813	3.60025024414062
20.395138	0.0438750013709068	20.40137	3.60050010681152
20.417709	0.0436250008642673	20.423947	3.6018750667572
20.440267	0.0447500012814999	20.446505	3.60250020027161
20.462839	0.0448750033974648	20.469072	3.60350012779236
20.485387	0.0443750023841858	20.49162	3.60300016403198
20.50794	0.0440000034868717	20.514177	3.60200023651123
20.530497	0.0422500036656857	20.536734	3.600750207901
20.553054	0.0426250025629997	20.559286	3.60037517547607
20.575602	0.0436250008642673	20.581834	3.60062527656555
20.598191	0.0431250035762787	20.604436	3.6016252040863
20.620762	0.0465000011026859	20.627014	3.60325026512146
20.643335	0.0455000028014183	20.649562	3.60337519645691
20.665894	0.0437500029802322	20.672126	3.60325026512146
20.688464	0.0440000034868717	20.694701	3.6018750667572
20.71102	0.0432500019669533	20.717252	3.6001250743866
20.733575	0.0442500002682209	20.739808	3.6001250743866
20.756133	0.0442500002682209	20.762365	3.60062527656555
20.778674	0.0441250018775463	20.784912	3.60212516784668
20.801244	0.0475000031292439	20.807477	3.60300016403198
20.823797	0.0445000007748604	20.830029	3.60362505912781
20.846355	0.0433750003576279	20.852588	3.60225009918213
20.868907	0.0435000024735928	20.875144	3.60175013542175
20.891463	0.0438750013709068	20.897696	3.60050010681152
20.914021	0.0437500029802322	20.920253	3.60000014305115
20.936576	0.0431250035762787	20.94281	3.60112524032593
20.959129	0.0420000031590462	20.965368	3.60212516784668
20.981686	0.0448750033974648	20.987919	3.60337519645691
21.004243	0.0446250028908253	21.010475	3.60337519645691
21.026801	0.0428750030696392	21.033034	3.60200023651123
21.049354	0.0428750030696392	21.055592	3.6010000705719
21.071912	0.0431250035762787	21.078165	3.60000014305115
21.09449	0.0435000024735928	21.100727	3.60062527656555
21.117049	0.0428750030696392	21.123293	3.60112524032593
21.139612	0.0451250039041042	21.145849	3.60362505912781
21.162167	0.048250000923872	21.1684	3.60362505912781
21.184725	0.0457500033080578	21.190957	3.60300016403198
21.207289	0.0432500019669533	21.213527	3.6018750667572
21.229883	0.0427500009536743	21.236129	3.60125017166138
21.252454	0.0411250032484531	21.258687	3.600750207901
21.275014	0.0433750003576279	21.281247	3.6010000705719
21.297564	0.0405000001192093	21.303803	3.6016252040863
21.320124	0.0446250028908253	21.326356	3.60287523269653
21.342678	0.0495000034570694	21.348916	3.60325026512146
21.365239	0.0437500029802322	21.37147	3.60237526893616
21.38779	0.0436250008642673	21.394022	3.6018750667572
21.410346	0.0431250035762787	21.416584	3.60050010681152
21.432917	0.0436250008642673	21.439149	3.6001250743866
21.455475	0.0432500019669533	21.461708	3.60062527656555
21.478027	0.0432500019669533	21.484265	3.60150027275085
21.500585	0.0460000038146973	21.506823	3.6027500629425
21.523141	0.0456250011920929	21.529374	3.60325026512146
21.545701	0.0436250008642673	21.551933	3.60287523269653
21.568265	0.0441250018775463	21.574502	3.60175013542175
21.590821	0.0432500019669533	21.597071	3.6001250743866
21.613435	0.0426250025629997	21.619673	3.59937524795532
21.635998	0.0436250008642673	21.642231	3.6010000705719
21.658553	0.0440000034868717	21.66479	3.6016252040863
21.68111	0.0462500005960464	21.687337	3.60337519645691
21.703666	0.0450000017881393	21.709898	3.60325026512146
21.726223	0.0451250039041042	21.732456	3.60225009918213
21.748775	0.0437500029802322	21.755013	3.5998752117157
21.771336	0.0430000014603138	21.777593	3.60050010681152
21.793917	0.0432500019669533	21.80015	3.60025024414062
21.816472	0.0438750013709068	21.82272	3.6010000705719
21.839039	0.0442500002682209	21.845276	3.60250020027161
21.861596	0.0457500033080578	21.867829	3.60312509536743
21.884153	0.0453750006854534	21.890386	3.60325026512146
21.90671	0.0436250008642673	21.912943	3.60225009918213
21.929267	0.0448750033974648	21.935504	3.6010000705719
21.951835	0.0431250035762787	21.958068	3.60025024414062
21.974388	0.0433750003576279	21.98062	3.60000014305115
21.99694	0.0437500029802322	22.003173	3.6016252040863
22.019493	0.0443750023841858	22.025729	3.60287523269653
22.042048	0.0461250022053719	22.048286	3.60350012779236
22.064608	0.0441250018775463	22.07084	3.6027500629425
22.08716	0.0437500029802322	22.093397	3.6018750667572
22.109738	0.0433750003576279	22.115976	3.60037517547607
22.132297	0.0438750013709068	22.138549	3.6001250743866
22.154884	0.0433750003576279	22.161117	3.60037517547607
22.177437	0.0436250008642673	22.183675	3.6016252040863
22.199995	0.0458750016987324	22.206232	3.60287523269653
22.222552	0.0460000038146973	22.228804	3.60300016403198
22.24513	0.0437500029802322	22.251358	3.60262513160706
22.267707	0.0407500006258488	22.273944	3.60087513923645
22.290265	0.0423750020563602	22.296503	3.600750207901
22.312822	0.0430000014603138	22.319055	3.60025024414062
22.335381	0.0435000024735928	22.341614	3.60125017166138
22.357942	0.0440000034868717	22.364175	3.60262513160706
22.380495	0.0456250011920929	22.386727	3.6027500629425
22.403048	0.0452500022947788	22.40928	3.60300016403198
22.425607	0.0437500029802322	22.431839	3.6027500629425
22.448171	0.0456250011920929	22.454403	3.60137510299683
22.470724	0.0428750030696392	22.476957	3.60037517547607
22.493267	0.0440000034868717	22.4995	3.60037517547607
22.515839	0.0437500029802322	22.522072	3.6010000705719
22.538389	0.0440000034868717	22.544626	3.60237526893616
22.560945	0.0461250022053719	22.567192	3.60312509536743
22.583516	0.0455000028014183	22.589748	3.60287523269653
22.606097	0.0450000017881393	22.61233	3.60287523269653
22.628656	0.0438750013709068	22.634893	3.60125017166138
22.651203	0.0423750020563602	22.657436	3.60025024414062
22.673761	0.0441250018775463	22.679994	3.60025024414062
22.696325	0.0477500036358833	22.702557	3.6016252040863
22.718876	0.0457500033080578	22.725109	3.60287523269653
22.741433	0.047375001013279	22.747682	3.60350012779236
22.764006	0.0436250008642673	22.770239	3.60350012779236
22.786563	0.0420000031590462	22.792811	3.6027500629425
22.809131	0.0423750020563602	22.815368	3.60037517547607
22.831687	0.0435000024735928	22.837919	3.6001250743866
22.854243	0.0442500002682209	22.860475	3.60062527656555
22.876802	0.0437500029802322	22.883035	3.6018750667572
22.899357	0.0450000017881393	22.905595	3.60312509536743
22.921917	0.0461250022053719	22.928172	3.60350012779236
22.944497	0.0431250035762787	22.950729	3.6027500629425
22.967049	0.0433750003576279	22.973292	3.60137510299683
22.989611	0.0402500033378601	22.995848	3.60087513923645
23.012166	0.0433750003576279	23.018398	3.6001250743866
23.034725	0.0438750013709068	23.040957	3.6010000705719
23.057296	0.0432500019669533	23.063533	3.60225009918213
23.079852	0.0455000028014183	23.08609	3.60312509536743
23.10243	0.0465000011026859	23.108663	3.60400009155273
23.124988	0.0433750003576279	23.13122	3.60300016403198
23.14754	0.0432500019669533	23.153777	3.60150027275085
23.170096	0.0423750020563602	23.176333	3.600750207901
23.192652	0.0431250035762787	23.198885	3.60050010681152
23.215203	0.0432500019669533	23.221435	3.60087513923645
23.237825	0.0438750013709068	23.244059	3.60250020027161
23.26038	0.0460000038146973	23.266619	3.60337519645691
23.282941	0.0437500029802322	23.289173	3.60337519645691
23.305492	0.0436250008642673	23.311724	3.60287523269653
23.32806	0.0432500019669533	23.334298	3.60125017166138
23.350617	0.0445000007748604	23.356855	3.60050010681152
23.373171	0.0438750013709068	23.37941	3.60050010681152
23.395743	0.0443750023841858	23.401976	3.60225009918213
23.418299	0.0437500029802322	23.424531	3.60325026512146
23.440852	0.0460000038146973	23.447104	3.60337519645691
23.463426	0.0441250018775463	23.469659	3.60387516021729
23.485982	0.0426250025629997	23.492214	3.6016252040863
23.508544	0.0422500036656857	23.514777	3.60112524032593
23.531096	0.0432500019669533	23.537329	3.6001250743866
23.553668	0.0446250028908253	23.5599	3.60050010681152
23.576219	0.0431250035762787	23.582453	3.60212516784668
23.598789	0.0442500002682209	23.605034	3.60312509536743
23.621356	0.0457500033080578	23.627598	3.60362505912781
23.643923	0.0433750003576279	23.650155	3.60375022888184
23.666481	0.0433750003576279	23.672716	3.60175013542175
23.689027	0.0432500019669533	23.695265	3.60125017166138
23.711586	0.0431250035762787	23.717819	3.60037517547607
23.734147	0.0435000024735928	23.740379	3.600750207901
23.756704	0.0436250008642673	23.762937	3.60237526893616
23.779259	0.0451250039041042	23.785496	3.60312509536743
23.801816	0.0458750016987324	23.808068	3.60362505912781
23.824392	0.0433750003576279	23.830624	3.60300016403198
23.846944	0.0438750013709068	23.853177	3.6016252040863
23.869496	0.0440000034868717	23.875734	3.600750207901
23.892052	0.0433750003576279	23.898285	3.60062527656555
23.914609	0.0432500019669533	23.920841	3.60125017166138
23.937161	0.0437500029802322	23.943399	3.60262513160706
23.959732	0.0465000011026859	23.96597	3.60350012779236
23.982289	0.0441250018775463	23.988517	3.60362505912781
24.004842	0.0438750013709068	24.011075	3.60312509536743
24.027396	0.0426250025629997	24.033633	3.60125017166138
24.049952	0.0435000024735928	24.05619	3.60062527656555
24.07252	0.0428750030696392	24.078753	3.60062527656555
24.095076	0.0435000024735928	24.101309	3.60175013542175
24.117631	0.0450000017881393	24.123869	3.6027500629425
24.14019	0.0457500033080578	24.146427	3.60375022888184
24.162747	0.0440000034868717	24.168979	3.60387516021729
24.185304	0.0437500029802322	24.191536	3.60125017166138
24.207856	0.0440000034868717	24.214093	3.60125017166138
24.230421	0.0431250035762787	24.236654	3.60025024414062
24.252973	0.0437500029802322	24.259217	3.60050010681152
24.275548	0.0428750030696392	24.28178	3.6018750667572
24.2981	0.0447500012814999	24.304338	3.60312509536743
24.320658	0.0460000038146973	24.326915	3.60362505912781
24.343235	0.0440000034868717	24.349467	3.60312509536743
24.365791	0.0436250008642673	24.372024	3.60200023651123
24.38836	0.0431250035762787	24.394597	3.60112524032593
24.410917	0.0441250018775463	24.41715	3.60000014305115
24.433477	0.0445000007748604	24.439709	3.60125017166138
24.456034	0.0432500019669533	24.462266	3.60212516784668
24.478586	0.0453750006854534	24.484823	3.60337519645691
24.501143	0.0455000028014183	24.507392	3.60362505912781
24.523716	0.0432500019669533	24.529949	3.60362505912781
24.546272	0.0436250008642673	24.552517	3.60175013542175
24.568827	0.0420000031590462	24.575059	3.600750207901
24.591382	0.0436250008642673	24.597628	3.600750207901
24.613962	0.0437500029802322	24.620195	3.60137510299683
24.636521	0.0437500029802322	24.642754	3.60237526893616
24.659074	0.0452500022947788	24.665307	3.60325026512146
24.681629	0.0453750006854534	24.687878	3.60362505912781
24.704199	0.0437500029802322	24.710431	3.60287523269653
24.726751	0.0435000024735928	24.732984	3.60175013542175
24.749321	0.0435000024735928	24.755559	3.60112524032593
24.771878	0.0438750013709068	24.778111	3.60062527656555
24.794436	0.0441250018775463	24.800669	3.6016252040863
24.81699	0.0445000007748604	24.823223	3.60287523269653
24.839544	0.0455000028014183	24.845781	3.60312509536743
24.8621	0.0442500002682209	24.868333	3.60375022888184
24.884657	0.0431250035762787	24.890889	3.60262513160706
24.907208	0.0422500036656857	24.913446	3.60150027275085
24.929765	0.0428750030696392	24.936002	3.60025024414062
24.952322	0.0436250008642673	24.958555	3.60087513923645
24.97488	0.0435000024735928	24.981112	3.60175013542175
24.997436	0.0438750013709068	25.003674	3.60312509536743
25.019993	0.0457500033080578	25.02623	3.60387516021729
25.04255	0.0437500029802322	25.048783	3.60387516021729
25.065109	0.0441250018775463	25.071342	3.60237526893616
25.08768	0.0427500009536743	25.093917	3.60175013542175
25.110259	0.0438750013709068	25.116497	3.60062527656555
25.132818	0.0432500019669533	25.13905	3.60087513923645
25.155374	0.0472500026226044	25.161607	3.60212516784668
25.177928	0.0446250028908253	25.184166	3.60250020027161
25.200485	0.0455000028014183	25.206722	3.60425019264221
25.223041	0.0441250018775463	25.2293	3.60387516021729
25.245635	0.0443750023841858	25.251864	3.60250020027161
25.268216	0.0438750013709068	25.274453	3.60062527656555
25.290776	0.0437500029802322	25.297018	3.600750207901
25.313345	0.0437500029802322	25.319577	3.60175013542175
25.335901	0.0445000007748604	25.342133	3.60287523269653
25.358464	0.0450000017881393	25.364702	3.60375022888184
25.381021	0.0445000007748604	25.387254	3.60387516021729
25.403576	0.0463750027120113	25.409809	3.60300016403198
25.426133	0.0437500029802322	25.432365	3.60212516784668
25.448669	0.0432500019669533	25.454907	3.60125017166138
25.471239	0.0435000024735928	25.477471	3.60087513923645
25.493786	0.0455000028014183	25.500019	3.6016252040863
25.516341	0.0433750003576279	25.522575	3.60287523269653
25.538893	0.0457500033080578	25.54513	3.6027500629425
25.561449	0.0451250039041042	25.567682	3.60400009155273
25.584005	0.0436250008642673	25.590237	3.60250020027161
25.606588	0.0436250008642673	25.612821	3.60200023651123
25.629142	0.0431250035762787	25.635379	3.60062527656555
25.651698	0.0431250035762787	25.65793	3.60087513923645
25.67425	0.0436250008642673	25.680484	3.6018750667572
25.696814	0.0440000034868717	25.703047	3.60287523269653
25.719371	0.0470000021159649	25.725603	3.60362505912781
25.741924	0.0442500002682209	25.748168	3.60412526130676
25.764491	0.0441250018775463	25.770724	3.6016252040863
25.787052	0.0427500009536743	25.793292	3.60212516784668
25.809612	0.0388750024139881	25.815844	3.600750207901
25.832162	0.0418750010430813	25.838395	3.600750207901
25.854731	0.0441250018775463	25.860964	3.6018750667572
25.877302	0.0451250039041042	25.88354	3.60287523269653
25.899863	0.0425000004470348	25.9061	3.60412526130676
25.92243	0.0435000024735928	25.928663	3.60362505912781
25.944988	0.0432500019669533	25.95122	3.60250020027161
25.967539	0.0437500029802322	25.973776	3.60087513923645
25.990096	0.0440000034868717	25.996334	3.60050010681152
26.012654	0.0442500002682209	26.018886	3.6016252040863
26.035214	0.0431250035762787	26.041446	3.60200023651123
26.057786	0.0453750006854534	26.064024	3.60337519645691
26.080344	0.0447500012814999	26.086581	3.60387516021729
26.102924	0.0442500002682209	26.109157	3.60387516021729
26.125484	0.0437500029802322	26.131716	3.60250020027161
26.148037	0.0433750003576279	26.154274	3.60087513923645
26.170584	0.0430000014603138	26.176822	3.60062527656555
26.193143	0.0438750013709068	26.199375	3.60200023651123
26.215698	0.0437500029802322	26.22193	3.60237526893616
26.238295	0.0447500012814999	26.244528	3.60337519645691
26.260861	0.0457500033080578	26.267123	3.60437512397766
26.283449	0.0435000024735928	26.289682	3.60312509536743
26.306008	0.0432500019669533	26.312241	3.6018750667572
26.32856	0.0407500006258488	26.334798	3.60050010681152
26.351148	0.0437500029802322	26.357456	3.60062527656555
26.373845	0.0425000004470348	26.380106	3.60175013542175
26.396502	0.0432500019669533	26.402806	3.60312509536743
26.419133	0.0461250022053719	26.425367	3.60375022888184
26.441689	0.0448750033974648	26.447927	3.60350012779236
26.464254	0.0427500009536743	26.470487	3.6027500629425
26.486812	0.0441250018775463	26.493045	3.60112524032593
26.509365	0.0427500009536743	26.515602	3.600750207901
26.53192	0.0432500019669533	26.538171	3.6010000705719
26.554499	0.0443750023841858	26.560731	3.60200023651123
26.577052	0.0472500026226044	26.583289	3.60325026512146
26.599626	0.0460000038146973	26.60587	3.60412526130676
26.622197	0.0438750013709068	26.62843	3.60387516021729
26.644755	0.0443750023841858	26.650982	3.60237526893616
26.667305	0.0423750020563602	26.673543	3.6010000705719
26.689862	0.0430000014603138	26.6961	3.600750207901
26.71243	0.0432500019669533	26.718669	3.60112524032593
26.734996	0.0455000028014183	26.741228	3.60212516784668
26.757545	0.0460000038146973	26.763777	3.60375022888184
26.780098	0.0466250032186508	26.786335	3.60400009155273
26.802663	0.0445000007748604	26.808891	3.60337519645691
26.825213	0.0437500029802322	26.831446	3.60150027275085
26.847782	0.0432500019669533	26.854014	3.60125017166138
26.870334	0.0448750033974648	26.876567	3.60125017166138
26.892919	0.0442500002682209	26.899157	3.60125017166138
26.915483	0.0445000007748604	26.921716	3.60325026512146
26.938039	0.0455000028014183	26.944277	3.60387516021729
26.960596	0.0452500022947788	26.966834	3.60412526130676
26.983153	0.0436250008642673	26.989386	3.60350012779236
27.00571	0.0436250008642673	27.011943	3.60150027275085
27.028262	0.0436250008642673	27.034499	3.6010000705719
27.050819	0.0438750013709068	27.057051	3.60112524032593
27.073396	0.0437500029802322	27.079629	3.6016252040863
27.095966	0.0453750006854534	27.102204	3.60300016403198
27.11852	0.0460000038146973	27.124758	3.60425019264221
27.14108	0.0452500022947788	27.147313	3.60375022888184
27.163638	0.0436250008642673	27.16987	3.6027500629425
27.186196	0.0437500029802322	27.192428	3.60175013542175
27.208738	0.0437500029802322	27.214976	3.60112524032593
27.231346	0.0438750013709068	27.237626	3.60125017166138
27.253947	0.0432500019669533	27.260174	3.60225009918213
27.276513	0.0456250011920929	27.282745	3.60337519645691
27.299068	0.0450000017881393	27.305305	3.60400009155273
27.321628	0.0440000034868717	27.327882	3.60337519645691
27.344206	0.0436250008642673	27.350438	3.6018750667572
27.366763	0.0433750003576279	27.373005	3.6018750667572
27.389324	0.0443750023841858	27.395561	3.60087513923645
27.411881	0.0442500002682209	27.418113	3.6010000705719
27.434437	0.0442500002682209	27.440669	3.60225009918213
27.457013	0.0440000034868717	27.463246	3.60337519645691
27.479565	0.0457500033080578	27.485803	3.60375022888184
27.502123	0.0437500029802322	27.508357	3.60387516021729
27.524681	0.0448750033974648	27.530913	3.6018750667572
27.547232	0.0433750003576279	27.55347	3.60137510299683
27.569789	0.0433750003576279	27.576026	3.600750207901
27.592345	0.0431250035762787	27.598596	3.6018750667572
27.614926	0.0438750013709068	27.621158	3.60262513160706
27.637483	0.0462500005960464	27.643721	3.60400009155273
27.660056	0.0462500005960464	27.666293	3.60437512397766
27.682609	0.0441250018775463	27.688842	3.60362505912781
27.705169	0.0466250032186508	27.711402	3.60237526893616
27.727721	0.0422500036656857	27.733958	3.60150027275085
27.750277	0.0437500029802322	27.756514	3.60125017166138
27.772833	0.0435000024735928	27.779066	3.60175013542175
27.79539	0.0443750023841858	27.801622	3.60325026512146
27.817941	0.0455000028014183	27.824179	3.60375022888184
27.840496	0.0447500012814999	27.846735	3.60437512397766
27.863048	0.0440000034868717	27.869288	3.60350012779236
27.88561	0.0426250025629997	27.891843	3.60200023651123
27.908175	0.0441250018775463	27.914412	3.60050010681152
27.930725	0.0458750016987324	27.936964	3.60137510299683
27.953291	0.0428750030696392	27.959523	3.60225009918213
27.975843	0.0452500022947788	27.982075	3.60337519645691
27.998394	0.0460000038146973	28.004632	3.60362505912781
28.020954	0.0436250008642673	28.027195	3.60400009155273
28.043535	0.0431250035762787	28.049767	3.60237526893616
28.066087	0.0423750020563602	28.072319	3.6016252040863
28.08867	0.0425000004470348	28.094907	3.60087513923645
28.111229	0.0412500016391277	28.117462	3.60125017166138
28.133786	0.0427500009536743	28.140019	3.60325026512146
28.156344	0.0456250011920929	28.162577	3.60337519645691
28.178897	0.0460000038146973	28.185134	3.60412526130676
28.201452	0.0440000034868717	28.20769	3.60400009155273
28.224024	0.0438750013709068	28.230281	3.60287523269653
28.246607	0.0448750033974648	28.252837	3.60175013542175
28.26918	0.0417500026524067	28.275418	3.6016252040863
28.291738	0.0437500029802322	28.297973	3.6018750667572
28.314297	0.0437500029802322	28.320529	3.60337519645691
28.336853	0.0455000028014183	28.343086	3.60362505912781
28.359406	0.0458750016987324	28.365643	3.60425019264221
28.381962	0.0446250028908253	28.3882	3.60412526130676
28.40454	0.0440000034868717	28.410767	3.60237526893616
28.427109	0.0430000014603138	28.433342	3.60175013542175
28.449666	0.0433750003576279	28.455904	3.60087513923645
28.472223	0.0438750013709068	28.47846	3.60137510299683
28.494785	0.0448750033974648	28.501017	3.60325026512146
28.517336	0.0458750016987324	28.523573	3.60475015640259
28.539892	0.0442500002682209	28.546129	3.60450005531311
28.562449	0.0440000034868717	28.568682	3.60312509536743
28.58502	0.0422500036656857	28.591252	3.60250020027161
28.607608	0.0436250008642673	28.613847	3.60225009918213
28.630169	0.0436250008642673	28.636407	3.60125017166138
28.652727	0.0436250008642673	28.65896	3.6018750667572
28.675285	0.0443750023841858	28.681517	3.60362505912781
28.697837	0.0465000011026859	28.704074	3.60425019264221
28.720393	0.0433750003576279	28.726631	3.60412526130676
28.742952	0.0446250028908253	28.749185	3.60375022888184
28.765524	0.0430000014603138	28.771756	3.60212516784668
28.788071	0.0433750003576279	28.794309	3.60050010681152
28.81063	0.0436250008642673	28.816868	3.60125017166138
28.833206	0.0437500029802322	28.839438	3.60237526893616
28.855763	0.0453750006854534	28.861995	3.60350012779236
28.878314	0.0456250011920929	28.884552	3.60437512397766
28.900873	0.0442500002682209	28.907106	3.60437512397766
28.923429	0.0442500002682209	28.929662	3.60225009918213
28.945985	0.0425000004470348	28.952218	3.60212516784668
28.968547	0.0435000024735928	28.974785	3.60125017166138
28.991107	0.0450000017881393	28.997341	3.6016252040863
29.013663	0.0438750013709068	29.019896	3.60262513160706
29.036216	0.0456250011920929	29.04245	3.60425019264221
29.05877	0.0456250011920929	29.065002	3.60487508773804
29.081326	0.0438750013709068	29.087559	3.60425019264221
29.103886	0.0438750013709068	29.11012	3.6027500629425
29.126448	0.0432500019669533	29.132681	3.60150027275085
29.149	0.0427500009536743	29.155237	3.60112524032593
29.171557	0.0460000038146973	29.177789	3.6027500629425
29.194113	0.0451250039041042	29.200346	3.60300016403198
29.21666	0.0442500002682209	29.222909	3.60400009155273
29.239246	0.0452500022947788	29.24548	3.60487508773804
29.26181	0.0438750013709068	29.268081	3.60337519645691
29.284408	0.0436250008642673	29.290641	3.60212516784668
29.306966	0.0423750020563602	29.313207	3.60125017166138
29.329526	0.0442500002682209	29.335764	3.6010000705719
29.352083	0.0433750003576279	29.358316	3.60212516784668
29.37464	0.0445000007748604	29.380873	3.60337519645691
29.397196	0.0455000028014183	29.403434	3.60437512397766
29.419753	0.0443750023841858	29.42599	3.60437512397766
29.442313	0.0432500019669533	29.448549	3.6027500629425
29.464888	0.0437500029802322	29.47112	3.60237526893616
29.48744	0.0427500009536743	29.493677	3.6016252040863
29.509998	0.0420000031590462	29.516235	3.60125017166138
29.532555	0.0436250008642673	29.538788	3.60250020027161
29.555111	0.0443750023841858	29.561343	3.60400009155273
29.577682	0.0453750006854534	29.58392	3.60387516021729
29.600246	0.0443750023841858	29.606485	3.60450005531311
29.622811	0.0427500009536743	29.629044	3.60300016403198
29.645369	0.0427500009536743	29.651596	3.60225009918213
29.667918	0.0431250035762787	29.674155	3.60137510299683
29.690474	0.0440000034868717	29.696711	3.60150027275085
29.713031	0.0457500033080578	29.719264	3.6027500629425
29.735587	0.0453750006854534	29.74182	3.60425019264221
29.758164	0.0450000017881393	29.764401	3.60437512397766
