Time_sec1	Voltage_A0TG	Time_sec2	Voltage_A1TG
0	0.417000025510788	0.006233	3.65750026702881
0.022553	0.419375032186508	0.028785	3.65787506103516
0.045106	0.417500019073486	0.051343	3.65937519073486
0.067677	0.417000025510788	0.073909	3.65975022315979
0.090249	0.417000025510788	0.096481	3.65937519073486
0.112796	0.416750013828278	0.119034	3.65887522697449
0.135355	0.417000025510788	0.141588	3.65750026702881
0.157908	0.415875017642975	0.164141	3.65650010108948
0.180466	0.417000025510788	0.186698	3.65637516975403
0.203017	0.417125016450882	0.209254	3.65750026702881
0.225572	0.418000012636185	0.231805	3.65837526321411
0.24813	0.418250024318695	0.254362	3.65812516212463
0.270687	0.41650003194809	0.276921	3.65962529182434
0.293242	0.41762501001358	0.299474	3.65737509727478
0.315811	0.416250020265579	0.322087	3.6568751335144
0.338414	0.417125016450882	0.344646	3.65550017356873
0.360969	0.418000012636185	0.367202	3.65625023841858
0.383525	0.418375015258789	0.389758	3.65712523460388
0.406078	0.416250020265579	0.412311	3.65787506103516
0.428636	0.41762501001358	0.434868	3.65912508964539
0.451209	0.417000025510788	0.457442	3.65850019454956
0.473761	0.417250007390976	0.479999	3.65737509727478
0.496318	0.417375028133392	0.502551	3.65625023841858
0.518875	0.416375011205673	0.525107	3.65537524223328
0.541433	0.417375028133392	0.547673	3.65562510490417
0.563992	0.417125016450882	0.570229	3.65675020217896
0.586548	0.419875025749207	0.592781	3.65775012969971
0.609106	0.419375032186508	0.615338	3.65837526321411
0.631658	0.416250020265579	0.637891	3.65837526321411
0.654212	0.416625022888184	0.660449	3.65712523460388
0.676768	0.41650003194809	0.683001	3.65562510490417
0.699326	0.41650003194809	0.705558	3.65450024604797
0.721882	0.414625018835068	0.72812	3.6551251411438
0.74444	0.417500019073486	0.750677	3.65587520599365
0.766996	0.418000012636185	0.773229	3.65700006484985
0.789553	0.416625022888184	0.79578	3.65775012969971
0.812118	0.417000025510788	0.818356	3.65750026702881
0.834676	0.415375024080276	0.840913	3.65525007247925
0.857247	0.417250007390976	0.863481	3.6551251411438
0.879801	0.418375015258789	0.886034	3.65300011634827
0.902356	0.368750005960464	0.908593	3.63975024223328
0.924911	0.309125006198883	0.931161	3.5778751373291
0.94751	0.261500000953674	0.953744	3.4528751373291
0.970078	0.217000007629395	0.976311	3.30037522315979
0.992644	0.177125006914139	0.998882	3.13337516784668
1.015218	0.139250010251999	1.021455	2.98787522315979
1.037766	0.104750007390976	1.043999	2.86137509346008
1.060326	0.0718750059604645	1.066558	2.7653751373291
1.082877	0.0472500026226044	1.089116	2.68925023078918
1.105435	0.0237500015646219	1.111681	2.63437509536743
1.128001	0.00775000033900142	1.134233	2.5917501449585
1.150556	0.00287500023841858	1.156789	2.56000018119812
1.17313	0.00125000008847564	1.179368	2.53337502479553
1.19569	0.000750000006519258	1.201922	2.5147500038147
1.218248	-0.000375000003259629	1.224481	2.5006251335144
1.240801	0.000875000027008355	1.247034	2.49025011062622
1.263356	0.00125000008847564	1.269594	2.48400020599365
1.285913	0.000250000011874363	1.292146	2.48012518882751
1.308509	0.00350000010803342	1.314748	2.47812509536743
1.331076	0.00312500004656613	1.337309	2.475750207901
1.353634	0.00175000005401671	1.359868	2.47437500953674
1.37619	0	1.382425	2.47275018692017
1.39875	0.00125000008847564	1.404983	2.47200012207031
1.421308	0.00512500014156103	1.427543	2.47200012207031
1.443864	0.00112500006798655	1.450097	2.47375011444092
1.466419	0.00150000001303852	1.472651	2.47650003433228
1.488971	0.00287500023841858	1.495203	2.4768750667572
1.511535	0.00262500019744039	1.517768	2.47700023651123
1.534104	0.00100000004749745	1.540341	2.47675013542175
1.556662	0.000875000027008355	1.562895	2.47625017166138
1.579218	0.000250000011874363	1.58545	2.47612500190735
1.60177	0	1.608004	2.4766252040863
1.624323	0.000750000006519258	1.630561	2.47800016403198
1.64688	0.00112500006798655	1.653129	2.47875022888184
1.669453	0.00387500016950071	1.675681	2.47987508773804
1.691999	0.00175000005401671	1.698237	2.47987508773804
1.714557	-0.000250000011874363	1.720794	2.47900009155273
1.737114	-0.000250000011874363	1.743347	2.47800016403198
1.75967	-0.00100000004749745	1.765903	2.47800016403198
1.782221	0.00100000004749745	1.788458	2.47800016403198
1.804797	0.000625000044237822	1.811035	2.47912502288818
1.827356	0.00125000008847564	1.833584	2.48125004768372
1.849912	0.00262500019744039	1.856144	2.48175001144409
1.872464	0.0020000000949949	1.878701	2.48200011253357
1.895023	-0.000250000011874363	1.90126	2.48125004768372
1.9176	0.000500000023748726	1.923838	2.48037505149841
1.940185	0.00100000004749745	1.946419	2.48050022125244
1.962739	0.000500000023748726	1.968978	2.48175001144409
1.985297	0.000250000011874363	1.991535	2.4832501411438
2.007876	0.00437500001862645	2.014109	2.48475003242493
2.030432	0.00350000010803342	2.036664	2.48562502861023
2.052983	0.0020000000949949	2.05922	2.48650002479553
2.075545	-0.000375000003259629	2.081778	2.48575019836426
2.098114	-0.00137500010896474	2.104347	2.48612523078918
2.120665	-0.000375000003259629	2.126899	2.48612523078918
2.14322	0.00100000004749745	2.149458	2.48825001716614
2.165776	0.000625000044237822	2.172009	2.49150013923645
2.188333	0.00250000017695129	2.194565	2.49362516403198
2.210888	0.00337500008754432	2.217121	2.49512505531311
2.233439	0	2.239677	2.49562501907349
2.255998	0.000750000006519258	2.262231	2.49575018882751
2.278555	-0.000500000023748726	2.284788	2.49787521362305
2.301108	0	2.307347	2.49862504005432
2.323669	0.000125000005937181	2.329906	2.50150012969971
2.346226	0.00262500019744039	2.352464	2.50512504577637
2.368789	0.002125000115484	2.375022	2.50837516784668
2.391346	0.00237500015646219	2.397589	2.51062512397766
2.413909	0.000500000023748726	2.420146	2.51337504386902
2.436474	0.000875000027008355	2.442707	2.5145001411438
2.459032	0.000750000006519258	2.465265	2.51725006103516
2.481591	0.000250000011874363	2.487824	2.52000021934509
2.504145	-0.0022500001359731	2.510379	2.52387523651123
2.526702	0.000375000003259629	2.532936	2.52900004386902
2.549258	0.00325000006705523	2.55549	2.53375005722046
2.57181	0.00237500015646219	2.578063	2.5373752117157
2.594386	-0.000375000003259629	2.600623	2.54125022888184
2.616943	-0.000125000005937181	2.623175	2.54450011253357
2.639502	-0.000750000006519258	2.645735	2.54887509346008
2.662059	0.000625000044237822	2.668297	2.55350017547607
2.684618	0.000750000006519258	2.690855	2.55962514877319
2.707188	0.00162500003352761	2.713421	2.56637501716614
2.729745	0.00512500014156103	2.735977	2.57262516021729
2.752296	0.002125000115484	2.758534	2.57850003242493
2.774856	0.00162500003352761	2.781093	2.58362507820129
2.797411	0.00100000004749745	2.803649	2.58925008773804
2.819976	-0.000625000044237822	2.826208	2.59525012969971
2.842528	0	2.848765	2.60225009918213
2.865085	0.000375000003259629	2.871322	2.61012506484985
2.887646	0.00150000001303852	2.893879	2.61850023269653
2.910204	0.00375000014901161	2.916436	2.62625002861023
2.932775	0.00100000004749745	2.939011	2.63412523269653
2.955346	0.000875000027008355	2.96162	2.64012503623962
2.977961	0.000375000003259629	2.984199	2.64750003814697
3.000526	0.000750000006519258	3.006758	2.65412521362305
3.023077	0.000625000044237822	3.029314	2.6623752117157
3.045633	0.000375000003259629	3.051866	2.67175006866455
3.06819	0.00237500015646219	3.074422	2.68025016784668
3.090746	0.00412499997764826	3.09698	2.68862509727478
3.113324	0.00100000004749745	3.119561	2.69250011444092
3.135893	-0.00112500006798655	3.142126	2.70662522315979
3.158445	0.000875000027008355	3.164678	2.71337509155273
3.181002	-0.000250000011874363	3.187235	2.72050023078918
3.203552	0.0020000000949949	3.20979	2.72800016403198
3.226108	0.0022500001359731	3.232348	2.73825001716614
3.248671	0.00375000014901161	3.254904	2.74662518501282
3.271226	0.00500000035390258	3.277472	2.75625014305115
3.293791	0.00375000014901161	3.300024	2.76400017738342
3.316372	0.00362500012852252	3.32261	2.7708752155304
3.338945	0.00350000010803342	3.345178	2.77775001525879
3.361501	0.00512500014156103	3.367734	2.78512501716614
3.384053	0.00550000043585896	3.390291	2.79512524604797
3.40661	0.00537500018253922	3.412843	2.80250024795532
3.429166	0.00800000037997961	3.435398	2.81112504005432
3.451718	0.0087500000372529	3.457961	2.8188750743866
3.47428	0.00950000062584877	3.480513	2.82512521743774
3.496834	0.00687500042840838	3.503067	2.83112502098083
3.519392	0.00675000017508864	3.525626	2.83687520027161
3.541961	0.00862500071525574	3.548199	2.84412503242493
3.564523	0.00962500087916851	3.570756	2.85287523269653
3.587089	0.00775000033900142	3.593322	2.85987520217896
3.609641	0.0117500005289912	3.615873	2.86800003051758
3.632193	0.0121250003576279	3.638426	2.87462520599365
3.65476	0.0107500003650784	3.660997	2.88012504577637
3.677315	0.0108750006183982	3.683558	2.88625001907349
3.699886	0.0121250003576279	3.706119	2.89162516593933
3.722459	0.0116250002756715	3.728698	2.89812517166138
3.745017	0.0153750004246831	3.751255	2.90575003623962
3.767585	0.0122500006109476	3.773818	2.913250207901
3.790141	0.0150000005960464	3.796373	2.92112517356873
3.812696	0.0152500011026859	3.818933	2.92775011062622
3.835256	0.0142500009387732	3.841493	2.93412518501282
3.857812	0.0145000005140901	3.864045	2.93925023078918
3.880369	0.013625000603497	3.886601	2.94550013542175
3.902929	0.0160000007599592	3.909167	2.95262503623962
3.925488	0.0186250004917383	3.93175	2.96000003814697
3.9481	0.0157500002533197	3.954333	2.96837520599365
3.970656	0.0190000012516975	3.976889	2.97562503814697
3.993213	0.0177500005811453	3.999451	2.98250007629395
4.015772	0.0183749999850988	4.022005	2.98825025558472
4.038336	0.016125001013279	4.044568	2.99375009536743
4.060908	0.0177500005811453	4.067141	3.00012516975403
4.083471	0.0187500007450581	4.089709	3.007000207901
4.106031	0.0180000010877848	4.112269	3.01462507247925
4.128594	0.0195000004023314	4.134826	3.02300024032593
4.151151	0.0205000005662441	4.157385	3.03050017356873
4.173704	0.0208750013262033	4.179941	3.03700017929077
4.196259	0.0193750001490116	4.202492	3.04262518882751
4.218816	0.0201250016689301	4.225048	3.04800009727478
4.241372	0.0207500010728836	4.247605	3.05450010299683
4.263939	0.0203750003129244	4.270176	3.06187510490417
4.286487	0.0218750014901161	4.292736	3.06962513923645
4.309081	0.0222500003874302	4.315314	3.07750010490417
4.331641	0.0245000012218952	4.337882	3.08462524414062
4.354202	0.0262500010430813	4.36044	3.09075021743774
4.376759	0.0233750008046627	4.382992	3.09625005722046
4.399316	0.0221250001341105	4.405548	3.1010000705719
4.421867	0.0225000008940697	4.428105	3.10700011253357
4.444441	0.0243750009685755	4.450678	3.11412525177002
4.466998	0.0236250013113022	4.47323	3.12200021743774
4.489557	0.0265000015497208	4.495789	3.12837505340576
4.512109	0.0262500010430813	4.518347	3.13487505912781
4.534666	0.0243750009685755	4.540904	3.14025020599365
4.557224	0.024625001475215	4.563456	3.14425015449524
4.579781	0.0260000005364418	4.586013	3.14937520027161
4.602351	0.0253750011324883	4.608585	3.15412521362305
4.624907	0.0247500017285347	4.631139	3.16037511825562
4.647452	0.0267500020563602	4.653691	3.16700005531311
4.670017	0.0286250021308661	4.67625	3.17325019836426
4.692573	0.0285000018775463	4.698805	3.1782500743866
4.715126	0.0288750007748604	4.721358	3.18287515640259
4.737683	0.0271250009536743	4.743916	3.18625020980835
4.760245	0.0267500020563602	4.766477	3.19025015830994
4.782834	0.0276250019669533	4.789072	3.19487524032593
4.805397	0.0278750006109476	4.81163	3.20000004768372
4.827961	0.0281250011175871	4.834195	3.20637512207031
4.850519	0.0311250016093254	4.856751	3.21150016784668
4.873071	0.0311250016093254	4.879304	3.21587514877319
4.895623	0.0308750011026859	4.901861	3.21962523460388
4.918185	0.0292500015348196	4.924418	3.22262525558472
4.940762	0.0251250006258488	4.946997	3.2260000705719
4.963376	0.0292500015348196	4.96961	3.22975015640259
4.985934	0.0297500006854534	4.992167	3.23462510108948
5.008496	0.0301250014454126	5.014729	3.24012517929077
5.031055	0.031750001013279	5.037283	3.24425005912781
5.053605	0.0307500008493662	5.059843	3.24900007247925
5.076163	0.0301250014454126	5.082396	3.25137519836426
5.098721	0.0301250014454126	5.104953	3.25437521934509
5.121277	0.0307500008493662	5.127511	3.25712513923645
5.143835	0.0323750004172325	5.150072	3.26062512397766
5.166392	0.03125	5.17264	3.26587510108948
5.188966	0.0337500013411045	5.195198	3.27050018310547
5.211522	0.0341250002384186	5.217756	3.27525019645691
5.234075	0.0336250029504299	5.240312	3.27850008010864
5.256631	0.0322500020265579	5.262863	3.28087520599365
5.279193	0.0315000005066395	5.285427	3.28400015830994
5.301765	0.0318750031292439	5.308005	3.28675007820129
5.324337	0.033125001937151	5.330575	3.29087519645691
5.346895	0.0327500030398369	5.35313	3.29512524604797
5.369457	0.0351250022649765	5.375689	3.30012512207031
5.392009	0.0351250022649765	5.398246	3.3041250705719
5.414566	0.033500000834465	5.420803	3.30762505531311
5.437122	0.0333750024437904	5.443355	3.30887508392334
5.459678	0.0332500003278255	5.46591	3.31250023841858
5.482231	0.0311250016093254	5.488468	3.31575012207031
5.504801	0.0355000011622906	5.511038	3.31925010681152
5.527355	0.034000001847744	5.533588	3.32387518882751
5.549912	0.0358750000596046	5.556144	3.32837510108948
5.572463	0.0370000004768372	5.578701	3.33237504959106
5.59502	0.0345000028610229	5.601258	3.3360002040863
5.617585	0.0342500023543835	5.623817	3.33762526512146
5.640141	0.0342500023543835	5.646374	3.33962512016296
5.662692	0.0342500023543835	5.668925	3.34287524223328
5.685247	0.0352500006556511	5.691479	3.34675025939941
5.707799	0.0358750000596046	5.714037	3.35125017166138
5.730356	0.0393750034272671	5.736588	3.35537505149841
5.752934	0.0372500009834766	5.759166	3.35937523841858
5.775487	0.035375002771616	5.781714	3.36187505722046
5.798034	0.0360000021755695	5.804273	3.36387515068054
5.820599	0.0347500033676624	5.826831	3.36600017547607
5.843162	0.035375002771616	5.8494	3.36862516403198
5.865719	0.0366250015795231	5.871968	3.37262511253357
5.888292	0.0380000025033951	5.894525	3.37662506103516
5.910849	0.0392500013113022	5.917093	3.38000011444092
5.933439	0.0383750014007092	5.939676	3.38375020027161
5.955995	0.0370000004768372	5.962229	3.38587522506714
5.978557	0.0366250015795231	5.984791	3.38787508010864
6.001113	0.0357500016689301	6.007346	3.38912510871887
6.023672	0.0367499999701977	6.029911	3.39225006103516
6.046231	0.0378750003874302	6.052463	3.39637517929077
6.068789	0.0365000031888485	6.075016	3.39937520027161
6.091343	0.038500003516674	6.097582	3.40337514877319
6.113902	0.0388750024139881	6.120139	3.40637516975403
6.136458	0.0396250002086163	6.142691	3.40825009346008
6.159015	0.0373750030994415	6.165247	3.40912508964539
6.181589	0.0355000011622906	6.187822	3.41112518310547
6.204144	0.0381250008940697	6.210381	3.41300010681152
6.2267	0.037625003606081	6.232933	3.41675019264221
6.249257	0.0377500019967556	6.25549	3.42037510871887
6.271809	0.0391250029206276	6.278066	3.42425012588501
6.294385	0.038500003516674	6.300625	3.42612504959106
6.316946	0.0391250029206276	6.323186	3.42750024795532
6.339514	0.0391250029206276	6.345747	3.42850017547607
6.362066	0.0377500019967556	6.368305	3.43050026893616
6.384626	0.0368750020861626	6.390864	3.43275022506714
6.407189	0.0388750024139881	6.413422	3.4361252784729
6.429749	0.0383750014007092	6.435981	3.43950009346008
6.4523	0.0407500006258488	6.458537	3.44212508201599
6.474856	0.0393750034272671	6.481093	3.44375014305115
6.497413	0.0387500002980232	6.503646	3.44525027275085
6.51997	0.0386250019073486	6.526202	3.44662523269653
6.542523	0.0381250008940697	6.54876	3.44737505912781
6.565094	0.034875001758337	6.571331	3.44987511634827
6.587651	0.0396250002086163	6.593883	3.45275020599365
6.610209	0.0396250002086163	6.616442	3.45575022697449
6.632761	0.0416250005364418	6.638999	3.45850014686584
6.655317	0.0400000028312206	6.661549	3.4595000743866
6.677873	0.0417500026524067	6.684105	3.4603750705719
6.70043	0.0390000008046627	6.706662	3.46025013923645
6.722981	0.0391250029206276	6.729219	3.46250009536743
6.74554	0.0401250012218952	6.751774	3.46437525749207
6.768095	0.0405000001192093	6.774327	3.4673752784729
6.790647	0.0408750027418137	6.79688	3.46987509727478
6.813224	0.0417500026524067	6.819462	3.47187519073486
6.835783	0.0410000011324883	6.842015	3.47287511825562
6.858336	0.0401250012218952	6.864564	3.47350025177002
6.880883	0.0396250002086163	6.887116	3.47412514686584
6.903439	0.0400000028312206	6.909676	3.47462511062622
6.925995	0.0398750007152557	6.932257	3.47675013542175
6.948606	0.0401250012218952	6.954839	3.47887516021729
6.971175	0.0425000004470348	6.977414	3.48162508010864
6.993746	0.0416250005364418	6.999984	3.48337507247925
7.016304	0.0401250012218952	7.022549	3.48400020599365
7.038865	0.0397500023245811	7.045098	3.48375010490417
7.061422	0.0396250002086163	7.067678	3.48425006866455
7.084003	0.0388750024139881	7.090241	3.48525023460388
7.106562	0.0407500006258488	7.112789	3.48637509346008
7.129124	0.0422500036656857	7.135358	3.48925018310547
7.15168	0.0412500016391277	7.157913	3.49100017547607
7.174232	0.0426250025629997	7.180471	3.49175024032593
7.196791	0.0405000001192093	7.203023	3.49262523651123
7.219348	0.0406250022351742	7.225581	3.49187517166138
7.241899	0.0403750017285347	7.248136	3.49200010299683
7.264457	0.0397500023245811	7.270695	3.49237513542175
7.287013	0.0402500033378601	7.293245	3.49400019645691
7.309606	0.0415000021457672	7.31584	3.49725008010864
7.332164	0.0437500029802322	7.338401	3.49825024604797
7.354724	0.0425000004470348	7.360961	3.49937510490417
7.377281	0.0412500016391277	7.383514	3.4988751411438
7.399839	0.0397500023245811	7.406071	3.49825024604797
7.422391	0.0408750027418137	7.428629	3.49812507629395
7.444951	0.0407500006258488	7.451189	3.4986252784729
7.467508	0.0415000021457672	7.473741	3.50050020217896
7.490066	0.0420000031590462	7.496299	3.50225019454956
7.512619	0.0446250028908253	7.518857	3.50337505340576
7.535177	0.0418750010430813	7.541414	3.50425004959106
7.557735	0.0420000031590462	7.563968	3.50312519073486
7.580292	0.0415000021457672	7.586524	3.50312519073486
7.602843	0.0402500033378601	7.609076	3.50312519073486
7.625408	0.0411250032484531	7.631641	3.50362515449524
7.64796	0.0441250018775463	7.654192	3.50587511062622
7.670518	0.0421250015497208	7.67675	3.50687527656555
7.69307	0.0443750023841858	7.699308	3.50862526893616
7.715629	0.0417500026524067	7.721862	3.50862526893616
7.738185	0.0420000031590462	7.744417	3.50800013542175
7.760742	0.0407500006258488	7.766975	3.50712513923645
7.783324	0.0408750027418137	7.789557	3.50675010681152
7.805885	0.0422500036656857	7.812123	3.50750017166138
7.828451	0.0413750037550926	7.834683	3.50962519645691
7.851009	0.0433750003576279	7.857243	3.51050019264221
7.873565	0.0438750013709068	7.879797	3.51200008392334
7.896119	0.0436250008642673	7.902347	3.51187515258789
7.918668	0.0420000031590462	7.924901	3.51037526130676
7.941254	0.0412500016391277	7.947488	3.51000022888184
7.963825	0.0410000011324883	7.970063	3.51000022888184
7.986384	0.0421250015497208	7.992622	3.51087522506714
8.008949	0.0408750027418137	8.015181	3.51300024986267
8.031505	0.0476250015199184	8.037738	3.51350021362305
8.054058	0.0453750006854534	8.060295	3.5142502784729
8.076604	0.0427500009536743	8.082859	3.51437520980835
8.099184	0.0432500019669533	8.105417	3.5133752822876
8.121737	0.0411250032484531	8.12797	3.51275014877319
8.144302	0.0416250005364418	8.15054	3.51237511634827
8.166853	0.0453750006854534	8.173087	3.51287508010864
8.189412	0.0420000031590462	8.195645	3.51462507247925
8.211974	0.0448750033974648	8.218212	3.51575016975403
8.234531	0.0440000034868717	8.240769	3.51662516593933
8.257099	0.0420000031590462	8.263331	3.51600027084351
8.279655	0.0417500026524067	8.285889	3.51525020599365
8.302226	0.0413750037550926	8.308471	3.51475024223328
8.324808	0.0423750020563602	8.331047	3.51462507247925
8.347386	0.0430000014603138	8.353624	3.51587510108948
8.36995	0.0418750010430813	8.376183	3.51687526702881
8.392502	0.0442500002682209	8.39874	3.51800012588501
8.415061	0.0441250018775463	8.421298	3.51850008964539
8.437618	0.0422500036656857	8.44385	3.51712512969971
8.460176	0.0423750020563602	8.466408	3.51675009727478
8.482731	0.0420000031590462	8.488969	3.51600027084351
8.505291	0.0408750027418137	8.511529	3.51612520217896
8.527877	0.047375001013279	8.53411	3.51725006103516
8.550433	0.0428750030696392	8.556666	3.51862525939941
8.572986	0.0451250039041042	8.579224	3.52000021934509
8.595544	0.0437500029802322	8.601776	3.52037525177002
8.618103	0.0423750020563602	8.624335	3.51887512207031
8.640659	0.0423750020563602	8.646891	3.51875019073486
8.663218	0.0420000031590462	8.669455	3.51775026321411
8.685775	0.0438750013709068	8.692008	3.51750016212463
8.708346	0.0432500019669533	8.714578	3.51900005340576
8.730893	0.0437500029802322	8.737126	3.52012515068054
8.753447	0.0457500033080578	8.759684	3.52125024795532
8.776004	0.0436250008642673	8.782259	3.52112507820129
8.798584	0.0438750013709068	8.804821	3.5208752155304
8.821147	0.0423750020563602	8.827385	3.51900005340576
8.843703	0.0427500009536743	8.84994	3.51837515830994
8.866261	0.0423750020563602	8.872493	3.51825022697449
8.888816	0.0431250035762787	8.89505	3.52037525177002
8.91137	0.0442500002682209	8.917603	3.52187514305115
8.933944	0.0453750006854534	8.940179	3.52225017547607
8.956494	0.0437500029802322	8.962758	3.52237510681152
8.979091	0.0432500019669533	8.985324	3.52187514305115
9.001646	0.0426250025629997	9.007883	3.52037525177002
9.024204	0.0437500029802322	9.030441	3.51975011825562
9.046764	0.0452500022947788	9.052997	3.52012515068054
9.069321	0.0430000014603138	9.075554	3.5220000743866
9.091875	0.0440000034868717	9.098112	3.52312517166138
9.114423	0.0460000038146973	9.120656	3.52387523651123
9.136978	0.0468750037252903	9.143217	3.52387523651123
9.159541	0.0431250035762787	9.165774	3.5228750705719
9.182094	0.0420000031590462	9.188332	3.52137517929077
9.204654	0.0448750033974648	9.210891	3.52112507820129
9.227213	0.0431250035762787	9.233446	3.5217502117157
9.249771	0.0440000034868717	9.256004	3.52325010299683
9.272324	0.0463750027120113	9.278561	3.52437520027161
9.29488	0.0451250039041042	9.301119	3.52487516403198
9.31745	0.0427500009536743	9.323682	3.52450013160706
9.340008	0.0441250018775463	9.34624	3.52387523651123
9.362561	0.047375001013279	9.368798	3.52250027656555
9.385117	0.0440000034868717	9.391355	3.52212524414062
9.407692	0.0435000024735928	9.413924	3.52325010299683
9.430245	0.0428750030696392	9.436473	3.5246250629425
9.452795	0.0453750006854534	9.459033	3.52575016021729
9.475395	0.0457500033080578	9.481669	3.52612519264221
9.498002	0.0443750023841858	9.504235	3.52562522888184
9.520553	0.0440000034868717	9.526785	3.52425026893616
9.543106	0.0431250035762787	9.549345	3.5237500667572
9.565681	0.0438750013709068	9.571914	3.52337527275085
9.588234	0.0423750020563602	9.594466	3.52425026893616
9.610792	0.0443750023841858	9.617024	3.52637505531311
9.633346	0.0490000024437904	9.639578	3.52650022506714
9.655898	0.0470000021159649	9.662131	3.52687525749207
9.67845	0.0437500029802322	9.684682	3.52600026130676
9.701007	0.0445000007748604	9.70724	3.52512526512146
9.723573	0.0432500019669533	9.72981	3.52425026893616
9.74612	0.0435000024735928	9.752353	3.52400016784668
9.768678	0.0436250008642673	9.77491	3.52525019645691
9.791234	0.0441250018775463	9.797479	3.52675008773804
9.813828	0.0462500005960464	9.820067	3.52750015258789
9.836388	0.0443750023841858	9.84264	3.52762508392334
9.858965	0.0448750033974648	9.865197	3.52700018882751
9.881517	0.0430000014603138	9.887751	3.52550005912781
9.904074	0.0431250035762787	9.910307	3.52475023269653
9.926626	0.0448750033974648	9.932885	3.52475023269653
9.949212	0.0432500019669533	9.955446	3.52637505531311
9.971812	0.0433750003576279	9.978075	3.52737522125244
9.994388	0.0477500036358833	10.000626	3.52775025367737
10.016955	0.0445000007748604	10.023194	3.52800011634827
10.039535	0.0436250008642673	10.045767	3.52687525749207
10.062087	0.0435000024735928	10.06833	3.52675008773804
10.084649	0.0435000024735928	10.090886	3.52575016021729
10.107206	0.0438750013709068	10.113439	3.52550005912781
10.129764	0.0451250039041042	10.135997	3.52750015258789
10.152316	0.0456250011920929	10.158554	3.52825021743774
10.174874	0.0458750016987324	10.181111	3.5292501449585
10.197433	0.0438750013709068	10.203666	3.52887511253357
10.219992	0.0442500002682209	10.226225	3.52700018882751
10.242572	0.0430000014603138	10.248809	3.52687525749207
10.26513	0.0432500019669533	10.271368	3.52612519264221
10.287688	0.0440000034868717	10.293921	3.52650022506714
10.310267	0.0435000024735928	10.3165	3.52825021743774
10.332842	0.0463750027120113	10.33908	3.52912521362305
10.3554	0.0453750006854534	10.361632	3.53000020980835
10.377961	0.0445000007748604	10.384199	3.52950024604797
10.40054	0.0441250018775463	10.406773	3.52837514877319
10.423093	0.0427500009536743	10.429331	3.52700018882751
10.445652	0.0432500019669533	10.451884	3.52662515640259
10.468209	0.0443750023841858	10.474441	3.52800011634827
10.490766	0.0440000034868717	10.496998	3.5290002822876
10.513322	0.0467500016093254	10.519559	3.53000020980835
10.535879	0.0460000038146973	10.542112	3.5307502746582
10.558438	0.0445000007748604	10.56467	3.52962517738342
10.580995	0.048750001937151	10.587228	3.52862524986267
10.603547	0.0440000034868717	10.609784	3.52787518501282
10.626104	0.0413750037550926	10.632349	3.52800011634827
10.648674	0.0421250015497208	10.654906	3.5292501449585
10.67123	0.0442500002682209	10.677473	3.53000020980835
10.693792	0.0457500033080578	10.700029	3.5310001373291
10.716347	0.0450000017881393	10.72258	3.53162527084351
10.738905	0.0442500002682209	10.745137	3.53062510490417
10.761462	0.0446250028908253	10.767695	3.53000020980835
10.784013	0.0433750003576279	10.790251	3.52862524986267
10.806575	0.0443750023841858	10.812834	3.52875018119812
10.82916	0.0450000017881393	10.835392	3.5298752784729
10.851712	0.0447500012814999	10.857961	3.53087520599365
10.87428	0.0462500005960464	10.880517	3.53237509727478
10.896837	0.0455000028014183	10.903069	3.53262519836426
10.919394	0.0442500002682209	10.925626	3.53137516975403
10.942005	0.0447500012814999	10.94824	3.53050017356873
10.96457	0.0443750023841858	10.97081	3.52975010871887
10.987143	0.0446250028908253	10.993383	3.53000020980835
11.009705	0.0453750006854534	11.015938	3.53125023841858
11.032262	0.0448750033974648	11.03849	3.53237509727478
11.05484	0.048250000923872	11.061105	3.53337526321411
11.0775	0.0452500022947788	11.083761	3.53312516212463
11.100136	0.0436250008642673	11.106396	3.53250026702881
11.122818	0.0441250018775463	11.129053	3.5310001373291
11.145376	0.0446250028908253	11.151603	3.53062510490417
11.167939	0.0443750023841858	11.174172	3.53175020217896
11.190497	0.0442500002682209	11.196725	3.53250026702881
11.21305	0.0472500026226044	11.219287	3.53387522697449
11.235607	0.0472500026226044	11.24184	3.53487515449524
11.258165	0.0445000007748604	11.264398	3.53387522697449
11.280719	0.0438750013709068	11.286952	3.53337526321411
11.303298	0.0441250018775463	11.309543	3.53237509727478
11.32588	0.0445000007748604	11.332113	3.53162527084351
11.348443	0.0450000017881393	11.354675	3.53225016593933
11.371001	0.0445000007748604	11.377233	3.53387522697449
11.393554	0.0472500026226044	11.399791	3.53450012207031
11.416111	0.0468750037252903	11.422349	3.53562521934509
11.438674	0.0448750033974648	11.444907	3.53500008583069
11.46123	0.0447500012814999	11.467473	3.53350019454956
11.483792	0.0445000007748604	11.49003	3.53312516212463
11.50635	0.0437500029802322	11.512582	3.53312516212463
11.528906	0.0476250015199184	11.535138	3.53375005722046
11.551463	0.0448750033974648	11.557696	3.53512525558472
11.574013	0.0467500016093254	11.580251	3.53587508201599
11.59657	0.0462500005960464	11.602803	3.53637528419495
11.619127	0.0427500009536743	11.62536	3.53637528419495
11.64168	0.0445000007748604	11.647913	3.53512525558472
11.664232	0.0437500029802322	11.670469	3.53450012207031
11.686787	0.0440000034868717	11.69302	3.53437519073486
11.709357	0.0447500012814999	11.715589	3.53512525558472
11.731905	0.0448750033974648	11.738144	3.53600025177002
11.754463	0.0466250032186508	11.7607	3.53725028038025
11.777018	0.0465000011026859	11.783252	3.53775024414062
11.799576	0.0441250018775463	11.805813	3.5376250743866
11.822135	0.0440000034868717	11.828373	3.53625011444092
11.844693	0.0436250008642673	11.850931	3.53537511825562
11.86725	0.0446250028908253	11.873483	3.53575015068054
11.889803	0.0448750033974648	11.896036	3.53637528419495
11.912363	0.0442500002682209	11.918596	3.538250207901
11.934942	0.0460000038146973	11.941182	3.5391252040863
11.957508	0.0443750023841858	11.963737	3.5391252040863
11.980065	0.0448750033974648	11.986298	3.53837513923645
12.002618	0.0433750003576279	12.008855	3.5376250743866
12.025175	0.0440000034868717	12.031412	3.5365002155304
12.047732	0.0452500022947788	12.053964	3.53700017929077
12.070289	0.0448750033974648	12.076516	3.538250207901
12.092839	0.0463750027120113	12.099078	3.5391252040863
12.115398	0.0467500016093254	12.121631	3.53975009918213
12.137961	0.0451250039041042	12.144199	3.54000020027161
12.160525	0.0450000017881393	12.166759	3.53900027275085
12.18308	0.0440000034868717	12.189312	3.53862524032593
12.205622	0.0436250008642673	12.211866	3.5376250743866
12.22819	0.0462500005960464	12.234417	3.53812527656555
12.250744	0.0485000014305115	12.256976	3.53925013542175
12.273338	0.0466250032186508	12.279576	3.54087519645691
12.295896	0.0471250005066395	12.302147	3.54175019264221
12.318485	0.0460000038146973	12.324723	3.54162526130676
12.341051	0.0456250011920929	12.347284	3.54050016403198
12.363612	0.0448750033974648	12.36985	3.53962516784668
12.38617	0.0432500019669533	12.392403	3.53925013542175
12.408727	0.0442500002682209	12.41496	3.53950023651123
12.431284	0.0458750016987324	12.437517	3.54075026512146
12.453842	0.0467500016093254	12.46008	3.54212522506714
12.4764	0.0471250005066395	12.48264	3.54350018501282
12.498974	0.0456250011920929	12.505206	3.54287505149841
12.521533	0.0455000028014183	12.527766	3.54162526130676
12.544086	0.0476250015199184	12.550324	3.54112505912781
12.566643	0.0461250022053719	12.572876	3.54062509536743
12.5892	0.0457500033080578	12.595432	3.54087519645691
12.611771	0.0457500033080578	12.618005	3.54200005531311
12.634339	0.0502500012516975	12.640576	3.54412508010864
12.656896	0.0475000031292439	12.663129	3.5446252822876
12.679453	0.0448750033974648	12.685685	3.54375028610229
12.702005	0.0455000028014183	12.708242	3.54287505149841
12.724562	0.0443750023841858	12.730799	3.54187512397766
12.747119	0.0461250022053719	12.753353	3.54212522506714
12.769676	0.0450000017881393	12.775908	3.54262518882751
12.792227	0.0452500022947788	12.798465	3.54400014877319
12.814787	0.0457500033080578	12.821024	3.54625010490417
12.837344	0.0472500026226044	12.843577	3.54587507247925
12.859902	0.0451250039041042	12.866134	3.5446252822876
12.882454	0.0462500005960464	12.888692	3.54412508010864
12.90501	0.0448750033974648	12.911248	3.54325008392334
12.927583	0.0451250039041042	12.933842	3.54287505149841
12.950166	0.0480000004172325	12.956394	3.54412508010864
12.972752	0.0452500022947788	12.97899	3.54537510871887
12.995317	0.048250000923872	13.00155	3.54675006866455
13.017887	0.0465000011026859	13.02412	3.54700016975403
13.040439	0.0455000028014183	13.046671	3.54625010490417
13.062993	0.0452500022947788	13.06923	3.54562520980835
13.08555	0.0443750023841858	13.091783	3.54437518119812
13.108107	0.0462500005960464	13.114339	3.5446252822876
13.130663	0.0443750023841858	13.136896	3.5463752746582
13.153216	0.0452500022947788	13.159453	3.54775023460388
13.175773	0.0481250025331974	13.182006	3.54837512969971
13.198327	0.0462500005960464	13.20456	3.54762506484985
13.22088	0.0447500012814999	13.227114	3.54762506484985
13.243441	0.0446250028908253	13.249673	3.5463752746582
13.265995	0.0440000034868717	13.272223	3.54612517356873
13.288545	0.0448750033974648	13.294778	3.54612517356873
13.311125	0.0455000028014183	13.317359	3.54725027084351
13.33368	0.0458750016987324	13.339912	3.54862523078918
13.356233	0.0475000031292439	13.362471	3.54975008964539
13.378799	0.0457500033080578	13.385031	3.54950022697449
13.401358	0.0462500005960464	13.407591	3.54875016212463
13.42391	0.0447500012814999	13.430148	3.54775023460388
13.446469	0.0456250011920929	13.452702	3.54762506484985
13.469028	0.0457500033080578	13.47526	3.54837512969971
13.491584	0.0457500033080578	13.497817	3.54925012588501
13.514138	0.0462500005960464	13.520375	3.55087518692017
13.536696	0.0470000021159649	13.542931	3.55162525177002
13.559256	0.0503750033676624	13.565488	3.55137515068054
13.58181	0.0450000017881393	13.588068	3.55037522315979
13.604387	0.0448750033974648	13.610623	3.54925012588501
13.626942	0.0448750033974648	13.633175	3.54912519454956
13.649499	0.0460000038146973	13.655731	3.54912519454956
13.672063	0.0452500022947788	13.678301	3.55062508583069
13.69462	0.0480000004172325	13.700858	3.55237507820129
13.71719	0.0466250032186508	13.723422	3.5532500743866
13.73976	0.0466250032186508	13.745992	3.55275011062622
13.762312	0.0455000028014183	13.768549	3.55200028419495
13.784869	0.0436250008642673	13.791107	3.55037522315979
13.807429	0.0456250011920929	13.813661	3.55000019073486
13.829986	0.0457500033080578	13.836218	3.55075025558472
13.852551	0.0453750006854534	13.858789	3.55262517929077
13.875107	0.0470000021159649	13.881345	3.55375027656555
13.897675	0.0486250035464764	13.903908	3.55400013923645
13.920229	0.0455000028014183	13.926462	3.553875207901
13.942874	0.0457500033080578	13.949108	3.55187511444092
13.965422	0.0445000007748604	13.97166	3.5521252155304
13.987987	0.0447500012814999	13.994219	3.55150008201599
14.010544	0.0458750016987324	14.016777	3.55312514305115
14.033096	0.0448750033974648	14.039335	3.553875207901
14.055655	0.0470000021159649	14.061887	3.55512523651123
14.078211	0.0472500026226044	14.084445	3.55675005912781
14.100768	0.0446250028908253	14.107	3.55550026893616
14.123328	0.0452500022947788	14.129565	3.55425024032593
14.145885	0.0447500012814999	14.152113	3.55375027656555
14.16844	0.0455000028014183	14.174672	3.553875207901
14.190997	0.0452500022947788	14.19723	3.55462527275085
14.213548	0.0445000007748604	14.219786	3.5558750629425
14.236105	0.0476250015199184	14.242348	3.55700016021729
14.258672	0.0458750016987324	14.264904	3.55750012397766
14.281228	0.0452500022947788	14.287472	3.55737519264221
14.303808	0.0448750033974648	14.310052	3.55575013160706
14.326379	0.0446250028908253	14.332612	3.55512523651123
14.348933	0.0446250028908253	14.355165	3.55550026893616
14.371493	0.0451250039041042	14.377726	3.55650019645691
14.394038	0.0436250008642673	14.400278	3.55825018882751
14.416601	0.050500001758337	14.422836	3.55962514877319
14.439156	0.0450000017881393	14.445389	3.55937528610229
14.461708	0.0452500022947788	14.467941	3.55787515640259
14.484282	0.0448750033974648	14.490521	3.55737519264221
14.506843	0.0445000007748604	14.513076	3.55675005912781
14.529404	0.0493750013411045	14.535637	3.55687522888184
14.551971	0.0448750033974648	14.558208	3.55875015258789
14.574529	0.0462500005960464	14.580767	3.55962514877319
14.597098	0.0465000011026859	14.603331	3.56087517738342
14.619656	0.0461250022053719	14.625888	3.56037521362305
14.642207	0.0453750006854534	14.648445	3.55925011634827
14.664774	0.0437500029802322	14.671012	3.55875015258789
14.687333	0.0443750023841858	14.693566	3.55812525749207
14.709892	0.0458750016987324	14.716125	3.55887508392334
14.732455	0.048250000923872	14.738693	3.5602502822876
14.755012	0.0470000021159649	14.76125	3.56150007247925
14.777584	0.0477500036358833	14.783817	3.56212520599365
14.800141	0.0460000038146973	14.806378	3.56212520599365
14.822698	0.0450000017881393	14.828936	3.56075024604797
14.845256	0.0460000038146973	14.851488	3.56000018119812
14.867823	0.0455000028014183	14.874056	3.55987524986267
14.890379	0.0453750006854534	14.896611	3.56012511253357
14.912933	0.0457500033080578	14.919171	3.5620002746582
14.935522	0.0441250018775463	14.941814	3.56325006484985
14.958145	0.047375001013279	14.96439	3.56412506103516
14.98071	0.0456250011920929	14.986938	3.56300020217896
15.003261	0.0450000017881393	15.009499	3.56212520599365
15.025826	0.0440000034868717	15.032063	3.56150007247925
15.048388	0.0467500016093254	15.05462	3.5613751411438
15.070947	0.049625001847744	15.077186	3.56212520599365
15.093506	0.0457500033080578	15.099743	3.56337523460388
15.116063	0.0475000031292439	15.122296	3.56487512588501
15.138621	0.0463750027120113	15.144853	3.56562519073486
15.161178	0.0457500033080578	15.16741	3.56450009346008
15.18373	0.0461250022053719	15.189968	3.56375026702881
15.206288	0.0452500022947788	15.21252	3.56262516975403
15.228848	0.0451250039041042	15.235081	3.56262516975403
15.251406	0.0460000038146973	15.257639	3.56437516212463
15.273959	0.0452500022947788	15.280197	3.56512522697449
15.296516	0.0477500036358833	15.302766	3.56625008583069
15.3191	0.0466250032186508	15.325332	3.56662511825562
15.341652	0.0457500033080578	15.347884	3.56625008583069
15.364206	0.0461250022053719	15.370443	3.56537508964539
15.386763	0.0440000034868717	15.392996	3.56412506103516
15.409319	0.0451250039041042	15.415552	3.56425023078918
15.431873	0.0476250015199184	15.438101	3.56550025939941
15.454427	0.0461250022053719	15.460665	3.56687521934509
15.47699	0.0481250025331974	15.483223	3.5677502155304
15.499544	0.0460000038146973	15.505777	3.56825017929077
15.522098	0.0462500005960464	15.52833	3.56762528419495
15.544655	0.0453750006854534	15.550887	3.56675028800964
15.567207	0.0447500012814999	15.57344	3.56562519073486
15.589765	0.0452500022947788	15.595997	3.56550025939941
15.612319	0.0462500005960464	15.618556	3.56725025177002
15.634876	0.0457500033080578	15.641114	3.56875014305115
15.657434	0.0481250025331974	15.663667	3.569500207901
15.679992	0.0466250032186508	15.686224	3.56925010681152
15.702553	0.0457500033080578	15.708791	3.5688750743866
15.72511	0.0448750033974648	15.731348	3.56750011444092
15.747676	0.0447500012814999	15.753908	3.56725025177002
15.770233	0.0452500022947788	15.776466	3.56762528419495
15.792791	0.0463750027120113	15.799029	3.56875014305115
15.815352	0.0486250035464764	15.821585	3.57000017166138
15.837906	0.0478750020265579	15.844138	3.57137513160706
15.860461	0.0458750016987324	15.866694	3.56987524032593
15.883012	0.0451250039041042	15.889249	3.57012510299683
15.905569	0.0452500022947788	15.911796	3.5686252117157
15.928126	0.0456250011920929	15.934378	3.56837511062622
15.950701	0.0451250039041042	15.956929	3.56912517547607
15.973255	0.0455000028014183	15.979493	3.5703752040863
15.995804	0.0511250011622906	16.002043	3.57100009918213
16.018369	0.0472500026226044	16.024601	3.57237505912781
16.040926	0.0461250022053719	16.047159	3.57250022888184
16.063479	0.0445000007748604	16.069716	3.57137513160706
16.086042	0.0453750006854534	16.092276	3.57050013542175
16.108601	0.0448750033974648	16.114833	3.57012510299683
16.131158	0.0456250011920929	16.137391	3.5706250667572
16.15371	0.0456250011920929	16.159947	3.57162523269653
16.176266	0.048250000923872	16.182499	3.57275009155273
16.198823	0.047375001013279	16.205056	3.57375025749207
16.22138	0.0460000038146973	16.227613	3.57337522506714
16.243932	0.0450000017881393	16.25017	3.57237505912781
16.266488	0.0450000017881393	16.272732	3.57137513160706
16.28907	0.0457500033080578	16.295302	3.57012510299683
16.311647	0.0455000028014183	16.31788	3.57187509536743
16.334204	0.0456250011920929	16.340442	3.57325005531311
16.356761	0.050500001758337	16.362994	3.57462525367737
16.379318	0.0467500016093254	16.385552	3.57475018501282
16.401879	0.0460000038146973	16.408117	3.57412505149841
16.424437	0.0452500022947788	16.430674	3.57300019264221
16.446993	0.0470000021159649	16.453232	3.57262516021729
16.469554	0.0463750027120113	16.475781	3.57225012779236
16.492105	0.0441250018775463	16.498333	3.57350015640259
16.514658	0.0455000028014183	16.520891	3.57412505149841
16.537213	0.0488750040531158	16.543446	3.5758752822876
16.559766	0.0467500016093254	16.565998	3.57600021362305
16.582318	0.0458750016987324	16.58855	3.57562518119812
16.60487	0.0453750006854534	16.611108	3.57412505149841
16.627444	0.0453750006854534	16.633677	3.57350015640259
16.649996	0.0443750023841858	16.656228	3.57400012016296
16.672549	0.0438750013709068	16.678786	3.57450008392334
16.695105	0.0462500005960464	16.701343	3.5761251449585
16.717694	0.0475000031292439	16.723926	3.57687520980835
16.740251	0.0475000031292439	16.746483	3.57737517356873
16.762802	0.0460000038146973	16.76904	3.57662510871887
16.785361	0.0455000028014183	16.791594	3.57525014877319
16.807918	0.0452500022947788	16.814151	3.57500028610229
16.830478	0.0453750006854534	16.836711	3.57500028610229
16.85303	0.0453750006854534	16.859267	3.57537508010864
16.875587	0.0463750027120113	16.881819	3.57750010490417
16.898143	0.0463750027120113	16.904375	3.57825016975403
16.920701	0.0462500005960464	16.926933	3.57825016975403
16.943277	0.0446250028908253	16.949511	3.5767502784729
16.965842	0.0447500012814999	16.972107	3.57625007629395
16.988434	0.0445000007748604	16.994672	3.57575011253357
17.010997	0.0448750033974648	17.017231	3.57650017738342
17.03355	0.0458750016987324	17.039783	3.57750010490417
17.056102	0.0460000038146973	17.062348	3.57837510108948
17.078673	0.0480000004172325	17.084906	3.5787501335144
17.10123	0.0448750033974648	17.107473	3.57937526702881
17.123791	0.0458750016987324	17.130029	3.5778751373291
17.146347	0.0446250028908253	17.15258	3.57712507247925
17.168919	0.0451250039041042	17.175151	3.57625007629395
17.19147	0.0467500016093254	17.197703	3.57737517356873
17.214023	0.0456250011920929	17.220261	3.57887506484985
17.236579	0.0460000038146973	17.242832	3.57987523078918
17.259157	0.047375001013279	17.265389	3.58025026321411
17.281708	0.0452500022947788	17.287941	3.58037519454956
17.304277	0.0435000024735928	17.310521	3.57900023460388
17.326844	0.0451250039041042	17.333076	3.57825016975403
17.349401	0.0448750033974648	17.355634	3.5776252746582
17.371972	0.0471250005066395	17.37821	3.57812523841858
17.394521	0.0462500005960464	17.400754	3.58012509346008
17.417093	0.0470000021159649	17.423325	3.58087515830994
17.439646	0.0463750027120113	17.445879	3.58100008964539
17.462199	0.0447500012814999	17.468437	3.58125019073486
17.484757	0.0463750027120113	17.490995	3.57987523078918
17.507315	0.0463750027120113	17.513543	3.57887506484985
17.529871	0.0445000007748604	17.536105	3.57862520217896
17.552447	0.0460000038146973	17.558679	3.57950019836426
17.575005	0.0456250011920929	17.581237	3.58075022697449
17.597577	0.047375001013279	17.603815	3.58287525177002
17.620136	0.0466250032186508	17.626369	3.58250021934509
17.642689	0.0460000038146973	17.648922	3.58150005340576
17.665242	0.0453750006854534	17.671475	3.58050012588501
17.687796	0.0455000028014183	17.694029	3.58012509346008
17.710369	0.0457500033080578	17.716601	3.57950019836426
17.73293	0.0453750006854534	17.739168	3.58100008964539
17.755488	0.0502500012516975	17.76172	3.58150005340576
17.778039	0.0480000004172325	17.784271	3.58262515068054
17.800597	0.0448750033974648	17.806835	3.58325028419495
17.823154	0.0450000017881393	17.829391	3.58137512207031
17.845711	0.0451250039041042	17.851964	3.58125019073486
17.868286	0.0433750003576279	17.874519	3.57975006103516
17.890843	0.0451250039041042	17.897091	3.58050012588501
17.913415	0.0460000038146973	17.919648	3.58150005340576
17.935987	0.0465000011026859	17.942222	3.58275008201599
17.958544	0.0480000004172325	17.964771	3.58437514305115
17.981097	0.0506250038743019	17.98733	3.58400011062622
18.00365	0.0455000028014183	18.009888	3.58312511444092
18.026207	0.0462500005960464	18.032455	3.58237528800964
18.048779	0.0412500016391277	18.055011	3.58125019073486
18.071336	0.0457500033080578	18.077583	3.58112525939941
18.09392	0.0450000017881393	18.100157	3.58287525177002
18.116477	0.0471250005066395	18.122727	3.5845000743866
18.139053	0.0517500042915344	18.145285	3.5845000743866
18.161604	0.0458750016987324	18.167837	3.58475017547607
18.184157	0.0451250039041042	18.190395	3.58350014686584
18.206713	0.0458750016987324	18.212946	3.58225011825562
18.229269	0.0452500022947788	18.235502	3.58175015449524
18.251822	0.0452500022947788	18.258059	3.58225011825562
18.274378	0.0452500022947788	18.280616	3.5833752155304
18.296935	0.0465000011026859	18.303186	3.5845000743866
18.319513	0.0488750040531158	18.325746	3.5853750705719
18.342072	0.0463750027120113	18.348309	3.58475017547607
18.364628	0.0458750016987324	18.370866	3.58400011062622
18.387189	0.0455000028014183	18.393422	3.58225011825562
18.409747	0.0460000038146973	18.415979	3.58225011825562
18.432314	0.0456250011920929	18.438552	3.58275008201599
18.45487	0.0453750006854534	18.461103	3.58400011062622
18.477414	0.0472500026226044	18.483648	3.58562517166138
18.499973	0.0481250025331974	18.506205	3.58612513542175
18.522536	0.0458750016987324	18.528775	3.5853750705719
18.545098	0.0456250011920929	18.55133	3.58437514305115
18.567655	0.0443750023841858	18.573893	3.58300018310547
18.590216	0.0453750006854534	18.596449	3.58325028419495
18.612769	0.0457500033080578	18.619002	3.58350014686584
18.635323	0.0440000034868717	18.641598	3.5845000743866
18.657921	0.0481250025331974	18.664155	3.58587527275085
18.680482	0.0467500016093254	18.686715	3.58675026893616
18.703033	0.0460000038146973	18.709266	3.58575010299683
18.725585	0.0456250011920929	18.731824	3.58500027656555
18.748164	0.0458750016987324	18.754397	3.58412528038025
18.770721	0.0447500012814999	18.776954	3.58350014686584
18.793275	0.0470000021159649	18.799512	3.5845000743866
18.815835	0.0452500022947788	18.822069	3.58575010299683
18.838395	0.0481250025331974	18.844627	3.58687520027161
18.86095	0.0468750037252903	18.867186	3.5871250629425
18.883505	0.049125000834465	18.889742	3.58637523651123
18.906061	0.0453750006854534	18.912294	3.58462524414062
18.928629	0.0460000038146973	18.934886	3.58412528038025
18.951212	0.0458750016987324	18.957448	3.58400011062622
18.973786	0.0452500022947788	18.980024	3.5853750705719
18.996344	0.0455000028014183	19.002577	3.5862500667572
19.018904	0.0476250015199184	19.025137	3.58762526512146
19.041456	0.0468750037252903	19.047689	3.58775019645691
19.064009	0.0458750016987324	19.070247	3.58687520027161
19.086565	0.0457500033080578	19.092804	3.585125207901
19.109143	0.0447500012814999	19.115376	3.58500027656555
19.131695	0.0455000028014183	19.137928	3.58487510681152
19.154248	0.0462500005960464	19.160486	3.58550024032593
19.176805	0.0453750006854534	19.183038	3.5871250629425
19.199362	0.0483750030398369	19.205595	3.58775019645691
19.221916	0.0460000038146973	19.228153	3.58787512779236
19.244472	0.0466250032186508	19.250709	3.58700013160706
19.267031	0.0432500019669533	19.273264	3.5860002040863
19.289586	0.0458750016987324	19.295819	3.58550024032593
19.312163	0.0460000038146973	19.318401	3.58562517166138
19.334722	0.0457500033080578	19.340959	3.58575010299683
19.357279	0.0468750037252903	19.363513	3.58787512779236
19.379838	0.0470000021159649	19.386071	3.58887505531311
19.402389	0.0465000011026859	19.408626	3.58812522888184
19.424946	0.0462500005960464	19.431183	3.58725023269653
19.447507	0.0412500016391277	19.45374	3.58612513542175
19.470065	0.0457500033080578	19.476297	3.58550024032593
19.492618	0.0457500033080578	19.498856	3.58612513542175
19.515165	0.0460000038146973	19.521403	3.58762526512146
19.537728	0.0478750020265579	19.543961	3.58837509155273
19.560286	0.0481250025331974	19.566518	3.58875012397766
19.582843	0.0460000038146973	19.58908	3.58887505531311
19.605401	0.0485000014305115	19.611634	3.5871250629425
19.627965	0.0453750006854534	19.634198	3.5862500667572
19.650521	0.0455000028014183	19.656754	3.58575010299683
19.673074	0.0457500033080578	19.679312	3.58637523651123
19.695632	0.0441250018775463	19.701865	3.58812522888184
19.718186	0.0476250015199184	19.724419	3.58900022506714
19.740739	0.0468750037252903	19.746971	3.58962512016296
19.763292	0.0470000021159649	19.76953	3.58925008773804
19.785853	0.0458750016987324	19.792088	3.58787512779236
19.80843	0.0447500012814999	19.814662	3.58725023269653
19.830987	0.0441250018775463	19.837221	3.58650016784668
19.85354	0.0458750016987324	19.859777	3.5871250629425
19.876097	0.0458750016987324	19.882348	3.58862519264221
19.898673	0.0472500026226044	19.904905	3.58962512016296
19.921227	0.0472500026226044	19.927477	3.59012508392334
19.943817	0.0472500026226044	19.950051	3.58937525749207
19.966385	0.0462500005960464	19.972618	3.58837509155273
19.988935	0.0477500036358833	19.995169	3.5862500667572
20.011506	0.0462500005960464	20.01774	3.58650016784668
20.03406	0.0451250039041042	20.040297	3.58775019645691
20.056618	0.0458750016987324	20.062851	3.58900022506714
20.079174	0.0477500036358833	20.085406	3.59050011634827
20.101724	0.0466250032186508	20.107961	3.59050011634827
20.124281	0.0452500022947788	20.130518	3.58937525749207
20.146841	0.0453750006854534	20.153075	3.58812522888184
20.169399	0.0446250028908253	20.175632	3.58700013160706
20.191972	0.0450000017881393	20.198209	3.5871250629425
20.214529	0.0457500033080578	20.220767	3.58887505531311
20.237099	0.0465000011026859	20.243331	3.58962512016296
20.259655	0.0478750020265579	20.265888	3.59037518501282
20.282206	0.0456250011920929	20.288444	3.59075021743774
20.304787	0.0456250011920929	20.311037	3.58925008773804
20.327392	0.0451250039041042	20.333625	3.58862519264221
20.34995	0.0452500022947788	20.356183	3.58750009536743
20.372506	0.0461250022053719	20.378743	3.58775019645691
20.395054	0.0462500005960464	20.401287	3.58862519264221
20.417607	0.0466250032186508	20.423839	3.58987522125244
20.440164	0.048250000923872	20.446396	3.59087514877319
20.462733	0.0456250011920929	20.46897	3.59112524986267
20.485289	0.0458750016987324	20.491526	3.59000015258789
20.507845	0.0436250008642673	20.514078	3.58887505531311
20.530404	0.0445000007748604	20.536637	3.58787512779236
20.552957	0.0461250022053719	20.55919	3.58812522888184
20.575512	0.0453750006854534	20.581745	3.58925008773804
20.598068	0.0476250015199184	20.6043	3.59062528610229
20.620625	0.0478750020265579	20.626857	3.59137511253357
20.643178	0.0456250011920929	20.649416	3.59087514877319
20.665737	0.0450000017881393	20.671971	3.58975005149841
20.688294	0.0446250028908253	20.694527	3.58887505531311
20.710848	0.0455000028014183	20.717099	3.58787512779236
20.733419	0.0452500022947788	20.739656	3.58850026130676
20.755976	0.0443750023841858	20.76221	3.59000015258789
20.778531	0.0472500026226044	20.784763	3.59125018119812
20.801083	0.0475000031292439	20.807316	3.5915002822876
20.823635	0.0463750027120113	20.829868	3.59137511253357
20.846191	0.0453750006854534	20.852424	3.59000015258789
20.868762	0.0447500012814999	20.874994	3.58925008773804
20.891314	0.0451250039041042	20.897547	3.58875012397766
20.913868	0.0461250022053719	20.920105	3.58937525749207
20.936475	0.0448750033974648	20.942763	3.59012508392334
20.959093	0.047375001013279	20.965327	3.59137511253357
20.981658	0.0476250015199184	20.987893	3.59200024604797
21.004213	0.047375001013279	21.010451	3.5915002822876
21.026771	0.0448750033974648	21.033003	3.59012508392334
21.049338	0.0458750016987324	21.05557	3.58937525749207
21.07189	0.0457500033080578	21.078128	3.58912515640259
21.09445	0.0460000038146973	21.100688	3.58975005149841
21.117009	0.0465000011026859	21.123242	3.59062528610229
21.139567	0.0476250015199184	21.145799	3.59187507629395
21.162119	0.0483750030398369	21.168356	3.59200024604797
21.184675	0.0461250022053719	21.190912	3.59137511253357
21.207234	0.0460000038146973	21.213467	3.59000015258789
21.229792	0.0458750016987324	21.236024	3.58937525749207
21.252348	0.0455000028014183	21.258585	3.58950018882751
21.274904	0.0462500005960464	21.281142	3.59012508392334
21.297476	0.0465000011026859	21.303727	3.59087514877319
21.320058	0.0488750040531158	21.32629	3.59250020980835
21.34261	0.0477500036358833	21.348848	3.5926251411438
21.365171	0.0452500022947788	21.371408	3.59212517738342
21.387729	0.0476250015199184	21.393962	3.59025025367737
21.410289	0.0461250022053719	21.416521	3.58975005149841
21.432843	0.0458750016987324	21.43908	3.58987522125244
21.455402	0.0456250011920929	21.461634	3.59025025367737
21.477961	0.0462500005960464	21.484194	3.5926251411438
21.500518	0.0483750030398369	21.506751	3.5932502746582
21.523071	0.0477500036358833	21.529309	3.59287524223328
21.545629	0.0462500005960464	21.551862	3.59200024604797
21.568188	0.0456250011920929	21.57442	3.59037518501282
21.590745	0.0456250011920929	21.596972	3.59000015258789
21.613318	0.0451250039041042	21.619555	3.59000015258789
21.635875	0.0461250022053719	21.642108	3.59100008010864
21.658432	0.0472500026226044	21.664665	3.59275007247925
21.680986	0.0485000014305115	21.687219	3.59337520599365
21.703539	0.0455000028014183	21.709776	3.59275007247925
21.726106	0.0458750016987324	21.732351	3.59225010871887
21.748674	0.0450000017881393	21.754906	3.59012508392334
21.771226	0.0456250011920929	21.777484	3.58975005149841
21.793806	0.0463750027120113	21.800038	3.59025025367737
21.816376	0.0468750037252903	21.82261	3.59187507629395
21.838931	0.0490000024437904	21.845164	3.59312510490417
21.861484	0.0483750030398369	21.867722	3.5935001373291
21.884058	0.0463750027120113	21.890295	3.59300017356873
21.906616	0.0466250032186508	21.912849	3.59125018119812
21.92917	0.0453750006854534	21.935428	3.59087514877319
21.951777	0.0451250039041042	21.958006	3.59012508392334
21.97433	0.0460000038146973	21.980568	3.59062528610229
21.996888	0.0457500033080578	22.003129	3.5926251411438
22.019453	0.0478750020265579	22.025685	3.59337520599365
22.042004	0.048250000923872	22.048241	3.59387516975403
22.064577	0.0457500033080578	22.070814	3.59375023841858
22.087134	0.0462500005960464	22.093363	3.5923752784729
22.109688	0.0430000014603138	22.115921	3.59125018119812
22.132261	0.0460000038146973	22.138499	3.59000015258789
22.154818	0.0456250011920929	22.161056	3.59100008010864
22.177388	0.0465000011026859	22.183621	3.5926251411438
22.199942	0.047375001013279	22.206174	3.59375023841858
22.222493	0.0470000021159649	22.228731	3.59387516975403
22.245063	0.0463750027120113	22.251301	3.5935001373291
22.267611	0.0455000028014183	22.273844	3.59212517738342
22.290168	0.0456250011920929	22.296401	3.59087514877319
22.31274	0.0477500036358833	22.318979	3.59087514877319
22.335301	0.0463750027120113	22.341538	3.5926251411438
22.357874	0.0462500005960464	22.364107	3.59337520599365
22.380431	0.0472500026226044	22.386664	3.59400010108948
22.402983	0.0467500016093254	22.40922	3.5943751335144
22.425554	0.0460000038146973	22.431786	3.59300017356873
22.448107	0.0461250022053719	22.454339	3.59212517738342
22.470665	0.0462500005960464	22.476892	3.59100008010864
22.493216	0.0456250011920929	22.499454	3.5915002822876
22.515773	0.0481250025331974	22.522006	3.59225010871887
22.53833	0.0461250022053719	22.544563	3.59337520599365
22.56089	0.0483750030398369	22.567123	3.59425020217896
22.583441	0.0468750037252903	22.589679	3.59462523460388
22.605999	0.0486250035464764	22.612232	3.5932502746582
22.628557	0.0463750027120113	22.634784	3.5926251411438
22.651112	0.0455000028014183	22.657345	3.5915002822876
22.673664	0.0463750027120113	22.679901	3.59137511253357
22.696221	0.0457500033080578	22.702453	3.59250020980835
22.718769	0.0476250015199184	22.725002	3.5935001373291
22.741329	0.0480000004172325	22.747575	3.59425020217896
22.763896	0.0471250005066395	22.770129	3.59475016593933
22.786451	0.0450000017881393	22.792684	3.59337520599365
22.809022	0.0458750016987324	22.815255	3.5923752784729
22.831585	0.0450000017881393	22.837818	3.5917501449585
22.854139	0.0463750027120113	22.860372	3.59187507629395
22.876691	0.0461250022053719	22.882928	3.59312510490417
22.899247	0.0472500026226044	22.905479	3.59412527084351
22.921819	0.0476250015199184	22.928077	3.59475016593933
22.944414	0.0461250022053719	22.950654	3.59512519836426
22.966988	0.0467500016093254	22.973234	3.5935001373291
22.989559	0.0450000017881393	22.995792	3.5926251411438
23.012114	0.0463750027120113	23.018351	3.59187507629395
23.03467	0.0457500033080578	23.040907	3.59250020980835
23.057237	0.0452500022947788	23.06347	3.59362506866455
23.079794	0.0467500016093254	23.086026	3.59537506103516
23.102349	0.0475000031292439	23.108587	3.59512519836426
23.124906	0.0462500005960464	23.131144	3.59462523460388
23.147476	0.0461250022053719	23.153709	3.59387516975403
23.170033	0.0457500033080578	23.176266	3.59275007247925
23.192583	0.0453750006854534	23.19882	3.59212517738342
23.215138	0.0467500016093254	23.221375	3.59300017356873
23.237694	0.0467500016093254	23.243927	3.5935001373291
23.260253	0.0472500026226044	23.266485	3.59500026702881
23.282805	0.047375001013279	23.289038	3.59550023078918
23.305401	0.0467500016093254	23.311641	3.59475016593933
23.327962	0.0452500022947788	23.334194	3.59387516975403
23.350521	0.0447500012814999	23.356754	3.5926251411438
23.373073	0.0462500005960464	23.37931	3.5923752784729
23.395629	0.0480000004172325	23.401862	3.59250020980835
23.418186	0.0426250025629997	23.424419	3.59400010108948
23.440737	0.0497500039637089	23.446969	3.59525012969971
23.463326	0.0475000031292439	23.469563	3.59600019454956
23.485882	0.0461250022053719	23.492114	3.59462523460388
23.508441	0.0458750016987324	23.514673	3.59375023841858
23.530997	0.0445000007748604	23.53723	3.59250020980835
23.553549	0.047375001013279	23.559787	3.5923752784729
23.576106	0.0457500033080578	23.582349	3.5932502746582
23.598673	0.0465000011026859	23.604905	3.5943751335144
23.621229	0.0486250035464764	23.627473	3.59550023078918
23.643791	0.0477500036358833	23.650029	3.59537506103516
23.66635	0.047375001013279	23.672577	3.59512519836426
23.688904	0.0458750016987324	23.695137	3.5943751335144
23.711462	0.0453750006854534	23.717695	3.5926251411438
23.734014	0.0463750027120113	23.740252	3.59287524223328
23.756561	0.0460000038146973	23.7628	3.59375023841858
23.779125	0.0462500005960464	23.785358	3.59550023078918
23.801686	0.0506250038743019	23.807919	3.59575009346008
23.824239	0.0476250015199184	23.830472	3.59537506103516
23.846794	0.0466250032186508	23.853026	3.59525012969971
23.869346	0.0466250032186508	23.875579	3.59287524223328
23.891899	0.0453750006854534	23.898136	3.59300017356873
23.914449	0.0462500005960464	23.920677	3.59287524223328
23.936999	0.0493750013411045	23.943256	3.59400010108948
23.959583	0.0460000038146973	23.96581	3.59550023078918
23.982126	0.0531250014901161	23.988359	3.59587526321411
24.00468	0.0471250005066395	24.010918	3.59600019454956
24.027243	0.0468750037252903	24.033476	3.59525012969971
24.049802	0.0461250022053719	24.056034	3.59387516975403
24.072359	0.0456250011920929	24.078598	3.59337520599365
24.094917	0.0457500033080578	24.101155	3.5932502746582
24.117476	0.0463750027120113	24.123709	3.59412527084351
24.140033	0.0465000011026859	24.146266	3.59562516212463
24.162586	0.0471250005066395	24.168824	3.59625005722046
24.185142	0.0456250011920929	24.19138	3.59575009346008
24.207702	0.0458750016987324	24.213934	3.59537506103516
24.230259	0.0452500022947788	24.236492	3.5932502746582
24.252833	0.0456250011920929	24.25907	3.59312510490417
24.27539	0.0457500033080578	24.281622	3.59362506866455
24.297942	0.0460000038146973	24.304192	3.59462523460388
24.320523	0.0470000021159649	24.326755	3.59575009346008
24.343075	0.0483750030398369	24.349312	3.59625005722046
24.365632	0.0452500022947788	24.371865	3.59637522697449
24.388193	0.0456250011920929	24.394426	3.59425020217896
24.410753	0.0447500012814999	24.416985	3.59412527084351
24.433335	0.0448750033974648	24.439573	3.5935001373291
24.455893	0.0467500016093254	24.462125	3.59387516975403
24.47845	0.0463750027120113	24.484683	3.59537506103516
24.501006	0.048750001937151	24.507238	3.59612512588501
24.523557	0.0480000004172325	24.529795	3.59675025939941
24.546113	0.0456250011920929	24.55235	3.59637522697449
24.568702	0.0455000028014183	24.574935	3.59475016593933
24.591251	0.0447500012814999	24.597485	3.59450006484985
24.613804	0.0453750006854534	24.620042	3.59362506866455
24.636362	0.0461250022053719	24.642594	3.59425020217896
24.658918	0.0452500022947788	24.665151	3.59612512588501
24.681475	0.049125000834465	24.687708	3.59650015830994
24.704026	0.0478750020265579	24.710263	3.59725022315979
24.726584	0.0465000011026859	24.732839	3.59625005722046
24.749178	0.0460000038146973	24.75541	3.59475016593933
24.771728	0.0461250022053719	24.777965	3.59412527084351
24.794276	0.0441250018775463	24.800515	3.59362506866455
24.816837	0.0451250039041042	24.823069	3.5943751335144
24.839396	0.0462500005960464	24.845628	3.59600019454956
24.861965	0.0486250035464764	24.868202	3.59637522697449
24.884522	0.0461250022053719	24.890759	3.59700012207031
24.907093	0.0455000028014183	24.913327	3.59550023078918
24.929648	0.0452500022947788	24.9359	3.59487509727478
24.952225	0.0457500033080578	24.958464	3.59425020217896
24.97478	0.0463750027120113	24.981013	3.59400010108948
24.997338	0.0455000028014183	25.003572	3.59562516212463
25.019894	0.0465000011026859	25.026127	3.59650015830994
25.042458	0.0478750020265579	25.048691	3.59737515449524
25.065017	0.0476250015199184	25.071255	3.59687519073486
25.08759	0.0472500026226044	25.093823	3.59575009346008
25.110142	0.0453750006854534	25.116375	3.59512519836426
25.132708	0.0451250039041042	25.138946	3.59425020217896
25.155267	0.0465000011026859	25.161504	3.59450006484985
25.177825	0.0466250032186508	25.184058	3.59562516212463
25.200382	0.0471250005066395	25.206614	3.59637522697449
25.222933	0.0475000031292439	25.22917	3.59725022315979
25.245489	0.0461250022053719	25.251722	3.59737515449524
25.26806	0.0463750027120113	25.274292	3.59575009346008
25.290611	0.0450000017881393	25.296844	3.59500026702881
25.313187	0.0456250011920929	25.319426	3.59462523460388
25.335748	0.0442500002682209	25.341981	3.59475016593933
25.358304	0.0466250032186508	25.364537	3.59587526321411
25.380863	0.0472500026226044	25.387096	3.59700012207031
25.403415	0.0475000031292439	25.409653	3.59737515449524
25.425972	0.0500000007450581	25.432204	3.59725022315979
25.448524	0.0463750027120113	25.454757	3.59575009346008
25.471097	0.0452500022947788	25.47733	3.59512519836426
25.493641	0.0457500033080578	25.499874	3.59475016593933
25.516194	0.0466250032186508	25.522452	3.59525012969971
25.538777	0.0467500016093254	25.54501	3.59600019454956
25.561329	0.0481250025331974	25.567599	3.59762525558472
25.583919	0.0476250015199184	25.590157	3.59762525558472
25.606476	0.0470000021159649	25.612709	3.59725022315979
25.629032	0.0460000038146973	25.635264	3.59612512588501
25.651589	0.0452500022947788	25.657822	3.59475016593933
25.674154	0.0457500033080578	25.680392	3.59475016593933
25.69671	0.0466250032186508	25.702943	3.59537506103516
25.719268	0.0462500005960464	25.725501	3.59625005722046
25.74182	0.048750001937151	25.748083	3.59725022315979
25.764406	0.0468750037252903	25.770643	3.59825015068054
25.786962	0.0458750016987324	25.793195	3.59675025939941
25.809523	0.0457500033080578	25.815755	3.59650015830994
25.832075	0.0460000038146973	25.838308	3.59412527084351
25.85463	0.0463750027120113	25.860867	3.59475016593933
25.877189	0.0450000017881393	25.883422	3.59562516212463
25.899748	0.0440000034868717	25.90598	3.59662508964539
25.922296	0.047375001013279	25.928534	3.59825015068054
25.944879	0.0472500026226044	25.951113	3.59812521934509
25.967427	0.0463750027120113	25.973666	3.59700012207031
25.989991	0.0458750016987324	25.996224	3.59625005722046
26.012553	0.0423750020563602	26.01879	3.59462523460388
26.035109	0.0458750016987324	26.041343	3.59525012969971
26.057672	0.0463750027120113	26.063905	3.59612512588501
26.080244	0.0452500022947788	26.086497	3.59737515449524
26.102851	0.0477500036358833	26.109091	3.59825015068054
26.125434	0.0471250005066395	26.131691	3.59775018692017
26.148028	0.0457500033080578	26.154268	3.59725022315979
26.170607	0.0452500022947788	26.176846	3.59550023078918
26.193179	0.0463750027120113	26.199417	3.59525012969971
26.215754	0.0460000038146973	26.221988	3.59525012969971
26.238313	0.0465000011026859	26.244545	3.59600019454956
26.260872	0.0467500016093254	26.267105	3.59700012207031
26.283424	0.0481250025331974	26.289661	3.59812521934509
26.305994	0.0467500016093254	26.312234	3.59800028800964
26.328567	0.0447500012814999	26.3348	3.59700012207031
26.351125	0.0455000028014183	26.357358	3.59562516212463
26.373684	0.0452500022947788	26.379922	3.59500026702881
26.396242	0.0457500033080578	26.402475	3.59537506103516
26.4188	0.0451250039041042	26.425033	3.59687519073486
26.441358	0.048250000923872	26.447591	3.59800028800964
26.463911	0.0483750030398369	26.470148	3.59837508201599
26.486468	0.0457500033080578	26.492701	3.59787511825562
26.509025	0.0463750027120113	26.515257	3.59737515449524
26.531586	0.049125000834465	26.537819	3.59587526321411
26.554153	0.0458750016987324	26.56039	3.59550023078918
26.5767	0.0447500012814999	26.582933	3.59625005722046
26.59926	0.0463750027120113	26.605492	3.59687519073486
26.621811	0.0478750020265579	26.628069	3.59800028800964
26.64439	0.0477500036358833	26.650628	3.59812521934509
26.666946	0.0458750016987324	26.673179	3.59800028800964
26.689503	0.0457500033080578	26.695737	3.59625005722046
26.712061	0.0455000028014183	26.718298	3.59550023078918
26.734618	0.0452500022947788	26.740851	3.59550023078918
26.757188	0.0453750006854534	26.763421	3.59637522697449
26.779746	0.0457500033080578	26.785979	3.59737515449524
26.8023	0.0476250015199184	26.808539	3.59825015068054
26.824858	0.0486250035464764	26.831096	3.59887528419495
26.847416	0.0457500033080578	26.853648	3.59850025177002
26.869973	0.0423750020563602	26.8762	3.59662508964539
26.892522	0.0455000028014183	26.89876	3.59612512588501
26.915079	0.0457500033080578	26.921311	3.59550023078918
26.937692	0.0458750016987324	26.943925	3.59637522697449
26.960251	0.0460000038146973	26.966485	3.59775018692017
26.982841	0.0476250015199184	26.98908	3.59875011444092
27.005403	0.0497500039637089	27.011635	3.59862518310547
27.027963	0.0455000028014183	27.034196	3.59850025177002
27.050522	0.0461250022053719	27.056754	3.59675025939941
27.073073	0.0457500033080578	27.079311	3.59587526321411
27.095631	0.0457500033080578	27.101863	3.59587526321411
27.118187	0.0461250022053719	27.124425	3.59712505340576
27.140753	0.0457500033080578	27.146986	3.59825015068054
27.163328	0.047375001013279	27.16956	3.59887528419495
27.185881	0.0466250032186508	27.192114	3.59912514686584
27.208441	0.0461250022053719	27.214674	3.59750008583069
27.230995	0.0458750016987324	27.237223	3.59662508964539
27.253544	0.0463750027120113	27.259777	3.59587526321411
27.276098	0.0455000028014183	27.282357	3.59612512588501
27.298692	0.0466250032186508	27.30493	3.59712505340576
27.321254	0.0467500016093254	27.327487	3.59850025177002
27.343813	0.0485000014305115	27.35005	3.59912514686584
27.36637	0.0458750016987324	27.372603	3.59887528419495
27.388929	0.0462500005960464	27.395161	3.59762525558472
27.411485	0.0443750023841858	27.417718	3.59675025939941
27.434038	0.0462500005960464	27.440275	3.59587526321411
27.456593	0.0462500005960464	27.462839	3.59625005722046
27.479164	0.0466250032186508	27.485397	3.59800028800964
27.50173	0.0467500016093254	27.507963	3.59837508201599
27.524283	0.0485000014305115	27.53052	3.59950017929077
27.546841	0.0463750027120113	27.553074	3.59912514686584
27.569398	0.0458750016987324	27.57563	3.59787511825562
27.591971	0.0450000017881393	27.598208	3.59675025939941
27.614528	0.0451250039041042	27.620766	3.59562516212463
27.637098	0.0463750027120113	27.643331	3.59675025939941
27.659656	0.0465000011026859	27.665888	3.59787511825562
27.682209	0.0476250015199184	27.688446	3.59875011444092
27.704766	0.0476250015199184	27.711002	3.59925007820129
27.727324	0.0470000021159649	27.733556	3.59912514686584
27.749881	0.0451250039041042	27.756113	3.59775018692017
27.772456	0.0460000038146973	27.778693	3.59662508964539
27.795013	0.0455000028014183	27.801251	3.59625005722046
27.817584	0.0462500005960464	27.823817	3.59700012207031
27.840137	0.0468750037252903	27.84637	3.59800028800964
27.862696	0.048250000923872	27.868933	3.59950017929077
27.885266	0.0478750020265579	27.891504	3.59937524795532
27.907815	0.0468750037252903	27.914048	3.59837508201599
27.930372	0.0467500016093254	27.936618	3.59762525558472
27.952944	0.0486250035464764	27.959177	3.59625005722046
27.975499	0.0462500005960464	27.981732	3.59650015830994
27.998071	0.0463750027120113	28.004303	3.59687519073486
28.020627	0.0468750037252903	28.026859	3.59825015068054
28.043179	0.0480000004172325	28.049416	3.59837508201599
28.065735	0.0477500036358833	28.071973	3.59975028038025
28.088312	0.0461250022053719	28.094545	3.59837508201599
28.110859	0.0460000038146973	28.1171	3.59775018692017
28.13342	0.0457500033080578	28.139657	3.59637522697449
28.155977	0.0460000038146973	28.162209	3.59650015830994
28.178533	0.0460000038146973	28.184766	3.59712505340576
28.201165	0.047375001013279	28.207407	3.59850025177002
28.223733	0.0476250015199184	28.229966	3.59937524795532
28.246287	0.0468750037252903	28.252526	3.59975028038025
28.268854	0.0453750006854534	28.275087	3.59812521934509
28.291403	0.0448750033974648	28.297636	3.59787511825562
28.31396	0.0452500022947788	28.320198	3.59662508964539
28.336522	0.0462500005960464	28.342756	3.59712505340576
28.359077	0.0448750033974648	28.365305	3.59787511825562
28.381621	0.0467500016093254	28.387881	3.5990002155304
28.404203	0.0483750030398369	28.410436	3.5998752117157
28.426773	0.0465000011026859	28.433006	3.59912514686584
28.449331	0.0456250011920929	28.455569	3.59887528419495
28.47189	0.0456250011920929	28.478128	3.59625005722046
28.494449	0.0456250011920929	28.500687	3.59675025939941
28.517006	0.0470000021159649	28.523239	3.59687519073486
28.539569	0.0461250022053719	28.545801	3.59825015068054
28.562133	0.0467500016093254	28.568366	3.59875011444092
28.584691	0.0516250021755695	28.590929	3.59962511062622
28.60725	0.0468750037252903	28.613483	3.59950017929077
28.62981	0.0458750016987324	28.636042	3.59875011444092
28.652364	0.0451250039041042	28.658601	3.59675025939941
28.674921	0.0453750006854534	28.681158	3.59662508964539
28.697478	0.0450000017881393	28.703711	3.59712505340576
28.720026	0.0465000011026859	28.726259	3.59825015068054
28.742578	0.0488750040531158	28.748816	3.59925007820129
28.765136	0.0475000031292439	28.771369	3.60000014305115
28.787702	0.0466250032186508	28.793934	3.59912514686584
28.810262	0.0458750016987324	28.816495	3.59875011444092
28.832834	0.0445000007748604	28.839071	3.59725022315979
28.855391	0.0453750006854534	28.861624	3.59662508964539
28.877935	0.0450000017881393	28.884173	3.59750008583069
28.900499	0.0462500005960464	28.906732	3.59837508201599
28.923052	0.0485000014305115	28.929285	3.59975028038025
28.945632	0.0498750023543835	28.951877	3.6001250743866
28.968209	0.0466250032186508	28.974448	3.59937524795532
28.990776	0.0478750020265579	28.997005	3.59787511825562
29.013334	0.0452500022947788	29.019571	3.59712505340576
29.035891	0.0423750020563602	29.042125	3.59700012207031
29.058451	0.0488750040531158	29.064683	3.59762525558472
29.081008	0.0490000024437904	29.087241	3.59887528419495
29.10356	0.0486250035464764	29.109798	3.59962511062622
29.126117	0.0481250025331974	29.13235	3.6001250743866
29.148677	0.0465000011026859	29.154909	3.59950017929077
29.171234	0.0470000021159649	29.177478	3.59762525558472
29.1938	0.0453750006854534	29.200037	3.59750008583069
29.216356	0.0476250015199184	29.222589	3.59675025939941
29.238914	0.0466250032186508	29.245147	3.59775018692017
29.261471	0.0480000004172325	29.267704	3.59875011444092
29.284023	0.0486250035464764	29.290261	3.5998752117157
29.306617	0.0476250015199184	29.312857	3.59962511062622
29.329194	0.0466250032186508	29.335427	3.59937524795532
29.351748	0.0458750016987324	29.357981	3.59800028800964
29.374303	0.0452500022947788	29.380541	3.59712505340576
29.396864	0.0461250022053719	29.403098	3.59725022315979
29.419424	0.0472500026226044	29.425656	3.59800028800964
29.441977	0.0470000021159649	29.448209	3.59962511062622
29.46453	0.0481250025331974	29.470768	3.60050010681152
29.487103	0.0457500033080578	29.493341	3.60025024414062
29.50966	0.0460000038146973	29.515893	3.59937524795532
29.532216	0.0457500033080578	29.538454	3.59775018692017
29.554774	0.0463750027120113	29.561012	3.59687519073486
29.577332	0.0448750033974648	29.583565	3.59762525558472
29.599885	0.0458750016987324	29.606119	3.59825015068054
29.622461	0.0463750027120113	29.628698	3.59975028038025
29.645019	0.048250000923872	29.651256	3.60050010681152
29.667586	0.0465000011026859	29.673819	3.6001250743866
29.690154	0.0460000038146973	29.696387	3.59850025177002
29.712707	0.0457500033080578	29.718945	3.59787511825562
29.735265	0.0453750006854534	29.741502	3.59737515449524
29.757821	0.0470000021159649	29.764054	3.59762525558472
29.780378	0.0463750027120113	29.78661	3.59887528419495
29.802938	0.0476250015199184	29.809175	3.59975028038025
29.825495	0.0490000024437904	29.831727	3.60050010681152
29.848072	0.0466250032186508	29.854309	3.60000014305115
