Time_sec1	Voltage_A0TG	Time_sec2	Voltage_A1TG
0	0.378000020980835	0.006232	3.62425017356873
0.022548	0.378000020980835	0.02878	3.62550020217896
0.045099	0.381375014781952	0.051347	3.62650012969971
0.067665	0.376500010490417	0.073897	3.62775015830994
0.090223	0.377875030040741	0.096455	3.62725019454956
0.112799	0.379250019788742	0.119036	3.62600016593933
0.135357	0.377625018358231	0.14159	3.62512516975403
0.157936	0.378250032663345	0.164165	3.62437510490417
0.180493	0.378000020980835	0.186727	3.6247501373291
0.203078	0.378875017166138	0.209317	3.62587523460388
0.225638	0.377625018358231	0.231871	3.62775015830994
0.248196	0.37737500667572	0.254424	3.62737512588501
0.270751	0.377250015735626	0.27699	3.62637519836426
0.293314	0.37737500667572	0.299547	3.6256251335144
0.315868	0.377500027418137	0.322126	3.62412524223328
0.338452	0.377750009298325	0.344684	3.62400007247925
0.36101	0.377875030040741	0.367249	3.6247501373291
0.383569	0.380500018596649	0.389801	3.62575006484985
0.40612	0.377875030040741	0.412353	3.62637519836426
0.428673	0.377000004053116	0.434906	3.62725019454956
0.451251	0.377250015735626	0.457484	3.62650012969971
0.473803	0.378375023603439	0.48004	3.62550020217896
0.496362	0.377250015735626	0.502597	3.62462520599365
0.518922	0.377500027418137	0.52516	3.62400007247925
0.541485	0.377250015735626	0.547748	3.62437510490417
0.564067	0.376375019550323	0.570305	3.62587523460388
0.586623	0.379000008106232	0.592856	3.62675023078918
0.609181	0.378250032663345	0.615413	3.62712526321411
0.631736	0.378000020980835	0.637973	3.62587523460388
0.654292	0.380625009536743	0.660525	3.6256251335144
0.676856	0.377500027418137	0.683089	3.62437510490417
0.699414	0.377875030040741	0.705647	3.6238751411438
0.721967	0.378375023603439	0.728205	3.62462520599365
0.744525	0.378625005483627	0.750762	3.6256251335144
0.767081	0.378750026226044	0.773315	3.62687516212463
0.789641	0.37737500667572	0.795873	3.62662506103516
0.812198	0.377750009298325	0.818436	3.62587523460388
0.834769	0.379250019788742	0.841006	3.62437510490417
0.857336	0.377250015735626	0.863569	3.62437510490417
0.879894	0.377500027418137	0.886126	3.62350010871887
0.902446	0.381375014781952	0.908683	3.62500023841858
0.925002	0.378000020980835	0.93125	3.62575006484985
0.94757	0.379375010728836	0.953802	3.62675023078918
0.970126	0.378125011920929	0.976358	3.62662506103516
0.992677	0.377875030040741	0.998915	3.62587523460388
1.015235	0.37737500667572	1.021468	3.62425017356873
1.037791	0.37737500667572	1.044023	3.62375020980835
1.060347	0.379125028848648	1.066579	3.62412524223328
1.082898	0.378250032663345	1.089136	3.6247501373291
1.105455	0.376750022172928	1.111687	3.62587523460388
1.128011	0.378750026226044	1.134239	3.62687516212463
1.150579	0.378750026226044	1.156816	3.62662506103516
1.173131	0.378000020980835	1.179364	3.6256251335144
1.195686	0.378000020980835	1.201935	3.62375020980835
1.218267	0.377500027418137	1.224499	3.62400007247925
1.240825	0.378375023603439	1.247059	3.62437510490417
1.263381	0.378875017166138	1.269618	3.62487506866455
1.285941	0.378750026226044	1.292169	3.62625026702881
1.308496	0.378375023603439	1.314729	3.62637519836426
1.331055	0.377750009298325	1.337288	3.62612509727478
1.353607	0.377500027418137	1.359844	3.62537527084351
1.376164	0.377250015735626	1.382397	3.62412524223328
1.398725	0.377875030040741	1.404958	3.62325024604797
1.421287	0.377500027418137	1.42754	3.62412524223328
1.443864	0.378625005483627	1.450096	3.62525010108948
1.466416	0.380125015974045	1.472649	3.62600016593933
1.48897	0.378500014543533	1.495203	3.62675023078918
1.511524	0.378250032663345	1.517756	3.62612509727478
1.534097	0.376125007867813	1.540335	3.62437510490417
1.556672	0.377250015735626	1.562905	3.6238751411438
1.57923	0.378500014543533	1.585467	3.62287521362305
1.601789	0.377625018358231	1.608026	3.61962509155273
1.624346	0.323500007390976	1.630583	3.5917501449585
1.646902	0.272125005722046	1.653136	3.49400019645691
1.669459	0.228125005960464	1.675692	3.3333752155304
1.692014	0.184625014662743	1.698253	3.16275024414062
1.714573	0.148000001907349	1.720811	2.99612522125244
1.737142	0.10987500846386	1.743375	2.86600017547607
1.759712	0.078625001013279	1.765945	2.76037502288818
1.782267	0.0517500042915344	1.7885	2.6863751411438
1.80482	0.0290000010281801	1.811058	2.62962508201599
1.827377	0.0120000001043081	1.833609	2.59025001525879
1.849933	0.006375000346452	1.856166	2.56012511253357
1.872508	0.0020000000949949	1.878745	2.53787517547607
1.895063	0.00150000001303852	1.901296	2.52050018310547
1.917627	0.000500000023748726	1.923859	2.50912523269653
1.940186	0.00162500003352761	1.946418	2.50087523460388
1.962737	0.000625000044237822	1.968975	2.49687504768372
1.985295	0.00187500007450581	1.991529	2.49500012397766
2.007853	0.00362500012852252	2.014085	2.49425005912781
2.030409	0.00237500015646219	2.036642	2.49325013160706
2.052985	0.00112500006798655	2.059222	2.49187517166138
2.075541	0.000250000011874363	2.081774	2.49212503433228
2.09809	0.00562500022351742	2.104322	2.49175000190735
2.120648	0.00125000008847564	2.12688	2.49275016784668
2.143199	0.000875000027008355	2.149437	2.49500012397766
2.165784	0.00312500004656613	2.172025	2.49737501144409
2.188364	0.00787500012665987	2.194597	2.49900007247925
2.210923	0.00150000001303852	2.217156	2.5
2.233476	0.00175000005401671	2.239713	2.50037503242493
2.256025	0.000125000005937181	2.262263	2.4991250038147
2.278592	0.000250000011874363	2.284824	2.49950003623962
2.30115	0.000750000006519258	2.307383	2.49987506866455
2.323718	0.00137500010896474	2.329955	2.50225019454956
2.346279	0.00312500004656613	2.352512	2.50262522697449
2.36884	0.00387500016950071	2.375072	2.50350022315979
2.391392	0.000625000044237822	2.397628	2.50237512588501
2.413947	0.000625000044237822	2.420185	2.50087523460388
2.436504	0.000375000003259629	2.442738	2.49925017356873
2.459061	0.000500000023748726	2.465294	2.49812507629395
2.48163	0.000875000027008355	2.487867	2.49825000762939
2.504215	0.000500000023748726	2.510455	2.4988751411438
2.526866	0.00275000021792948	2.533106	2.49937510490417
2.549435	0.00387500016950071	2.555668	2.4980001449585
2.571989	0.00150000001303852	2.578226	2.49700021743774
2.594549	0.00137500010896474	2.600782	2.49525022506714
2.617103	-0.000125000005937181	2.623336	2.49462509155273
2.639656	0.00112500006798655	2.645888	2.49212503433228
2.662226	0.00100000004749745	2.668464	2.49262523651123
2.6848	0.00112500006798655	2.691037	2.4933750629425
2.707357	0.00325000006705523	2.71359	2.49437522888184
2.729918	0.00275000021792948	2.73615	2.49412512779236
2.75247	0.00237500015646219	2.758707	2.49300003051758
2.775032	0.00112500006798655	2.781265	2.49275016784668
2.797584	-0.000625000044237822	2.803817	2.49312520027161
2.820141	0.000875000027008355	2.826375	2.49300003051758
2.842694	0.00100000004749745	2.848932	2.49600005149841
2.865266	0.000500000023748726	2.871499	2.49762511253357
2.887814	0.00325000006705523	2.894047	2.50112509727478
2.910371	0.00362500012852252	2.916603	2.50287508964539
2.932923	0.00112500006798655	2.939156	2.50500011444092
2.955475	0.000875000027008355	2.961727	2.50775003433228
2.978051	-0.000250000011874363	2.984284	2.51162505149841
3.000607	0.00112500006798655	3.006853	2.51612520217896
3.023188	0.00462500005960464	3.029425	2.52312517166138
3.045736	0.002125000115484	3.051969	2.53062510490417
3.068294	0.00437500001862645	3.074526	2.5402500629425
3.09085	0.00262500019744039	3.097083	2.54887509346008
3.113403	0.000250000011874363	3.11964	2.55812501907349
3.13595	0.000375000003259629	3.142188	2.5686252117157
3.15853	-0.000625000044237822	3.164758	2.58100008964539
3.181077	0.00250000017695129	3.187305	2.59500002861023
3.203643	0.000375000003259629	3.209881	2.61175012588501
3.226201	0.00175000005401671	3.23244	2.62975001335144
3.248766	0.00375000014901161	3.255003	2.6478750705719
3.271328	0.0022500001359731	3.277562	2.6652500629425
3.293874	0.00100000004749745	3.300112	2.68350005149841
3.316434	0.000750000006519258	3.322667	2.70237517356873
3.338991	0.000500000023748726	3.345223	2.72100019454956
3.361542	0.000750000006519258	3.367779	2.7425000667572
3.384101	0.00137500010896474	3.390333	2.76212501525879
3.406668	0.00362500012852252	3.412901	2.78262519836426
3.429226	0.00375000014901161	3.435458	2.80250024795532
3.451778	0.002125000115484	3.458015	2.82025003433228
3.474337	0.00112500006798655	3.480574	2.8371250629425
3.496896	0.000500000023748726	3.503128	2.85412502288818
3.519453	0.000375000003259629	3.52571	2.86937522888184
3.542031	0.00100000004749745	3.548269	2.88687515258789
3.564588	0.000125000005937181	3.570826	2.90200018882751
3.587149	0.00237500015646219	3.593382	2.91875004768372
3.609703	0.00400000018998981	3.615935	2.93300008773804
3.632258	0.00237500015646219	3.638496	2.94600009918213
3.654815	0.00162500003352761	3.661049	2.95775008201599
3.67737	-0.000125000005937181	3.683603	2.96950006484985
3.699923	0.00375000014901161	3.706156	2.98012518882751
3.722497	0.00162500003352761	3.728729	2.99187517166138
3.745052	0.000625000044237822	3.751285	3.00300025939941
3.767605	0.00287500023841858	3.773843	3.01487517356873
3.79017	0.00187500007450581	3.796402	3.02875018119812
3.812721	0	3.818959	3.03587508201599
3.835278	0.000750000006519258	3.841529	3.04362511634827
3.857853	0.00100000004749745	3.864085	3.05162525177002
3.880409	0.0020000000949949	3.886641	3.0613751411438
3.902981	0.0022500001359731	3.909218	3.06987524032593
3.925539	0.00275000021792948	3.931771	3.08025026321411
3.948095	0.00600000005215406	3.954327	3.08987522125244
3.970651	0.00575000047683716	3.976885	3.09887504577637
3.993204	0.00787500012665987	3.999442	3.10725021362305
4.01576	0.00512500014156103	4.021993	3.11512517929077
4.038315	0.0020000000949949	4.044547	3.12287521362305
4.06087	0.00475000031292439	4.067103	3.13250017166138
4.083422	0.00812500063329935	4.089659	3.14062523841858
4.105976	0.00762500055134296	4.112214	3.15087509155273
4.128538	0.0102500002831221	4.134771	3.16012525558472
4.151117	0.00800000037997961	4.157378	3.16850018501282
4.173707	0.00824999995529652	4.179947	3.17587518692017
4.196274	0.0130000002682209	4.202508	3.18287515640259
4.218835	0.00962500087916851	4.225068	3.18987512588501
4.241387	0.0108750006183982	4.247629	3.19862508773804
4.263947	0.0108750006183982	4.270185	3.20662522315979
4.286506	0.0108750006183982	4.292739	3.21587514877319
4.309063	0.0132500007748604	4.315296	3.22337508201599
4.331642	0.0120000001043081	4.33787	3.23075008392334
4.354185	0.0133750010281801	4.360418	3.23687505722046
4.37676	0.0123750008642673	4.382993	3.2422502040863
4.399317	0.0123750008642673	4.40555	3.2480001449585
4.421895	0.0133750010281801	4.428136	3.25500011444092
4.444482	0.0140000004321337	4.450722	3.26175022125244
4.467053	0.0157500002533197	4.473287	3.26887512207031
4.489608	0.0166250001639128	4.49584	3.27500009536743
4.51216	0.0182500015944242	4.518393	3.28000020980835
4.534751	0.0147500010207295	4.54099	3.28387522697449
4.557316	0.0143750002607703	4.563543	3.2885000705719
4.579873	0.0150000005960464	4.586106	3.29250025749207
4.602425	0.0167500004172325	4.608663	3.29787516593933
4.624982	0.016125001013279	4.631215	3.3041250705719
4.647539	0.0191250015050173	4.653772	3.30937504768372
4.670096	0.0197500009089708	4.676328	3.31425023078918
4.692647	0.0175000000745058	4.698884	3.31787514686584
4.715203	0.0182500015944242	4.721438	3.32075023651123
4.737765	0.0182500015944242	4.743999	3.32375025749207
4.760324	0.0183749999850988	4.766557	3.32750010490417
4.782889	0.019250001758337	4.789127	3.33162522315979
4.805451	0.0187500007450581	4.811684	3.33662509918213
4.828006	0.0213750004768372	4.834238	3.34075021743774
4.850558	0.0223750006407499	4.85679	3.34512519836426
4.873109	0.0187500007450581	4.879347	3.34800004959106
4.895681	0.0191250015050173	4.901927	3.3501250743866
4.918246	0.0222500003874302	4.924478	3.35250020027161
4.940806	0.0203750003129244	4.947052	3.35525012016296
4.963372	0.0210000015795231	4.96961	3.3591251373291
4.98593	0.0212500002235174	4.992162	3.36412525177002
5.008486	0.024125000461936	5.014718	3.3675000667572
5.031041	0.0247500017285347	5.037274	3.37112522125244
5.053592	0.0215000007301569	5.05983	3.3736252784729
5.076148	0.0220000017434359	5.082397	3.37512516975403
5.098733	0.0220000017434359	5.104966	3.37725019454956
5.12128	0.0221250001341105	5.127514	3.38012504577637
5.143834	0.0235000010579824	5.150078	3.38462519645691
5.166421	0.0237500015646219	5.172655	3.38812518119812
5.18898	0.0242500007152557	5.195213	3.39262509346008
5.211534	0.0266250018030405	5.217771	3.39525008201599
5.234091	0.0227500014007092	5.240329	3.39725017547607
5.256648	0.0235000010579824	5.262883	3.39900016784668
5.279211	0.0235000010579824	5.285444	3.40162515640259
5.301774	0.0253750011324883	5.308011	3.40412521362305
5.324332	0.0245000012218952	5.330569	3.40812516212463
5.346889	0.0251250006258488	5.353122	3.41225028038025
5.369449	0.0286250021308661	5.375676	3.41625022888184
5.392017	0.0243750009685755	5.398254	3.41875004768372
5.414574	0.0242500007152557	5.420812	3.42062520980835
5.437141	0.0252500008791685	5.443374	3.42225027084351
5.459695	0.026375001296401	5.465928	3.42450022697449
5.482248	0.0267500020563602	5.488486	3.42775011062622
5.504808	0.026375001296401	5.511045	3.43175005912781
5.527386	0.0272500012069941	5.533619	3.43537521362305
5.549961	0.0267500020563602	5.556193	3.43937516212463
5.572515	0.0257500018924475	5.578752	3.44175004959106
5.595073	0.0271250009536743	5.601306	3.44325017929077
5.617628	0.0262500010430813	5.62386	3.44462513923645
5.640185	0.0265000015497208	5.646417	3.44712519645691
5.662736	0.0268750004470348	5.668973	3.45062518119812
5.685293	0.0262500010430813	5.691529	3.45425009727478
5.707868	0.0295000020414591	5.7141	3.45800018310547
5.73042	0.0301250014454126	5.736652	3.46062517166138
5.753002	0.0286250021308661	5.759239	3.46225023269653
5.775559	0.0275000017136335	5.781792	3.46437525749207
5.798118	0.027750002220273	5.804351	3.46500015258789
5.820676	0.0310000013560057	5.826909	3.4676251411438
5.84323	0.0282500013709068	5.849462	3.47162508964539
5.865781	0.0282500013709068	5.872015	3.47462511062622
5.888345	0.0298750009387732	5.894579	3.47787523269653
5.9109	0.0306250005960464	5.917141	3.48062515258789
5.933463	0.0292500015348196	5.939696	3.48187518119812
5.956016	0.0291250012814999	5.962254	3.48262524604797
5.978576	0.0290000010281801	5.984808	3.48425006866455
6.001131	0.0303750019520521	6.007359	3.48562526702881
6.02368	0.0288750007748604	6.029912	3.48925018310547
6.046236	0.0301250014454126	6.052468	3.49212527275085
6.068793	0.0318750031292439	6.075026	3.49550008773804
6.091348	0.0313750021159649	6.097581	3.49762511253357
6.113901	0.0295000020414591	6.120138	3.4988751411438
6.136458	0.0302500016987324	6.142691	3.4995002746582
6.159033	0.0287500005215406	6.165266	3.50012516975403
6.181595	0.0303750019520521	6.187835	3.50200009346008
6.204156	0.0305000022053719	6.210394	3.50487518310547
6.226719	0.0308750011026859	6.232952	3.50762510299683
6.249278	0.0325000025331974	6.255505	3.51062512397766
6.271832	0.0322500020265579	6.278071	3.51225018501282
6.29439	0.031750001013279	6.300628	3.51275014877319
6.316948	0.0305000022053719	6.323181	3.51237511634827
6.339505	0.0306250005960464	6.345738	3.51412510871887
6.362057	0.0308750011026859	6.368295	3.51612520217896
6.384614	0.0316250026226044	6.390851	3.51825022697449
6.407174	0.031750001013279	6.413402	3.52125024795532
6.429729	0.0336250029504299	6.435961	3.5235002040863
6.452282	0.035375002771616	6.458519	3.5237500667572
6.47484	0.03125	6.481078	3.52500009536743
6.497388	0.0306250005960464	6.503626	3.52525019645691
6.519965	0.0325000025331974	6.526205	3.52625012397766
6.542526	0.0322500020265579	6.548764	3.52800011634827
6.565082	0.0315000005066395	6.571315	3.5301251411438
6.587639	0.0327500030398369	6.593872	3.53287506103516
6.610208	0.034000001847744	6.616441	3.53475022315979
6.632759	0.0325000025331974	6.638997	3.53487515449524
6.655317	0.0320000015199184	6.66155	3.53587508201599
6.677874	0.0307500008493662	6.684106	3.53537511825562
6.700431	0.0329999998211861	6.706663	3.53637528419495
6.722985	0.032625000923872	6.729223	3.538250207901
6.745553	0.0323750004172325	6.751786	3.54012513160706
6.768111	0.0342500023543835	6.774348	3.54275012016296
6.790673	0.034875001758337	6.796907	3.54412508010864
6.813228	0.0328750014305115	6.819465	3.54525017738342
6.835785	0.0318750031292439	6.842018	3.5448751449585
6.858344	0.0323750004172325	6.864576	3.54450011253357
6.8809	0.0323750004172325	6.887139	3.54562520980835
6.903457	0.032625000923872	6.909694	3.54712510108948
6.926014	0.032625000923872	6.932247	3.54937505722046
6.94857	0.034875001758337	6.954802	3.55162525177002
6.971125	0.0345000028610229	6.977358	3.55225014686584
6.993678	0.0338750034570694	6.999911	3.55312514305115
7.016232	0.0333750024437904	7.022465	3.55362510681152
7.038789	0.0323750004172325	7.045023	3.55275011062622
7.061343	0.033125001937151	7.067576	3.55362510681152
7.083896	0.0338750034570694	7.090129	3.55525016784668
7.106447	0.033500000834465	7.11268	3.55762505531311
7.129007	0.0396250002086163	7.135234	3.55950021743774
7.151588	0.034875001758337	7.157836	3.56012511253357
7.174162	0.0368750020861626	7.180395	3.56000018119812
7.196718	0.0333750024437904	7.20295	3.55912518501282
7.219276	0.0336250029504299	7.225508	3.55950021743774
7.241828	0.033500000834465	7.248065	3.5602502822876
7.264385	0.0342500023543835	7.270623	3.56212520599365
7.286944	0.0328750014305115	7.293177	3.56425023078918
7.309505	0.0355000011622906	7.315738	3.56587505340576
7.332058	0.0351250022649765	7.338296	3.56662511825562
7.354619	0.034000001847744	7.360856	3.56662511825562
7.377176	0.0336250029504299	7.38341	3.56550025939941
7.399735	0.0337500013411045	7.405967	3.56562519073486
7.422309	0.0336250029504299	7.428548	3.56637525558472
7.444867	0.0336250029504299	7.451105	3.56825017929077
7.467426	0.0351250022649765	7.473659	3.57012510299683
7.489987	0.0367499999701977	7.496219	3.57137513160706
7.512538	0.034875001758337	7.518776	3.57225012779236
7.535113	0.0356250032782555	7.541365	3.57187509536743
7.557688	0.0329999998211861	7.563921	3.57100009918213
7.580245	0.0337500013411045	7.586477	3.5715000629425
7.602798	0.034000001847744	7.609036	3.57200026512146
7.625359	0.0345000028610229	7.631596	3.57387518882751
7.647935	0.0361250005662441	7.654167	3.5758752822876
7.670492	0.0360000021755695	7.676724	3.57712507247925
7.693011	0.0366250015795231	7.699248	3.57725024223328
7.715568	0.0346250012516975	7.721801	3.57637524604797
7.738126	0.034000001847744	7.744358	3.57575011253357
7.760682	0.034000001847744	7.766915	3.57575011253357
7.783236	0.0346250012516975	7.789473	3.57662510871887
7.805792	0.0357500016689301	7.812025	3.57912516593933
7.828354	0.0365000031888485	7.834586	3.58037519454956
7.850911	0.0373750030994415	7.857143	3.58100008964539
7.87346	0.0342500023543835	7.879698	3.58150005340576
7.896017	0.0337500013411045	7.90225	3.58037519454956
7.918575	0.0345000028610229	7.924807	3.58037519454956
7.941132	0.0336250029504299	7.947365	3.58025026321411
7.963685	0.0343750007450581	7.969922	3.58150005340576
7.986241	0.0342500023543835	7.992498	3.58312511444092
8.00882	0.0411250032484531	8.015052	3.58437514305115
8.031374	0.0357500016689301	8.037607	3.58487510681152
8.053929	0.0392500013113022	8.060167	3.58525013923645
8.076487	0.0355000011622906	8.08272	3.58462524414062
8.09904	0.034000001847744	8.105272	3.58375024795532
8.121591	0.0358750000596046	8.127824	3.58412528038025
8.144142	0.031750001013279	8.150392	3.58462524414062
8.166762	0.0356250032782555	8.172996	3.58725023269653
8.18933	0.0367499999701977	8.195564	3.58837509155273
8.21189	0.0365000031888485	8.218128	3.58900022506714
8.234447	0.0355000011622906	8.240684	3.58775019645691
8.257004	0.0322500020265579	8.263237	3.58687520027161
8.279565	0.0343750007450581	8.285798	3.58687520027161
8.302123	0.036250002682209	8.30836	3.58700013160706
8.324684	0.034875001758337	8.330922	3.58887505531311
8.347251	0.0363750010728836	8.353484	3.59025025367737
8.369809	0.0365000031888485	8.376041	3.59075021743774
8.39236	0.0358750000596046	8.398598	3.59137511253357
8.414918	0.0355000011622906	8.421155	3.59050011634827
8.437475	0.034000001847744	8.443707	3.59000015258789
8.460031	0.034875001758337	8.466263	3.58925008773804
8.482597	0.0343750007450581	8.488834	3.58975005149841
8.505158	0.0358750000596046	8.51139	3.5915002822876
8.527748	0.036250002682209	8.533987	3.5926251411438
8.550318	0.0373750030994415	8.556551	3.59362506866455
8.572887	0.0360000021755695	8.579126	3.59412527084351
8.595449	0.0386250019073486	8.601682	3.5923752784729
8.618007	0.0329999998211861	8.62424	3.59212517738342
8.640564	0.0351250022649765	8.646797	3.59137511253357
8.663122	0.0342500023543835	8.669359	3.5923752784729
8.685692	0.037125002592802	8.691927	3.59425020217896
8.708247	0.0368750020861626	8.71448	3.59487509727478
8.730806	0.0365000031888485	8.73705	3.59575009346008
8.75337	0.0356250032782555	8.759607	3.59600019454956
8.775932	0.0352500006556511	8.782165	3.59462523460388
8.79849	0.0351250022649765	8.804722	3.59400010108948
8.821047	0.0341250002384186	8.827279	3.59375023841858
8.843597	0.034875001758337	8.849835	3.59425020217896
8.866167	0.0352500006556511	8.872399	3.59575009346008
8.888715	0.0377500019967556	8.894948	3.59687519073486
8.911268	0.037125002592802	8.9175	3.59825015068054
8.933818	0.0386250019073486	8.940056	3.59712505340576
8.956377	0.0355000011622906	8.96261	3.59625005722046
8.978934	0.0343750007450581	8.985166	3.59475016593933
9.001485	0.0352500006556511	9.007743	3.59512519836426
9.024064	0.035375002771616	9.030297	3.59625005722046
9.046617	0.0358750000596046	9.05285	3.59812521934509
9.06917	0.0375000014901161	9.075402	3.59925007820129
9.091727	0.0361250005662441	9.097961	3.59925007820129
9.114282	0.0351250022649765	9.120514	3.59837508201599
9.136825	0.0350000001490116	9.143058	3.59775018692017
9.159406	0.0347500033676624	9.165635	3.59637522697449
9.181954	0.0356250032782555	9.188192	3.59662508964539
9.204529	0.0356250032782555	9.210766	3.59725022315979
9.227086	0.035375002771616	9.233325	3.59887528419495
9.249651	0.0372500009834766	9.255884	3.59962511062622
9.272224	0.0366250015795231	9.278462	3.60037517547607
9.294783	0.0351250022649765	9.301021	3.59950017929077
9.31734	0.0352500006556511	9.323573	3.59812521934509
9.339897	0.035375002771616	9.346131	3.59737515449524
9.362454	0.0403750017285347	9.368692	3.59775018692017
9.385025	0.0352500006556511	9.391257	3.59837508201599
9.407576	0.0382500030100346	9.413809	3.60000014305115
9.430134	0.0381250008940697	9.436367	3.6010000705719
9.452687	0.036250002682209	9.458925	3.60125017166138
9.475243	0.0360000021755695	9.481475	3.5998752117157
9.497799	0.0343750007450581	9.504031	3.59912514686584
9.520362	0.0350000001490116	9.5266	3.59825015068054
9.542923	0.0351250022649765	9.549162	3.59862518310547
9.565487	0.0361250005662441	9.571732	3.59950017929077
9.588057	0.0370000004768372	9.594289	3.60087513923645
9.610609	0.037125002592802	9.616874	3.60175013542175
9.633201	0.036250002682209	9.639438	3.60150027275085
9.655758	0.0352500006556511	9.661991	3.60050010681152
9.678316	0.035375002771616	9.684548	3.59925007820129
9.700871	0.0350000001490116	9.707104	3.59887528419495
9.723422	0.0355000011622906	9.72966	3.59975028038025
9.745982	0.0355000011622906	9.752215	3.60037517547607
9.76854	0.0367499999701977	9.774778	3.60200023651123
9.791106	0.0383750014007092	9.797339	3.60212516784668
9.813658	0.0368750020861626	9.819895	3.60112524032593
9.836215	0.036250002682209	9.842448	3.60062527656555
9.858774	0.035375002771616	9.865007	3.59950017929077
9.881325	0.0350000001490116	9.887558	3.59962511062622
9.903877	0.035375002771616	9.910115	3.5998752117157
9.926436	0.0368750020861626	9.932668	3.6010000705719
9.948992	0.037625003606081	9.955219	3.60250020027161
9.97154	0.037625003606081	9.977778	3.60287523269653
9.994098	0.0363750010728836	10.000335	3.60200023651123
10.016654	0.0346250012516975	10.022886	3.60150027275085
10.039211	0.0351250022649765	10.045443	3.5998752117157
10.061762	0.0357500016689301	10.067999	3.59925007820129
10.084319	0.0357500016689301	10.090556	3.60037517547607
10.106878	0.0366250015795231	10.113112	3.6016252040863
10.129439	0.0377500019967556	10.135672	3.60262513160706
10.152022	0.0381250008940697	10.15827	3.60312509536743
10.174593	0.0361250005662441	10.180832	3.60250020027161
10.197181	0.0358750000596046	10.203419	3.60037517547607
10.219742	0.0347500033676624	10.225975	3.6001250743866
10.242305	0.0367499999701977	10.248538	3.6001250743866
10.264857	0.0360000021755695	10.271095	3.6010000705719
10.287433	0.0381250008940697	10.293666	3.60200023651123
10.309986	0.0383750014007092	10.316219	3.60250020027161
10.332541	0.0375000014901161	10.338778	3.60312509536743
10.355099	0.0357500016689301	10.361347	3.60262513160706
10.377667	0.0360000021755695	10.383899	3.60087513923645
10.400223	0.0378750003874302	10.406456	3.60025024414062
10.422803	0.0361250005662441	10.429041	3.60050010681152
10.445359	0.0356250032782555	10.451591	3.60125017166138
10.467915	0.0367499999701977	10.474148	3.60287523269653
10.490485	0.0386250019073486	10.496718	3.60325026512146
10.513004	0.0370000004768372	10.519242	3.60325026512146
10.535585	0.0367499999701977	10.541818	3.60262513160706
10.558144	0.0370000004768372	10.564377	3.60112524032593
10.580699	0.0355000011622906	10.586933	3.60050010681152
10.603252	0.0358750000596046	10.60949	3.600750207901
10.625809	0.0355000011622906	10.632042	3.60137510299683
10.648366	0.0380000025033951	10.654594	3.60300016403198
10.67093	0.0381250008940697	10.677163	3.60337519645691
10.693482	0.0368750020861626	10.699719	3.60212516784668
10.716038	0.0356250032782555	10.722271	3.60237526893616
10.738591	0.0357500016689301	10.744823	3.600750207901
10.761148	0.0345000028610229	10.767381	3.60025024414062
10.783708	0.0365000031888485	10.789945	3.60050010681152
10.806263	0.0368750020861626	10.812506	3.6018750667572
10.82883	0.0373750030994415	10.835062	3.60325026512146
10.851381	0.0377500019967556	10.857628	3.60375022888184
10.873962	0.0363750010728836	10.880201	3.60350012779236
10.896521	0.036250002682209	10.902753	3.60212516784668
10.919078	0.0361250005662441	10.92531	3.6010000705719
10.941637	0.0352500006556511	10.947874	3.60050010681152
10.964193	0.0373750030994415	10.970431	3.60087513923645
10.986765	0.0370000004768372	10.992998	3.60212516784668
11.009323	0.0380000025033951	11.015555	3.60312509536743
11.031874	0.0390000008046627	11.038111	3.60400009155273
11.054432	0.0360000021755695	11.06067	3.60325026512146
11.077002	0.0356250032782555	11.083234	3.60200023651123
11.099554	0.034875001758337	11.105786	3.600750207901
11.122124	0.036250002682209	11.128361	3.6001250743866
11.14468	0.0363750010728836	11.150931	3.60125017166138
11.167256	0.0380000025033951	11.173484	3.60237526893616
11.1898	0.0386250019073486	11.196032	3.60350012779236
11.212352	0.0383750014007092	11.218589	3.60362505912781
11.234909	0.0358750000596046	11.241146	3.60300016403198
11.257471	0.0352500006556511	11.263705	3.60150027275085
11.280041	0.0356250032782555	11.286275	3.60087513923645
11.30269	0.034875001758337	11.308924	3.60050010681152
11.325248	0.0360000021755695	11.331481	3.60125017166138
11.347802	0.0365000031888485	11.354035	3.6027500629425
11.370361	0.0388750024139881	11.376593	3.60350012779236
11.392913	0.0368750020861626	11.399146	3.60375022888184
11.415464	0.0407500006258488	11.421703	3.60237526893616
11.438044	0.0350000001490116	11.444276	3.60125017166138
11.460597	0.035375002771616	11.46683	3.60037517547607
11.483151	0.0363750010728836	11.489388	3.60050010681152
11.505708	0.037125002592802	11.511941	3.60175013542175
11.528283	0.038500003516674	11.534515	3.60287523269653
11.550841	0.0396250002086163	11.557073	3.60362505912781
11.573394	0.0370000004768372	11.579631	3.60312509536743
11.595954	0.0366250015795231	11.602187	3.6018750667572
11.618508	0.0356250032782555	11.624742	3.60112524032593
11.641069	0.0356250032782555	11.647303	3.600750207901
11.663622	0.0361250005662441	11.66986	3.60087513923645
11.686179	0.036250002682209	11.692407	3.60175013542175
11.708734	0.0383750014007092	11.714966	3.6027500629425
11.731285	0.0388750024139881	11.73754	3.60337519645691
11.753857	0.0392500013113022	11.760095	3.60337519645691
11.776421	0.0358750000596046	11.78266	3.6016252040863
11.798991	0.0342500023543835	11.805223	3.6010000705719
11.821542	0.0368750020861626	11.827775	3.60025024414062
11.844096	0.0366250015795231	11.850334	3.60062527656555
11.866654	0.037625003606081	11.872887	3.60200023651123
11.889212	0.0378750003874302	11.895444	3.60250020027161
11.911764	0.0382500030100346	11.918002	3.60312509536743
11.934321	0.0363750010728836	11.940558	3.60312509536743
11.956878	0.036250002682209	11.963111	3.60150027275085
11.979449	0.0360000021755695	11.985681	3.60087513923645
12.002017	0.0360000021755695	12.00825	3.60025024414062
12.024569	0.0356250032782555	12.030807	3.600750207901
12.047142	0.0358750000596046	12.053375	3.60200023651123
12.069698	0.0378750003874302	12.07593	3.60287523269653
12.092249	0.0375000014901161	12.098487	3.60362505912781
12.114806	0.0375000014901161	12.121043	3.60225009918213
12.137362	0.0358750000596046	12.143595	3.60150027275085
12.159945	0.0360000021755695	12.16618	3.6001250743866
12.182543	0.0350000001490116	12.188776	3.6001250743866
12.205098	0.0388750024139881	12.211357	3.6010000705719
12.227679	0.0363750010728836	12.233912	3.60212516784668
12.250237	0.0375000014901161	12.25647	3.60337519645691
12.272807	0.037125002592802	12.27905	3.60337519645691
12.295373	0.0370000004768372	12.30163	3.60225009918213
12.317955	0.0363750010728836	12.324187	3.60150027275085
12.340511	0.0355000011622906	12.346767	3.59950017929077
12.363086	0.0351250022649765	12.36932	3.60025024414062
12.385643	0.0363750010728836	12.391876	3.6016252040863
12.408204	0.0373750030994415	12.414436	3.60212516784668
12.430756	0.0388750024139881	12.436989	3.60312509536743
12.453313	0.0367499999701977	12.459546	3.60312509536743
12.475857	0.036250002682209	12.482095	3.60200023651123
12.498411	0.0393750034272671	12.504644	3.60025024414062
12.520975	0.0361250005662441	12.527252	3.6001250743866
12.5436	0.0365000031888485	12.549838	3.6001250743866
12.566157	0.0363750010728836	12.572393	3.60112524032593
12.588723	0.037625003606081	12.594955	3.60237526893616
12.611281	0.0378750003874302	12.617514	3.60287523269653
12.633834	0.0367499999701977	12.640071	3.60262513160706
12.656382	0.0373750030994415	12.662615	3.60175013542175
12.67894	0.035375002771616	12.685173	3.60062527656555
12.701493	0.0382500030100346	12.707731	3.59950017929077
12.724051	0.0375000014901161	12.730288	3.60025024414062
12.746623	0.0370000004768372	12.752856	3.60125017166138
12.769172	0.0390000008046627	12.77542	3.60262513160706
12.791745	0.0390000008046627	12.797983	3.60325026512146
12.814303	0.0405000001192093	12.82054	3.60212516784668
12.836861	0.0356250032782555	12.843094	3.6016252040863
12.859419	0.0357500016689301	12.865652	3.59962511062622
12.881972	0.036250002682209	12.888209	3.59975028038025
12.904528	0.0365000031888485	12.910765	3.60000014305115
12.927087	0.0360000021755695	12.93332	3.60112524032593
12.949644	0.0401250012218952	12.955876	3.60262513160706
12.972219	0.0432500019669533	12.978456	3.60300016403198
12.994775	0.0361250005662441	13.001012	3.60200023651123
13.017341	0.036250002682209	13.023574	3.60125017166138
13.039898	0.0357500016689301	13.046131	3.60000014305115
13.062449	0.036250002682209	13.068687	3.59962511062622
13.085005	0.035375002771616	13.091253	3.60050010681152
13.107574	0.0367499999701977	13.113806	3.60212516784668
13.130131	0.0386250019073486	13.136359	3.6027500629425
13.152711	0.0381250008940697	13.158961	3.6027500629425
13.175286	0.0347500033676624	13.181529	3.6018750667572
13.197861	0.0358750000596046	13.204094	3.6010000705719
13.220419	0.0387500002980232	13.226651	3.59950017929077
13.242992	0.036250002682209	13.249229	3.59950017929077
13.265548	0.0363750010728836	13.271786	3.60062527656555
13.288111	0.0370000004768372	13.294343	3.60212516784668
13.310683	0.0390000008046627	13.316916	3.60250020027161
13.333238	0.0380000025033951	13.339476	3.60312509536743
13.355799	0.0346250012516975	13.362033	3.60225009918213
13.378359	0.0363750010728836	13.384591	3.60050010681152
13.400914	0.0351250022649765	13.407147	3.59975028038025
13.423465	0.0363750010728836	13.429702	3.59975028038025
13.44602	0.037125002592802	13.452252	3.60087513923645
13.468576	0.0368750020861626	13.474809	3.60200023651123
13.491131	0.0390000008046627	13.497364	3.60312509536743
13.513685	0.0372500009834766	13.519918	3.60237526893616
13.536249	0.0361250005662441	13.542499	3.60150027275085
13.558819	0.0351250022649765	13.565052	3.60037517547607
13.581381	0.035375002771616	13.58763	3.5998752117157
13.603942	0.0370000004768372	13.610174	3.60062527656555
13.626494	0.0361250005662441	13.632727	3.600750207901
13.649056	0.0366250015795231	13.655289	3.60175013542175
13.671638	0.0390000008046627	13.677876	3.6027500629425
13.694186	0.0358750000596046	13.700424	3.60225009918213
13.716767	0.0363750010728836	13.723	3.600750207901
13.739325	0.0365000031888485	13.745557	3.6001250743866
13.761878	0.0357500016689301	13.768115	3.59925007820129
13.784444	0.0383750014007092	13.790682	3.5998752117157
13.807002	0.0373750030994415	13.813235	3.60137510299683
13.829558	0.0378750003874302	13.835791	3.60212516784668
13.852123	0.0390000008046627	13.858361	3.60250020027161
13.874681	0.0363750010728836	13.880918	3.60200023651123
13.897252	0.0366250015795231	13.903489	3.60050010681152
13.919814	0.0345000028610229	13.926046	3.5998752117157
13.94237	0.0363750010728836	13.948609	3.59912514686584
13.964929	0.0360000021755695	13.971166	3.59950017929077
13.987485	0.0365000031888485	13.993718	3.6010000705719
14.010043	0.0402500033378601	14.016275	3.60237526893616
14.032598	0.038500003516674	14.038835	3.60262513160706
14.055169	0.037125002592802	14.061401	3.6018750667572
14.077741	0.0368750020861626	14.083974	3.60050010681152
14.100299	0.0347500033676624	14.106531	3.60000014305115
14.12285	0.0370000004768372	14.129087	3.59937524795532
14.145406	0.0377500019967556	14.151658	3.60000014305115
14.167983	0.037125002592802	14.174211	3.60112524032593
14.190546	0.0388750024139881	14.19678	3.6018750667572
14.213104	0.0372500009834766	14.219341	3.60237526893616
14.23566	0.0415000021457672	14.241892	3.60137510299683
14.258218	0.0381250008940697	14.264451	3.60037517547607
14.280777	0.0375000014901161	14.287009	3.59912514686584
14.30333	0.036250002682209	14.309567	3.5990002155304
14.325886	0.0368750020861626	14.33212	3.60025024414062
14.348442	0.037625003606081	14.354674	3.6016252040863
14.370997	0.038500003516674	14.377247	3.60137510299683
14.393569	0.0372500009834766	14.399806	3.60250020027161
14.416137	0.0366250015795231	14.42237	3.60050010681152
14.438694	0.036250002682209	14.444927	3.5998752117157
14.461251	0.0357500016689301	14.467483	3.5990002155304
14.483802	0.0365000031888485	14.490039	3.59937524795532
14.506357	0.0370000004768372	14.512596	3.59962511062622
14.528952	0.0377500019967556	14.535185	3.60150027275085
14.551507	0.0387500002980232	14.557745	3.60250020027161
14.57406	0.0363750010728836	14.580299	3.60175013542175
14.596625	0.037125002592802	14.602858	3.60112524032593
14.619181	0.0358750000596046	14.625413	3.5998752117157
14.641734	0.0361250005662441	14.647967	3.59887528419495
14.664288	0.0370000004768372	14.67052	3.5990002155304
14.686834	0.0365000031888485	14.693067	3.59962511062622
14.709386	0.0380000025033951	14.715618	3.60175013542175
14.731937	0.0405000001192093	14.738176	3.60200023651123
14.754512	0.0365000031888485	14.760749	3.60212516784668
14.777074	0.0361250005662441	14.783306	3.60062527656555
14.799634	0.0400000028312206	14.805866	3.59962511062622
14.822187	0.035375002771616	14.828425	3.59862518310547
14.844745	0.0360000021755695	14.850983	3.59912514686584
14.867303	0.0360000021755695	14.873535	3.60062527656555
14.889859	0.0386250019073486	14.896092	3.60250020027161
14.912412	0.0378750003874302	14.918649	3.60250020027161
14.934968	0.036250002682209	14.941205	3.60125017166138
14.957541	0.0368750020861626	14.963774	3.60037517547607
14.980098	0.0358750000596046	14.98633	3.5990002155304
15.002651	0.0361250005662441	15.008888	3.59875011444092
15.025207	0.0363750010728836	15.03144	3.59975028038025
15.047764	0.037625003606081	15.053996	3.60062527656555
15.07032	0.0386250019073486	15.076553	3.60175013542175
15.092884	0.0378750003874302	15.099122	3.60225009918213
15.115441	0.0361250005662441	15.121674	3.60087513923645
15.138001	0.037125002592802	15.144233	3.60025024414062
15.160585	0.0363750010728836	15.166815	3.59837508201599
15.183133	0.0367499999701977	15.189371	3.59887528419495
15.205692	0.0363750010728836	15.211927	3.5998752117157
15.228248	0.0360000021755695	15.234476	3.60062527656555
15.250798	0.0386250019073486	15.257028	3.60212516784668
15.273347	0.0396250002086163	15.279579	3.60200023651123
15.295891	0.0400000028312206	15.302129	3.600750207901
15.318454	0.0367499999701977	15.324686	3.60000014305115
15.341021	0.0352500006556511	15.347254	3.59837508201599
15.363573	0.0365000031888485	15.36981	3.59887528419495
15.386131	0.0367499999701977	15.392364	3.6001250743866
15.408688	0.037125002592802	15.414921	3.6010000705719
15.431252	0.0377500019967556	15.437484	3.60212516784668
15.453802	0.0380000025033951	15.46004	3.60212516784668
15.476359	0.0358750000596046	15.482595	3.60062527656555
15.498919	0.036250002682209	15.505152	3.5998752117157
15.521497	0.0358750000596046	15.527742	3.59850025177002
15.544064	0.0366250015795231	15.550302	3.59975028038025
15.566623	0.0370000004768372	15.572856	3.5998752117157
15.589181	0.0366250015795231	15.595413	3.60112524032593
15.611733	0.0378750003874302	15.617971	3.60212516784668
15.634291	0.0366250015795231	15.640529	3.60125017166138
15.656855	0.037125002592802	15.663087	3.60087513923645
15.679413	0.0360000021755695	15.685652	3.59825015068054
15.701975	0.034875001758337	15.708207	3.59862518310547
15.724518	0.0357500016689301	15.730756	3.59862518310547
15.747078	0.0361250005662441	15.753318	3.60000014305115
15.76964	0.0380000025033951	15.775867	3.60137510299683
15.792198	0.037625003606081	15.798431	3.60200023651123
15.814752	0.0366250015795231	15.82099	3.60150027275085
15.837344	0.036250002682209	15.843576	3.60062527656555
15.8599	0.0363750010728836	15.866132	3.5990002155304
15.882457	0.0363750010728836	15.888695	3.59862518310547
15.905015	0.0407500006258488	15.911248	3.59887528419495
15.927566	0.0329999998211861	15.933799	3.5998752117157
15.950123	0.0383750014007092	15.956355	3.60137510299683
15.972676	0.037625003606081	15.978913	3.60225009918213
15.995233	0.0368750020861626	16.001466	3.60137510299683
16.017786	0.036250002682209	16.024024	3.6001250743866
16.040367	0.0356250032782555	16.046599	3.59875011444092
16.062919	0.0361250005662441	16.069151	3.59850025177002
16.085472	0.036250002682209	16.091705	3.59950017929077
16.108029	0.036250002682209	16.114262	3.60062527656555
16.130585	0.0378750003874302	16.136818	3.6018750667572
16.153155	0.0382500030100346	16.159391	3.60200023651123
16.175707	0.035375002771616	16.181956	3.60112524032593
16.198287	0.0363750010728836	16.20452	3.5990002155304
16.220845	0.0351250022649765	16.227083	3.59862518310547
16.24342	0.0361250005662441	16.249658	3.59850025177002
16.265969	0.0357500016689301	16.272225	3.59950017929077
16.288551	0.0358750000596046	16.294783	3.6010000705719
16.311108	0.0382500030100346	16.317342	3.60175013542175
16.333661	0.037125002592802	16.339898	3.600750207901
16.356217	0.0366250015795231	16.36245	3.6010000705719
16.378774	0.0363750010728836	16.385007	3.59912514686584
16.401326	0.0356250032782555	16.407559	3.59875011444092
16.423877	0.0358750000596046	16.430115	3.59912514686584
16.446438	0.0363750010728836	16.452671	3.59975028038025
16.468994	0.0392500013113022	16.475227	3.6010000705719
16.491548	0.0386250019073486	16.497785	3.60150027275085
16.514105	0.037625003606081	16.520361	3.60150027275085
16.536687	0.0368750020861626	16.54292	3.60050010681152
16.559245	0.0358750000596046	16.565477	3.5990002155304
16.581797	0.0365000031888485	16.588034	3.59862518310547
16.604354	0.0357500016689301	16.610592	3.5990002155304
16.626915	0.0365000031888485	16.633149	3.59962511062622
16.649475	0.0368750020861626	16.655702	3.6010000705719
16.672023	0.0381250008940697	16.678261	3.6018750667572
16.694581	0.0372500009834766	16.700819	3.60125017166138
16.717142	0.0356250032782555	16.723374	3.6001250743866
16.739694	0.0360000021755695	16.745926	3.5990002155304
16.762246	0.0360000021755695	16.768483	3.59875011444092
16.784811	0.0363750010728836	16.791045	3.59875011444092
16.807369	0.0360000021755695	16.813596	3.60000014305115
16.829932	0.0387500002980232	16.836165	3.60112524032593
16.852516	0.0411250032484531	16.85875	3.6016252040863
16.875071	0.0365000031888485	16.881304	3.60125017166138
16.897639	0.036250002682209	16.903877	3.59950017929077
16.920198	0.0351250022649765	16.926425	3.59887528419495
16.94275	0.0363750010728836	16.948988	3.59812521934509
16.965308	0.0363750010728836	16.971541	3.59887528419495
16.987868	0.0360000021755695	16.9941	3.60087513923645
17.010424	0.0381250008940697	17.016657	3.60125017166138
17.032999	0.0391250029206276	17.039236	3.60225009918213
17.055555	0.0361250005662441	17.061788	3.60150027275085
17.078111	0.0382500030100346	17.084343	3.59962511062622
17.100667	0.0342500023543835	17.1069	3.59887528419495
17.123234	0.0351250022649765	17.129472	3.59837508201599
17.145794	0.0365000031888485	17.152052	3.59925007820129
17.168381	0.0355000011622906	17.174613	3.600750207901
17.190935	0.0383750014007092	17.197169	3.60150027275085
17.213492	0.0377500019967556	17.21973	3.6016252040863
17.236049	0.0351250022649765	17.242281	3.600750207901
17.258605	0.0366250015795231	17.264837	3.5990002155304
17.281172	0.0360000021755695	17.287405	3.59862518310547
17.303724	0.035375002771616	17.309962	3.59862518310547
17.326286	0.0363750010728836	17.332519	3.59912514686584
17.348844	0.0370000004768372	17.355076	3.60037517547607
17.371394	0.0388750024139881	17.377628	3.60137510299683
17.393948	0.0361250005662441	17.400186	3.6016252040863
17.416505	0.0361250005662441	17.422738	3.60112524032593
17.439064	0.0373750030994415	17.445296	3.59937524795532
17.461635	0.0391250029206276	17.467867	3.59750008583069
17.484188	0.036250002682209	17.490425	3.59862518310547
17.506764	0.0363750010728836	17.512997	3.60087513923645
17.529337	0.0377500019967556	17.535569	3.60062527656555
17.551891	0.038500003516674	17.558128	3.60125017166138
17.574448	0.0367499999701977	17.580685	3.60112524032593
17.597004	0.0365000031888485	17.603237	3.59937524795532
17.619561	0.0351250022649765	17.625794	3.59937524795532
17.642129	0.0363750010728836	17.648366	3.59850025177002
17.664702	0.0363750010728836	17.67094	3.59875011444092
17.687255	0.036250002682209	17.693487	3.60000014305115
17.709814	0.0387500002980232	17.716046	3.60112524032593
17.732365	0.0381250008940697	17.738603	3.60125017166138
17.754923	0.0357500016689301	17.76116	3.60175013542175
17.777482	0.0356250032782555	17.783716	3.6001250743866
17.800039	0.0360000021755695	17.806271	3.5990002155304
17.822598	0.0360000021755695	17.828835	3.59850025177002
17.845158	0.0373750030994415	17.851386	3.59850025177002
17.867734	0.0356250032782555	17.873967	3.6001250743866
17.890289	0.0375000014901161	17.896522	3.6010000705719
17.912842	0.0387500002980232	17.919075	3.60225009918213
17.935387	0.0367499999701977	17.941652	3.60125017166138
17.95797	0.0358750000596046	17.964203	3.59962511062622
17.980523	0.0363750010728836	17.986773	3.59887528419495
18.003096	0.0358750000596046	18.009334	3.59862518310547
18.025653	0.0372500009834766	18.031886	3.5990002155304
18.048212	0.0363750010728836	18.054444	3.60037517547607
18.070768	0.0378750003874302	18.077001	3.60150027275085
18.093321	0.037625003606081	18.099558	3.6018750667572
18.115887	0.0370000004768372	18.122121	3.60112524032593
18.138446	0.0367499999701977	18.144678	3.5998752117157
18.161026	0.0350000001490116	18.167261	3.59875011444092
18.183595	0.035375002771616	18.189833	3.59875011444092
18.206155	0.0363750010728836	18.212398	3.59937524795532
18.228725	0.0361250005662441	18.234958	3.60050010681152
18.251278	0.0372500009834766	18.25751	3.6016252040863
18.273835	0.0370000004768372	18.280072	3.60175013542175
18.296392	0.0366250015795231	18.302625	3.6001250743866
18.318949	0.0367499999701977	18.325182	3.59950017929077
18.341502	0.0368750020861626	18.347739	3.59887528419495
18.364061	0.0329999998211861	18.370298	3.59862518310547
18.386633	0.0363750010728836	18.392884	3.59975028038025
18.409198	0.0377500019967556	18.415431	3.60112524032593
18.431751	0.0382500030100346	18.437988	3.6016252040863
18.454308	0.0365000031888485	18.46054	3.60175013542175
18.47686	0.0346250012516975	18.483092	3.60037517547607
18.499416	0.034875001758337	18.505648	3.59950017929077
18.52198	0.034875001758337	18.528224	3.59812521934509
18.544545	0.0360000021755695	18.550784	3.59850025177002
18.567109	0.0356250032782555	18.573342	3.6001250743866
18.589667	0.0370000004768372	18.595899	3.60125017166138
18.612221	0.0383750014007092	18.618458	3.60212516784668
18.634777	0.037125002592802	18.641015	3.60212516784668
18.657341	0.0363750010728836	18.663574	3.60050010681152
18.679899	0.0360000021755695	18.686131	3.59875011444092
18.70245	0.0361250005662441	18.708687	3.59862518310547
18.725006	0.036250002682209	18.731249	3.59950017929077
18.747571	0.0358750000596046	18.753804	3.60037517547607
18.770129	0.0377500019967556	18.776361	3.600750207901
18.792683	0.0377500019967556	18.798921	3.60225009918213
18.81524	0.0365000031888485	18.821472	3.600750207901
18.837796	0.037125002592802	18.844029	3.60025024414062
18.860353	0.037125002592802	18.866585	3.59887528419495
18.882904	0.036250002682209	18.889142	3.59862518310547
18.905468	0.036250002682209	18.911706	3.60000014305115
18.928027	0.0367499999701977	18.934261	3.60037517547607
18.950584	0.0383750014007092	18.956816	3.60125017166138
18.973133	0.038500003516674	18.979373	3.60175013542175
18.995695	0.0360000021755695	19.001928	3.60087513923645
19.01825	0.0367499999701977	19.024513	3.60062527656555
19.040894	0.0361250005662441	19.047185	3.59925007820129
19.063566	0.0358750000596046	19.069826	3.59862518310547
19.0862	0.036250002682209	19.092433	3.59962511062622
19.108756	0.0361250005662441	19.114984	3.60062527656555
19.131308	0.0400000028312206	19.137584	3.60200023651123
19.153934	0.0401250012218952	19.16017	3.60150027275085
19.17649	0.0372500009834766	19.182719	3.60137510299683
19.199048	0.0368750020861626	19.205281	3.59950017929077
19.221602	0.0351250022649765	19.227839	3.59887528419495
19.244159	0.0356250032782555	19.250396	3.59825015068054
19.266719	0.034875001758337	19.272963	3.59975028038025
19.289314	0.0361250005662441	19.295546	3.60125017166138
19.311863	0.0387500002980232	19.3181	3.60200023651123
19.334421	0.0360000021755695	19.340658	3.60225009918213
19.356977	0.036250002682209	19.36321	3.600750207901
19.379534	0.0361250005662441	19.385766	3.59937524795532
19.402085	0.0356250032782555	19.408322	3.5990002155304
19.42464	0.0367499999701977	19.430877	3.5990002155304
19.447198	0.0361250005662441	19.453431	3.6001250743866
19.469756	0.0381250008940697	19.475988	3.6018750667572
19.492318	0.0388750024139881	19.498561	3.6016252040863
19.514884	0.0372500009834766	19.521134	3.60137510299683
19.537475	0.0381250008940697	19.543713	3.600750207901
19.560039	0.036250002682209	19.566271	3.59925007820129
19.582598	0.0355000011622906	19.588835	3.59875011444092
19.605155	0.0346250012516975	19.611382	3.59950017929077
19.627741	0.0361250005662441	19.633974	3.60037517547607
19.650302	0.0401250012218952	19.656534	3.60125017166138
19.672853	0.0386250019073486	19.679091	3.60200023651123
19.695412	0.0367499999701977	19.701645	3.60150027275085
19.717969	0.0363750010728836	19.724201	3.600750207901
19.740525	0.0360000021755695	19.746762	3.59912514686584
19.763079	0.0357500016689301	19.769317	3.59862518310547
19.785657	0.0357500016689301	19.79189	3.59950017929077
19.808217	0.0356250032782555	19.81445	3.60062527656555
19.830776	0.0382500030100346	19.837009	3.60200023651123
19.853329	0.0381250008940697	19.859562	3.60212516784668
19.875881	0.0360000021755695	19.882119	3.6016252040863
19.898444	0.0361250005662441	19.904676	3.6001250743866
19.920996	0.0352500006556511	19.927246	3.59937524795532
19.943567	0.0365000031888485	19.949804	3.59975028038025
19.966123	0.0375000014901161	19.972356	3.5998752117157
19.98868	0.0372500009834766	19.994913	3.60125017166138
20.011251	0.0388750024139881	20.017485	3.60175013542175
20.033809	0.0383750014007092	20.040041	3.6018750667572
20.056364	0.0360000021755695	20.062598	3.60175013542175
20.078919	0.035375002771616	20.085152	3.59950017929077
20.101477	0.031750001013279	20.10773	3.59937524795532
20.124041	0.0363750010728836	20.130274	3.59912514686584
20.146594	0.0352500006556511	20.152841	3.5998752117157
20.16918	0.0368750020861626	20.175409	3.6010000705719
20.191752	0.0380000025033951	20.19799	3.60200023651123
20.214312	0.0373750030994415	20.22055	3.60200023651123
20.23687	0.0355000011622906	20.243103	3.60087513923645
20.259427	0.0363750010728836	20.26566	3.59962511062622
20.282	0.0366250015795231	20.288238	3.5990002155304
20.304558	0.0367499999701977	20.310796	3.59950017929077
20.327143	0.0355000011622906	20.333371	3.59962511062622
20.349699	0.037625003606081	20.355926	3.6018750667572
20.372248	0.0387500002980232	20.378486	3.6016252040863
20.394804	0.0367499999701977	20.401041	3.60200023651123
20.417361	0.0357500016689301	20.423594	3.60050010681152
20.439918	0.037125002592802	20.44615	3.5998752117157
20.462468	0.0355000011622906	20.468706	3.59912514686584
20.485024	0.0363750010728836	20.491256	3.59925007820129
20.507575	0.0373750030994415	20.513808	3.60087513923645
20.530177	0.0380000025033951	20.53641	3.6016252040863
20.552727	0.0383750014007092	20.558965	3.60225009918213
20.575288	0.0365000031888485	20.581528	3.60212516784668
20.597852	0.0365000031888485	20.604084	3.6010000705719
20.620408	0.0372500009834766	20.626641	3.59975028038025
20.642985	0.0358750000596046	20.649222	3.59912514686584
20.665542	0.0363750010728836	20.671775	3.59975028038025
20.688099	0.0356250032782555	20.694332	3.600750207901
20.71067	0.0383750014007092	20.716903	3.60150027275085
20.733222	0.0381250008940697	20.739455	3.60200023651123
20.755774	0.0402500033378601	20.762015	3.60225009918213
20.778354	0.0366250015795231	20.784586	3.60062527656555
20.800912	0.0351250022649765	20.807145	3.59937524795532
20.823465	0.0363750010728836	20.829703	3.59937524795532
20.846021	0.0365000031888485	20.852255	3.59962511062622
20.86858	0.0368750020861626	20.874813	3.60112524032593
20.891151	0.0386250019073486	20.897384	3.6018750667572
20.913694	0.037125002592802	20.919927	3.60250020027161
20.936249	0.0358750000596046	20.942499	3.60150027275085
20.958824	0.0395000018179417	20.965056	3.60025024414062
20.981377	0.0358750000596046	20.98763	3.59925007820129
21.00395	0.0365000031888485	21.010187	3.59887528419495
21.026506	0.036250002682209	21.032739	3.6001250743866
21.049063	0.0360000021755695	21.05529	3.60125017166138
21.071635	0.0383750014007092	21.077873	3.60250020027161
21.094194	0.037125002592802	21.100426	3.60250020027161
21.116766	0.0363750010728836	21.122999	3.6016252040863
21.139313	0.0367499999701977	21.145547	3.60025024414062
21.161869	0.0360000021755695	21.168102	3.59912514686584
21.184442	0.0363750010728836	21.190676	3.59950017929077
21.206991	0.036250002682209	21.213224	3.60037517547607
21.229553	0.0363750010728836	21.235787	3.6016252040863
21.252131	0.0392500013113022	21.258369	3.60237526893616
21.274694	0.0382500030100346	21.280932	3.60237526893616
21.297253	0.0365000031888485	21.303485	3.60150027275085
21.319809	0.0365000031888485	21.326042	3.60062527656555
21.342361	0.0361250005662441	21.348599	3.59912514686584
21.364919	0.0351250022649765	21.371156	3.59962511062622
21.387475	0.0358750000596046	21.393708	3.60087513923645
21.410046	0.0375000014901161	21.416279	3.6027500629425
21.432599	0.0407500006258488	21.438832	3.6027500629425
21.455153	0.0382500030100346	21.461385	3.60200023651123
21.477705	0.0368750020861626	21.483937	3.6010000705719
21.500262	0.0363750010728836	21.506494	3.60037517547607
21.522826	0.0360000021755695	21.529069	3.59950017929077
21.545391	0.0363750010728836	21.551638	3.600750207901
21.567962	0.0358750000596046	21.574194	3.60087513923645
21.590535	0.0382500030100346	21.596768	3.60225009918213
21.613079	0.038500003516674	21.619312	3.60250020027161
21.635631	0.037125002592802	21.641865	3.6018750667572
21.658188	0.0381250008940697	21.664421	3.60125017166138
21.680745	0.0356250032782555	21.686977	3.6001250743866
21.703296	0.0347500033676624	21.709534	3.59975028038025
21.725853	0.0368750020861626	21.732085	3.60000014305115
21.748409	0.0360000021755695	21.754641	3.60112524032593
21.770966	0.0382500030100346	21.777198	3.60237526893616
21.793532	0.0383750014007092	21.79977	3.6027500629425
21.81609	0.0366250015795231	21.822323	3.6018750667572
21.838649	0.0363750010728836	21.844881	3.6010000705719
21.861202	0.0356250032782555	21.867436	3.59937524795532
21.883757	0.0366250015795231	21.889995	3.59912514686584
21.906313	0.0363750010728836	21.912546	3.60037517547607
21.928871	0.0365000031888485	21.935103	3.60137510299683
21.951437	0.0377500019967556	21.95767	3.60237526893616
21.973989	0.037625003606081	21.980227	3.60312509536743
21.99656	0.0361250005662441	22.002796	3.60200023651123
22.019113	0.0367499999701977	22.025345	3.60087513923645
22.04167	0.0367499999701977	22.047908	3.5998752117157
22.064227	0.0366250015795231	22.070464	3.59937524795532
22.086783	0.037125002592802	22.09301	3.60025024414062
22.109337	0.0367499999701977	22.115569	3.60200023651123
22.131889	0.0393750034272671	22.138127	3.60287523269653
22.154467	0.0387500002980232	22.160703	3.60350012779236
22.177023	0.0377500019967556	22.183265	3.60225009918213
22.199597	0.0358750000596046	22.205831	3.6001250743866
22.222152	0.0352500006556511	22.228389	3.59962511062622
22.244709	0.0365000031888485	22.250946	3.59937524795532
22.267274	0.0365000031888485	22.27352	3.600750207901
22.289846	0.0418750010430813	22.296079	3.60175013542175
22.312399	0.0396250002086163	22.318632	3.60287523269653
22.334958	0.0367499999701977	22.341195	3.60225009918213
22.35754	0.0366250015795231	22.363772	3.6016252040863
22.380092	0.037625003606081	22.386325	3.6001250743866
22.402644	0.0356250032782555	22.408882	3.60000014305115
22.4252	0.0366250015795231	22.431437	3.60000014305115
22.447761	0.0365000031888485	22.453993	3.600750207901
22.470317	0.037125002592802	22.476549	3.60250020027161
22.492882	0.0387500002980232	22.499119	3.60337519645691
22.515438	0.0370000004768372	22.521689	3.6027500629425
22.538035	0.0370000004768372	22.544267	3.60175013542175
22.560591	0.0355000011622906	22.566824	3.6001250743866
22.583146	0.037125002592802	22.589383	3.59975028038025
22.605702	0.0377500019967556	22.611935	3.6001250743866
22.62826	0.0370000004768372	22.634493	3.60137510299683
22.650817	0.038500003516674	22.657084	3.60262513160706
22.673411	0.0390000008046627	22.679649	3.60212516784668
22.695968	0.0370000004768372	22.702216	3.60250020027161
22.718543	0.0337500013411045	22.724776	3.6010000705719
22.741101	0.0356250032782555	22.747338	3.60025024414062
22.763658	0.0365000031888485	22.769896	3.59962511062622
22.786218	0.0361250005662441	22.792451	3.60037517547607
22.808778	0.0360000021755695	22.81501	3.60137510299683
22.831347	0.0382500030100346	22.83758	3.60225009918213
22.853899	0.0382500030100346	22.860137	3.60287523269653
22.876456	0.0405000001192093	22.88269	3.60300016403198
22.89902	0.0365000031888485	22.905253	3.6010000705719
22.921573	0.0366250015795231	22.927807	3.60000014305115
22.944129	0.036250002682209	22.950367	3.60000014305115
22.966687	0.0363750010728836	22.972919	3.60050010681152
22.989244	0.0361250005662441	22.995477	3.60200023651123
23.011797	0.0380000025033951	23.018035	3.60287523269653
23.034354	0.0392500013113022	23.040591	3.60287523269653
23.056902	0.0358750000596046	23.063136	3.60212516784668
23.079463	0.0363750010728836	23.085696	3.60087513923645
23.102019	0.0400000028312206	23.108251	3.60000014305115
23.124572	0.0380000025033951	23.13081	3.6001250743866
23.147145	0.0365000031888485	23.153403	3.60062527656555
23.169741	0.0370000004768372	23.175975	3.60250020027161
23.192306	0.0382500030100346	23.198544	3.60312509536743
23.214863	0.0370000004768372	23.221101	3.6027500629425
23.23742	0.0366250015795231	23.243653	3.60087513923645
23.259976	0.0355000011622906	23.266214	3.60087513923645
23.28254	0.0358750000596046	23.288772	3.5998752117157
23.305097	0.0363750010728836	23.311349	3.60000014305115
23.327667	0.0368750020861626	23.333901	3.6018750667572
23.350222	0.0396250002086163	23.356455	3.60212516784668
23.372787	0.0387500002980232	23.379019	3.60237526893616
23.39534	0.0373750030994415	23.401572	3.60312509536743
23.4179	0.0367499999701977	23.424133	3.6016252040863
23.440457	0.0352500006556511	23.446689	3.60087513923645
23.463011	0.0355000011622906	23.469248	3.59975028038025
23.485567	0.0370000004768372	23.4918	3.60025024414062
23.508125	0.0367499999701977	23.514357	3.60175013542175
23.530686	0.0393750034272671	23.536916	3.60312509536743
23.553238	0.0387500002980232	23.559476	3.60375022888184
23.575794	0.0363750010728836	23.582033	3.60337519645691
23.598374	0.036250002682209	23.604606	3.60175013542175
23.62093	0.0358750000596046	23.627164	3.600750207901
23.643484	0.0367499999701977	23.649722	3.6001250743866
23.66604	0.0363750010728836	23.672273	3.60062527656555
23.688596	0.0358750000596046	23.694829	3.60212516784668
23.711153	0.0377500019967556	23.717386	3.60262513160706
23.733706	0.038500003516674	23.739943	3.60325026512146
23.756262	0.036250002682209	23.762506	3.60312509536743
23.778846	0.0370000004768372	23.785078	3.60175013542175
23.801393	0.0355000011622906	23.80763	3.60062527656555
23.823951	0.0373750030994415	23.830188	3.60037517547607
23.846508	0.0361250005662441	23.852741	3.60062527656555
23.869066	0.0373750030994415	23.875299	3.60250020027161
23.891636	0.0381250008940697	23.897873	3.60350012779236
23.914192	0.0372500009834766	23.920429	3.60350012779236
23.936762	0.0367499999701977	23.942994	3.60287523269653
23.959319	0.0377500019967556	23.965551	3.6018750667572
23.981884	0.0358750000596046	23.988122	3.60000014305115
24.004441	0.0329999998211861	24.010679	3.60025024414062
24.026999	0.033125001937151	24.033232	3.60125017166138
24.049556	0.0375000014901161	24.055788	3.60225009918213
24.072123	0.0370000004768372	24.078361	3.60350012779236
24.09467	0.0380000025033951	24.100902	3.60325026512146
24.117245	0.037125002592802	24.123477	3.6018750667572
24.139796	0.037125002592802	24.146029	3.60137510299683
24.162431	0.0360000021755695	24.168665	3.59962511062622
24.184994	0.0367499999701977	24.191292	3.60025024414062
24.207632	0.0370000004768372	24.213865	3.60200023651123
24.23019	0.036250002682209	24.236423	3.6027500629425
24.252743	0.0406250022351742	24.25898	3.60337519645691
24.275304	0.0377500019967556	24.281538	3.60362505912781
24.297862	0.0360000021755695	24.304096	3.60212516784668
24.32042	0.0333750024437904	24.326652	3.60125017166138
24.343026	0.0351250022649765	24.349264	3.60062527656555
24.365585	0.0367499999701977	24.371818	3.60050010681152
24.388144	0.0361250005662441	24.394377	3.6016252040863
24.410703	0.0366250015795231	24.416938	3.60262513160706
24.433258	0.038500003516674	24.439491	3.60325026512146
24.455811	0.0391250029206276	24.462043	3.60300016403198
24.478363	0.036250002682209	24.484595	3.60237526893616
24.500935	0.0355000011622906	24.507168	3.60087513923645
24.523505	0.036250002682209	24.529745	3.60062527656555
24.546069	0.0366250015795231	24.552307	3.6010000705719
24.568631	0.0363750010728836	24.574864	3.60150027275085
24.591188	0.037625003606081	24.597421	3.60375022888184
24.613741	0.0403750017285347	24.619978	3.60312509536743
24.636297	0.0372500009834766	24.642529	3.60287523269653
24.65885	0.037125002592802	24.665082	3.60200023651123
24.681406	0.0355000011622906	24.68764	3.6010000705719
24.703959	0.0368750020861626	24.710197	3.60037517547607
24.726518	0.0361250005662441	24.732751	3.60125017166138
24.749075	0.0372500009834766	24.755308	3.60287523269653
24.771636	0.0380000025033951	24.777874	3.60337519645691
24.794193	0.0375000014901161	24.80043	3.60375022888184
24.816764	0.0361250005662441	24.822997	3.60375022888184
24.839321	0.0377500019967556	24.845553	3.60212516784668
24.861879	0.0350000001490116	24.868117	3.60087513923645
24.88445	0.0365000031888485	24.890687	3.60037517547607
24.906997	0.0325000025331974	24.91323	3.60137510299683
24.929556	0.0366250015795231	24.935788	3.60250020027161
24.952118	0.0377500019967556	24.958355	3.60362505912781
24.974665	0.0392500013113022	24.980898	3.60387516021729
24.99724	0.036250002682209	25.003472	3.60287523269653
25.019795	0.0377500019967556	25.026027	3.60125017166138
25.042346	0.0365000031888485	25.048584	3.60087513923645
25.064915	0.0365000031888485	25.071153	3.60050010681152
25.087463	0.0361250005662441	25.093701	3.6018750667572
25.110024	0.0361250005662441	25.116256	3.60312509536743
25.132569	0.0395000018179417	25.138808	3.60412526130676
25.155149	0.0378750003874302	25.161385	3.60400009155273
25.1777	0.0358750000596046	25.183928	3.60300016403198
25.200256	0.035375002771616	25.206489	3.6010000705719
25.222818	0.0355000011622906	25.229056	3.6010000705719
25.245393	0.036250002682209	25.251639	3.60087513923645
25.26796	0.0358750000596046	25.274193	3.6016252040863
25.290522	0.0373750030994415	25.296769	3.60300016403198
25.313088	0.0390000008046627	25.319325	3.60375022888184
25.335644	0.0363750010728836	25.341877	3.60300016403198
25.358201	0.0358750000596046	25.364433	3.60312509536743
25.380757	0.036250002682209	25.386989	3.60112524032593
25.403308	0.036250002682209	25.409545	3.60112524032593
25.425868	0.0368750020861626	25.432121	3.6010000705719
25.448442	0.0355000011622906	25.454676	3.60200023651123
25.471002	0.037625003606081	25.477254	3.60362505912781
25.493575	0.0400000028312206	25.499808	3.60387516021729
25.516128	0.0363750010728836	25.522374	3.60362505912781
25.538705	0.0370000004768372	25.544937	3.6027500629425
25.561259	0.0352500006556511	25.567492	3.60137510299683
25.583817	0.0363750010728836	25.590055	3.600750207901
25.606391	0.036250002682209	25.612625	3.60112524032593
25.628943	0.0360000021755695	25.635176	3.60225009918213
25.651496	0.0380000025033951	25.657734	3.60362505912781
25.674053	0.038500003516674	25.680291	3.60425019264221
25.696611	0.0367499999701977	25.702844	3.60362505912781
25.719168	0.037125002592802	25.725401	3.60200023651123
25.741729	0.037125002592802	25.747967	3.60125017166138
25.764286	0.035375002771616	25.770524	3.60062527656555
25.786858	0.0332500003278255	25.79309	3.60150027275085
25.809414	0.0375000014901161	25.815646	3.60262513160706
25.831971	0.0388750024139881	25.838205	3.60375022888184
25.854527	0.0380000025033951	25.860759	3.60400009155273
25.877079	0.0367499999701977	25.883312	3.60337519645691
25.899636	0.0363750010728836	25.905869	3.60212516784668
25.922188	0.0355000011622906	25.928425	3.6010000705719
25.944744	0.0361250005662441	25.950981	3.60087513923645
25.967301	0.036250002682209	25.973533	3.60150027275085
25.989871	0.037625003606081	25.996103	3.60312509536743
26.012423	0.0378750003874302	26.01866	3.60362505912781
26.03498	0.0380000025033951	26.041213	3.60400009155273
26.05754	0.0368750020861626	26.063772	3.60325026512146
26.080095	0.0373750030994415	26.086328	3.60175013542175
26.102646	0.0383750014007092	26.108884	3.60125017166138
26.125203	0.0363750010728836	26.131435	3.6010000705719
26.147758	0.0366250015795231	26.154011	3.60137510299683
26.170335	0.037625003606081	26.176568	3.60312509536743
26.192919	0.0381250008940697	26.199157	3.60412526130676
26.215478	0.0367499999701977	26.22173	3.60387516021729
26.238057	0.0368750020861626	26.24429	3.60237526893616
26.26061	0.0357500016689301	26.266856	3.60175013542175
26.283178	0.0358750000596046	26.289416	3.60087513923645
26.305736	0.0370000004768372	26.311969	3.6010000705719
26.328294	0.0377500019967556	26.334526	3.60225009918213
26.350851	0.0381250008940697	26.357084	3.60362505912781
26.373407	0.0396250002086163	26.379645	3.60425019264221
26.395964	0.0375000014901161	26.402216	3.60450005531311
26.418543	0.0358750000596046	26.424775	3.6027500629425
26.441099	0.0352500006556511	26.447343	3.60150027275085
26.463663	0.0365000031888485	26.4699	3.600750207901
26.486219	0.0360000021755695	26.492452	3.60125017166138
26.508777	0.037625003606081	26.515009	3.60262513160706
26.53137	0.037625003606081	26.537629	3.60350012779236
26.553961	0.0392500013113022	26.5602	3.60412526130676
26.576514	0.0373750030994415	26.582752	3.60437512397766
26.599073	0.0382500030100346	26.605306	3.6027500629425
26.621646	0.0360000021755695	26.62788	3.60175013542175
26.644201	0.0365000031888485	26.650434	3.60125017166138
26.666764	0.032625000923872	26.672996	3.60150027275085
26.689321	0.0357500016689301	26.695553	3.60237526893616
26.711888	0.0390000008046627	26.718126	3.60400009155273
26.734445	0.0380000025033951	26.740678	3.60475015640259
26.757001	0.0368750020861626	26.763234	3.60337519645691
26.779562	0.036250002682209	26.785795	3.60262513160706
26.802126	0.0358750000596046	26.808364	3.60112524032593
26.824684	0.0363750010728836	26.830922	3.60137510299683
26.84725	0.0377500019967556	26.853483	3.60200023651123
26.869807	0.0356250032782555	26.87604	3.60287523269653
26.892364	0.0437500029802322	26.898602	3.60462522506714
26.914935	0.0380000025033951	26.921173	3.60437512397766
26.937492	0.037125002592802	26.943724	3.60325026512146
26.96005	0.0360000021755695	26.966282	3.60262513160706
26.982601	0.0361250005662441	26.988839	3.6016252040863
27.00516	0.0367499999701977	27.011392	3.60112524032593
27.027736	0.0368750020861626	27.033969	3.60200023651123
27.050293	0.0375000014901161	27.05652	3.60337519645691
27.07284	0.0390000008046627	27.079077	3.60437512397766
27.095409	0.0392500013113022	27.101642	3.60425019264221
27.117959	0.037125002592802	27.124191	3.60325026512146
27.140513	0.0366250015795231	27.146765	3.60262513160706
27.163104	0.0358750000596046	27.169333	3.60125017166138
27.185652	0.0360000021755695	27.19189	3.60137510299683
27.208215	0.0368750020861626	27.214443	3.60237526893616
27.230768	0.0417500026524067	27.237001	3.60325026512146
27.25332	0.0400000028312206	27.259558	3.60487508773804
27.275883	0.0373750030994415	27.282121	3.60450005531311
27.298459	0.0365000031888485	27.304691	3.60325026512146
27.321013	0.0366250015795231	27.327251	3.60250020027161
27.343572	0.0360000021755695	27.349809	3.60150027275085
27.366131	0.0363750010728836	27.372363	3.60125017166138
27.388688	0.0352500006556511	27.39492	3.60262513160706
27.41125	0.0375000014901161	27.417482	3.60462522506714
27.433801	0.0388750024139881	27.440038	3.60462522506714
27.456357	0.037125002592802	27.462596	3.60375022888184
27.478924	0.0367499999701977	27.485156	3.60312509536743
27.501475	0.0360000021755695	27.507732	3.60225009918213
27.524069	0.0365000031888485	27.530313	3.60112524032593
27.546635	0.0366250015795231	27.552884	3.60200023651123
27.569212	0.0407500006258488	27.575444	3.60262513160706
27.591764	0.0373750030994415	27.598002	3.60437512397766
27.614322	0.0366250015795231	27.620559	3.60487508773804
27.636879	0.0373750030994415	27.643111	3.60387516021729
27.659435	0.037125002592802	27.665668	3.60337519645691
27.681989	0.0366250015795231	27.688222	3.6016252040863
27.704543	0.0357500016689301	27.710776	3.60125017166138
27.727097	0.0370000004768372	27.73333	3.60200023651123
27.749653	0.0360000021755695	27.755888	3.60337519645691
27.772218	0.038500003516674	27.778458	3.60450005531311
27.794779	0.0380000025033951	27.801012	3.60500025749207
27.817343	0.0363750010728836	27.823575	3.60350012779236
27.839904	0.0365000031888485	27.846136	3.60312509536743
27.862456	0.036250002682209	27.868694	3.60175013542175
27.885014	0.0366250015795231	27.891251	3.60137510299683
27.90757	0.0361250005662441	27.913803	3.60237526893616
27.930127	0.037125002592802	27.936359	3.60325026512146
27.952678	0.0386250019073486	27.958915	3.60475015640259
27.975234	0.0390000008046627	27.981467	3.60500025749207
27.997791	0.0361250005662441	28.004023	3.60375022888184
28.020351	0.0368750020861626	28.026583	3.60237526893616
28.042916	0.0357500016689301	28.049154	3.60150027275085
28.065473	0.0367499999701977	28.071706	3.60175013542175
28.088031	0.0357500016689301	28.094263	3.60237526893616
28.110581	0.0361250005662441	28.116814	3.60375022888184
28.133133	0.0387500002980232	28.139371	3.60450005531311
28.155711	0.0375000014901161	28.161962	3.60475015640259
28.178286	0.0363750010728836	28.184519	3.60362505912781
28.200848	0.0352500006556511	28.207081	3.60225009918213
28.223417	0.036250002682209	28.229655	3.60150027275085
28.245973	0.0363750010728836	28.252211	3.60200023651123
28.268537	0.036250002682209	28.274775	3.60312509536743
28.291101	0.0365000031888485	28.297338	3.60462522506714
28.313659	0.0398750007152557	28.319896	3.60437512397766
28.336207	0.037625003606081	28.342445	3.60425019264221
28.358771	0.0363750010728836	28.365004	3.60387516021729
28.381327	0.0341250002384186	28.38756	3.60250020027161
28.403894	0.0391250029206276	28.410131	3.60175013542175
28.42645	0.0361250005662441	28.432683	3.60250020027161
28.449009	0.0363750010728836	28.455241	3.60337519645691
28.471559	0.0372500009834766	28.477797	3.60400009155273
28.494116	0.0392500013113022	28.500354	3.60487508773804
28.516673	0.0361250005662441	28.522924	3.60487508773804
28.539253	0.0365000031888485	28.545485	3.60362505912781
28.561805	0.0352500006556511	28.568043	3.60212516784668
28.584362	0.0352500006556511	28.5906	3.6018750667572
28.606934	0.0366250015795231	28.613166	3.60225009918213
28.629482	0.0367499999701977	28.635715	3.60312509536743
28.652036	0.0390000008046627	28.658274	3.60450005531311
28.674595	0.0383750014007092	28.680833	3.60475015640259
28.697152	0.0368750020861626	28.703385	3.60487508773804
28.719711	0.0361250005662441	28.725943	3.60287523269653
28.742262	0.035375002771616	28.748499	3.60212516784668
28.764818	0.0361250005662441	28.771056	3.60200023651123
28.787393	0.0357500016689301	28.793626	3.60212516784668
28.809947	0.0368750020861626	28.816174	3.60375022888184
28.832514	0.0358750000596046	28.838751	3.60462522506714
28.855073	0.0393750034272671	28.861306	3.60525012016296
28.877628	0.037125002592802	28.883861	3.60437512397766
28.900177	0.0373750030994415	28.906411	3.60250020027161
28.922731	0.0373750030994415	28.928968	3.6016252040863
28.945291	0.0361250005662441	28.951528	3.60150027275085
28.967853	0.0363750010728836	28.974085	3.60225009918213
28.990411	0.0367499999701977	28.996644	3.60425019264221
29.012987	0.0388750024139881	29.019224	3.60425019264221
29.035545	0.0381250008940697	29.041778	3.60487508773804
29.058102	0.0370000004768372	29.064334	3.60412526130676
29.080657	0.0361250005662441	29.086889	3.60262513160706
29.103207	0.0367499999701977	29.109445	3.60212516784668
29.125766	0.0365000031888485	29.132011	3.6016252040863
29.148336	0.0370000004768372	29.154592	3.6027500629425
29.170919	0.0367499999701977	29.177151	3.60425019264221
29.193475	0.0382500030100346	29.199712	3.60462522506714
29.216032	0.037125002592802	29.222265	3.60475015640259
29.238589	0.0365000031888485	29.244822	3.60487508773804
29.261146	0.036250002682209	29.267379	3.60300016403198
29.283701	0.0388750024139881	29.289939	3.60087513923645
29.306261	0.0345000028610229	29.312512	3.60200023651123
29.328853	0.0363750010728836	29.335085	3.60262513160706
29.351404	0.0375000014901161	29.357637	3.60412526130676
29.373947	0.0390000008046627	29.380185	3.60500025749207
29.396506	0.037625003606081	29.402739	3.60512518882751
29.419066	0.0358750000596046	29.425298	3.60350012779236
29.44164	0.034875001758337	29.447877	3.6027500629425
29.464196	0.0350000001490116	29.470434	3.60212516784668
29.486767	0.0363750010728836	29.493	3.60175013542175
29.509323	0.0365000031888485	29.515555	3.60387516021729
29.531896	0.0358750000596046	29.538134	3.60400009155273
29.554454	0.0388750024139881	29.560692	3.60562515258789
29.577012	0.0397500023245811	29.583245	3.60500025749207
29.599569	0.0361250005662441	29.605802	3.60300016403198
29.622122	0.035375002771616	29.628359	3.6027500629425
29.644678	0.0360000021755695	29.650917	3.60150027275085
29.66725	0.037125002592802	29.673488	3.60225009918213
