Time_sec1	Voltage_A0TG	Time_sec2	Voltage_A1TG
0	0.415125012397766	0.006233	3.647625207901
0.022559	0.416125029325485	0.028792	3.64750027656555
0.045113	0.415250033140182	0.051351	3.6467502117157
0.067669	0.414750009775162	0.073917	3.64550018310547
0.090258	0.415250033140182	0.096491	3.64437508583069
0.112807	0.415625005960464	0.119051	3.64425015449524
0.135373	0.415875017642975	0.141611	3.64562511444092
0.157931	0.416250020265579	0.164164	3.64625024795532
0.180489	0.415375024080276	0.186722	3.64737510681152
0.203051	0.416375011205673	0.209284	3.6467502117157
0.225621	0.415625005960464	0.231865	3.64500021934509
0.248187	0.415625005960464	0.25442	3.64425015449524
0.270743	0.416125029325485	0.276977	3.64337515830994
0.2933	0.415000021457672	0.299563	3.64362525939941
0.315884	0.41550001502037	0.322117	3.64600014686584
0.338437	0.416875034570694	0.344683	3.64625024795532
0.361004	0.418750017881393	0.367238	3.64687514305115
0.383558	0.415375024080276	0.389791	3.64637517929077
0.40611	0.415625005960464	0.412348	3.64475011825562
0.428672	0.415375024080276	0.434905	3.64400029182434
0.451243	0.412750005722046	0.457476	3.64362525939941
0.47381	0.415875017642975	0.480048	3.64400029182434
0.496367	0.416125029325485	0.502605	3.64487528800964
0.518942	0.416250020265579	0.525176	3.64600014686584
0.5415	0.415000021457672	0.547732	3.64637517929077
0.564051	0.414625018835068	0.570289	3.64637517929077
0.586606	0.41550001502037	0.592844	3.64500021934509
0.609166	0.415125012397766	0.615399	3.64412522315979
0.631722	0.415875017642975	0.637954	3.64337515830994
0.654298	0.414750009775162	0.660535	3.64400029182434
0.676854	0.41550001502037	0.683087	3.64525008201599
0.699406	0.416000008583069	0.705639	3.64612507820129
0.721964	0.415250033140182	0.728203	3.64662528038025
0.744524	0.41550001502037	0.750762	3.64512515068054
0.767081	0.41550001502037	0.773326	3.64462518692017
0.789651	0.414875030517578	0.795884	3.64275026321411
0.812221	0.415250033140182	0.818453	3.64262509346008
0.834796	0.415375024080276	0.841033	3.64412522315979
0.85739	0.415625005960464	0.863626	3.64487528800964
0.879955	0.416750013828278	0.886189	3.64612507820129
0.902522	0.416000008583069	0.908756	3.6458752155304
0.925076	0.41550001502037	0.931313	3.64537525177002
0.947632	0.415250033140182	0.953865	3.64400029182434
0.97019	0.415375024080276	0.976422	3.64312505722046
0.992751	0.415250033140182	0.998985	3.64300012588501
1.015305	0.415375024080276	1.021543	3.64400029182434
1.037854	0.413875013589859	1.044125	3.64462518692017
1.06045	0.416750013828278	1.066682	3.6458752155304
1.083	0.415875017642975	1.089233	3.64575028419495
1.105554	0.41550001502037	1.111791	3.64525008201599
1.128124	0.414625018835068	1.134357	3.64375019073486
1.150681	0.415875017642975	1.156915	3.64250016212463
1.173243	0.41550001502037	1.179477	3.64262509346008
1.195812	0.416250020265579	1.20205	3.64425015449524
1.218369	0.415750026702881	1.22462	3.64400029182434
1.240961	0.415250033140182	1.247194	3.64550018310547
1.263527	0.415125012397766	1.269765	3.64500021934509
1.286085	0.416250020265579	1.292323	3.64437508583069
1.308653	0.415000021457672	1.314886	3.64325022697449
1.331205	0.415875017642975	1.337438	3.64225006103516
1.353758	0.415875017642975	1.359996	3.64237523078918
1.376324	0.415250033140182	1.382562	3.64325022697449
1.398886	0.415000021457672	1.405119	3.64475011825562
1.421445	0.41550001502037	1.427678	3.64512515068054
1.444018	0.415750026702881	1.450251	3.64487528800964
1.466572	0.41550001502037	1.472805	3.64362525939941
1.489142	0.414000034332275	1.495374	3.64300012588501
1.511699	0.414500027894974	1.517932	3.64187526702881
1.534266	0.416125029325485	1.540499	3.64237523078918
1.556819	0.415250033140182	1.563051	3.64350008964539
1.579373	0.417000025510788	1.585605	3.64412522315979
1.60193	0.415625005960464	1.608162	3.64512515068054
1.624482	0.415750026702881	1.630719	3.64412522315979
1.647038	0.415875017642975	1.65327	3.64362525939941
1.669594	0.414625018835068	1.675828	3.64237523078918
1.692152	0.415250033140182	1.698385	3.64175009727478
1.714717	0.413625031709671	1.720955	3.64250016212463
1.737269	0.413375020027161	1.743508	3.64300012588501
1.759834	0.416125029325485	1.766066	3.64425015449524
1.78239	0.415750026702881	1.788623	3.64487528800964
1.804942	0.415000021457672	1.811179	3.64412522315979
1.827498	0.415000021457672	1.833725	3.64300012588501
1.85005	0.414625018835068	1.856307	3.64225006103516
1.872636	0.415000021457672	1.878864	3.64175009727478
1.895187	0.414625018835068	1.901424	3.64187526702881
1.917746	0.415875017642975	1.92401	3.64287519454956
1.940341	0.415250033140182	1.946569	3.64450025558472
1.962892	0.418750017881393	1.969142	3.64425015449524
1.985464	0.415625005960464	1.991701	3.64350008964539
2.008029	0.417375028133392	2.014262	3.64175009727478
2.030588	0.414875030517578	2.036825	3.64162516593933
2.053169	0.415125012397766	2.059401	3.64087510108948
2.075712	0.415375024080276	2.08195	3.64200019836426
2.098272	0.412375032901764	2.104505	3.64350008964539
2.12083	0.415750026702881	2.127062	3.64425015449524
2.143382	0.415125012397766	2.14962	3.64425015449524
2.165941	0.416000008583069	2.172179	3.64362525939941
2.188498	0.415250033140182	2.19473	3.64262509346008
2.211053	0.414125025272369	2.217286	3.64137506484985
2.233639	0.415000021457672	2.239877	3.64112520217896
2.2562	0.415250033140182	2.262438	3.64200019836426
2.278759	0.414875030517578	2.284992	3.64325022697449
2.301317	0.416625022888184	2.307549	3.64412522315979
2.323871	0.415250033140182	2.330108	3.64362525939941
2.346428	0.415625005960464	2.352665	3.64337515830994
2.368984	0.414000034332275	2.375217	3.64150023460388
2.391544	0.414625018835068	2.397777	3.64062523841858
2.414105	0.416375011205673	2.420339	3.64062523841858
2.436662	0.415125012397766	2.4429	3.6412501335144
2.459219	0.416250020265579	2.465452	3.64287519454956
2.481775	0.416000008583069	2.488008	3.64362525939941
2.504324	0.415375024080276	2.510556	3.64362525939941
2.526877	0.414750009775162	2.533109	3.64212512969971
2.549429	0.415000021457672	2.555661	3.64150023460388
2.572001	0.415625005960464	2.578233	3.64000010490417
2.594553	0.415375024080276	2.600785	3.6403751373291
2.617105	0.415750026702881	2.623338	3.64187526702881
2.639662	0.415000021457672	2.645894	3.64262509346008
2.662219	0.415875017642975	2.668451	3.64337515830994
2.684798	0.415000021457672	2.691036	3.64325022697449
2.707355	0.419875025749207	2.713587	3.64200019836426
2.729921	0.413500010967255	2.736153	3.64087510108948
2.752491	0.415000021457672	2.758724	3.6403751373291
2.775043	0.414625018835068	2.78128	3.6403751373291
2.797592	0.417375028133392	2.803835	3.64175009727478
2.820161	0.416625022888184	2.826394	3.64250016212463
2.842718	0.416875034570694	2.848951	3.64287519454956
2.865291	0.415625005960464	2.871524	3.64312505722046
2.887852	0.414750009775162	2.894123	3.64137506484985
2.910448	0.414750009775162	2.916681	3.64050006866455
2.933006	0.415375024080276	2.939239	3.63987517356873
2.95555	0.415875017642975	2.961783	3.64050006866455
2.978106	0.415125012397766	2.984339	3.64150023460388
3.000663	0.416000008583069	3.006896	3.64250016212463
3.023237	0.415125012397766	3.02947	3.64312505722046
3.045789	0.415875017642975	3.052026	3.64262509346008
3.068344	0.415250033140182	3.074594	3.64137506484985
3.090918	0.418250024318695	3.097151	3.63912510871887
3.113464	0.414875030517578	3.119698	3.63962507247925
3.136021	0.415750026702881	3.142259	3.64062523841858
3.15858	0.417250007390976	3.164812	3.64112520217896
3.181138	0.415125012397766	3.18737	3.64200019836426
3.203691	0.414375007152557	3.209929	3.64287519454956
3.226273	0.415625005960464	3.232518	3.64175009727478
3.248854	0.415750026702881	3.255087	3.64075016975403
3.271412	0.414875030517578	3.277644	3.63962507247925
3.293963	0.416625022888184	3.300201	3.6395001411438
3.316523	0.416125029325485	3.32276	3.6401252746582
3.33908	0.415750026702881	3.345312	3.64150023460388
3.36164	0.416000008583069	3.367872	3.64237523078918
3.384197	0.415250033140182	3.390435	3.64212512969971
3.406755	0.416125029325485	3.412992	3.64175009727478
3.429311	0.416375011205673	3.435543	3.64050006866455
3.451868	0.415000021457672	3.4581	3.6395001411438
3.47442	0.412625014781952	3.480658	3.6392502784729
3.496977	0.415750026702881	3.50321	3.63987517356873
3.519538	0.416250020265579	3.525771	3.64100027084351
3.542093	0.415875017642975	3.548326	3.64237523078918
3.564648	0.415750026702881	3.570885	3.64212512969971
3.587207	0.415125012397766	3.59344	3.64112520217896
3.60976	0.415000021457672	3.615992	3.64050006866455
3.632311	0.416125029325485	3.638561	3.63887524604797
3.654881	0.41550001502037	3.661119	3.63887524604797
3.677442	0.415625005960464	3.683676	3.64000010490417
3.7	0.415625005960464	3.706232	3.64087510108948
3.722558	0.415000021457672	3.728797	3.64187526702881
3.745117	0.415625005960464	3.751354	3.6412501335144
3.767675	0.415000021457672	3.773918	3.64075016975403
3.790242	0.415250033140182	3.796474	3.63962507247925
3.812798	0.415000021457672	3.819045	3.63900017738342
3.835355	0.415750026702881	3.841587	3.63887524604797
3.857951	0.415750026702881	3.864228	3.6401252746582
3.880548	0.415875017642975	3.886776	3.64150023460388
3.903108	0.416625022888184	3.90934	3.64212512969971
3.92566	0.414250016212463	3.931897	3.64137506484985
3.948218	0.41312500834465	3.954451	3.64087510108948
3.970775	0.415625005960464	3.977009	3.63887524604797
3.993327	0.415125012397766	3.999564	3.6383752822876
4.015889	0.41550001502037	4.022127	3.63875007629395
4.038461	0.415250033140182	4.044695	3.6401252746582
4.061013	0.416250020265579	4.067246	3.64062523841858
4.083568	0.41550001502037	4.089806	3.64162516593933
4.106125	0.415375024080276	4.112363	3.64100027084351
4.128683	0.414875030517578	4.134916	3.6401252746582
4.151241	0.415125012397766	4.157468	3.63875007629395
4.173789	0.415250033140182	4.180027	3.6383752822876
4.196347	0.418875008821487	4.202584	3.63875007629395
4.218916	0.415375024080276	4.225167	3.63962507247925
4.241506	0.415750026702881	4.247746	3.64087510108948
4.264073	0.415375024080276	4.270325	3.6412501335144
4.286652	0.414000034332275	4.292886	3.64087510108948
4.309211	0.414625018835068	4.315444	3.63912510871887
4.331783	0.414625018835068	4.338015	3.6386251449585
4.354335	0.415125012397766	4.360572	3.63812518119812
4.376892	0.415875017642975	4.383145	3.63887524604797
4.39947	0.41550001502037	4.405703	3.6401252746582
4.42205	0.415375024080276	4.428289	3.64112520217896
4.444612	0.41650003194809	4.450849	3.6412501335144
4.467172	0.415625005960464	4.47343	3.64062523841858
4.489755	0.41650003194809	4.495987	3.6392502784729
4.512315	0.413375020027161	4.518561	3.63850021362305
4.53488	0.415375024080276	4.541117	3.63775014877319
4.557438	0.415000021457672	4.563671	3.6386251449585
4.579994	0.415625005960464	4.586226	3.6401252746582
4.602553	0.415750026702881	4.608786	3.64062523841858
4.625109	0.415750026702881	4.631342	3.64050006866455
4.647663	0.415875017642975	4.653921	3.64050006866455
4.670246	0.414750009775162	4.676478	3.63887524604797
4.6928	0.415125012397766	4.699046	3.63787508010864
4.715369	0.415750026702881	4.721601	3.63762521743774
4.737924	0.414625018835068	4.744157	3.63887524604797
4.760482	0.416000008583069	4.766715	3.63962507247925
4.783054	0.416625022888184	4.789287	3.64050006866455
4.805607	0.415750026702881	4.811844	3.64075016975403
4.828165	0.414250016212463	4.834398	3.63975024223328
4.850718	0.417500019073486	4.856975	3.63825011253357
4.873304	0.415125012397766	4.879578	3.63750028610229
4.895917	0.415750026702881	4.902154	3.63775014877319
4.918474	0.416375011205673	4.924707	3.63887524604797
4.941031	0.41650003194809	4.947263	3.63987517356873
4.963589	0.415125012397766	4.969822	3.64050006866455
4.986142	0.414750009775162	4.992374	3.6403751373291
5.008697	0.415625005960464	5.014929	3.63887524604797
5.031254	0.414875030517578	5.037481	3.63825011253357
5.053818	0.415375024080276	5.060056	3.63737511634827
5.076376	0.418125033378601	5.082613	3.63750028610229
5.098941	0.415250033140182	5.105174	3.63787508010864
5.121498	0.415250033140182	5.127732	3.6395001411438
5.14405	0.41550001502037	5.150288	3.64000010490417
5.166621	0.415750026702881	5.172859	3.64025020599365
5.189179	0.415375024080276	5.195412	3.6386251449585
5.211738	0.415000021457672	5.217971	3.63787508010864
5.234323	0.414750009775162	5.24056	3.63687515258789
5.256884	0.416000008583069	5.263117	3.63750028610229
5.279441	0.415375024080276	5.285679	3.6386251449585
5.302004	0.41550001502037	5.308237	3.63937520980835
5.324562	0.414875030517578	5.330799	3.64000010490417
5.34712	0.415875017642975	5.353352	3.63975024223328
5.369681	0.415000021457672	5.375913	3.6386251449585
5.392237	0.414750009775162	5.39847	3.63637518882751
5.414792	0.414625018835068	5.421029	3.63687515258789
5.437348	0.414625018835068	5.443582	3.63850021362305
5.459906	0.414125025272369	5.466138	3.6386251449585
5.482462	0.416375011205673	5.488695	3.63937520980835
5.505015	0.415625005960464	5.511253	3.63975024223328
5.527585	0.415250033140182	5.533818	3.63900017738342
5.550134	0.414875030517578	5.556366	3.63800024986267
5.572691	0.414625018835068	5.578939	3.63675022125244
5.595258	0.415125012397766	5.601496	3.63650012016296
5.617816	0.413000017404556	5.624048	3.63775014877319
5.640372	0.415375024080276	5.646605	3.63812518119812
5.662929	0.416125029325485	5.669162	3.63937520980835
5.685482	0.41550001502037	5.691719	3.63975024223328
5.70804	0.416875034570694	5.714297	3.63850021362305
5.730634	0.415250033140182	5.736866	3.63800024986267
5.753193	0.414000034332275	5.759436	3.63662528991699
5.775759	0.415750026702881	5.781997	3.63675022125244
5.798323	0.415000021457672	5.804561	3.63700008392334
5.820886	0.415625005960464	5.827119	3.63800024986267
5.84346	0.415750026702881	5.849693	3.63900017738342
5.866029	0.414625018835068	5.872264	3.6392502784729
5.888593	0.415625005960464	5.894827	3.63850021362305
5.911148	0.415625005960464	5.91738	3.63762521743774
5.933723	0.415250033140182	5.93996	3.63662528991699
5.956278	0.414875030517578	5.962511	3.63650012016296
5.978852	0.414875030517578	5.985086	3.63762521743774
6.001408	0.415375024080276	6.00764	3.63937520980835
6.023959	0.418000012636185	6.030196	3.63900017738342
6.046514	0.415875017642975	6.052747	3.6383752822876
6.069079	0.415875017642975	6.075312	3.63800024986267
6.091636	0.414875030517578	6.097868	3.63712525367737
6.114195	0.413875013589859	6.120433	3.63637518882751
6.13675	0.414125025272369	6.142987	3.63537526130676
6.159306	0.415750026702881	6.165539	3.63387513160706
6.181862	0.414500027894974	6.188094	3.63412523269653
6.204413	0.357375025749207	6.21065	3.62125015258789
6.226985	0.302750021219254	6.233244	3.56412506103516
6.249577	0.250750005245209	6.25581	3.46837520599365
6.272136	0.207000017166138	6.278364	3.33987522125244
6.294686	0.161125004291534	6.300923	3.20887517929077
6.317234	0.125624999403954	6.323472	3.0770001411438
6.339797	0.0936250016093254	6.346031	2.96775007247925
6.362354	0.0667500048875809	6.368587	2.87212514877319
6.384906	0.0460000038146973	6.391143	2.79800009727478
6.407463	0.0253750011324883	6.413696	2.73450016975403
6.430035	0.00487500010058284	6.436268	2.68625020980835
6.452594	0.000375000003259629	6.458827	2.64575004577637
6.475148	0.000375000003259629	6.481386	2.61625003814697
6.497706	0.00175000005401671	6.503938	2.5917501449585
6.520262	0.000875000027008355	6.526494	2.57450008392334
6.542818	0.00387500016950071	6.549051	2.56125020980835
6.56537	0.00362500012852252	6.571608	2.55050015449524
6.587929	0.00137500010896474	6.594161	2.54150009155273
6.610487	0.000750000006519258	6.616719	2.53287506103516
6.633054	0.000250000011874363	6.639287	2.52737522125244
6.655608	0.000750000006519258	6.661845	2.522625207901
6.678163	0.000250000011874363	6.684396	2.52037501335144
6.70072	0.000875000027008355	6.706953	2.51975011825562
6.723276	0.00250000017695129	6.729534	2.51912522315979
6.745853	0.00262500019744039	6.752091	2.51925015449524
6.76841	0.00100000004749745	6.774648	2.51750016212463
6.790975	0	6.797208	2.51600003242493
6.813523	-0.000125000005937181	6.819762	2.51525020599365
6.836082	0.000500000023748726	6.842319	2.51437520980835
6.858689	0.000750000006519258	6.864926	2.5145001411438
6.881251	0.000500000023748726	6.887484	2.51587510108948
6.903862	0.00262500019744039	6.9101	2.51675009727478
6.926428	0.00625000009313226	6.932666	2.51662516593933
6.949002	0.00325000006705523	6.955235	2.51650023460388
6.971578	0.000125000005937181	6.977811	2.51487517356873
6.994137	0.00362500012852252	7.000374	2.51412510871887
7.016695	0.000250000011874363	7.022932	2.51387500762939
7.039254	0.00150000001303852	7.045487	2.51425004005432
7.061811	0.00137500010896474	7.068043	2.51587510108948
7.084363	0.00387500016950071	7.0906	2.51725006103516
7.106919	0.0020000000949949	7.113147	2.51675009727478
7.129468	0.00100000004749745	7.135706	2.51600003242493
7.152045	0.002125000115484	7.158277	2.51562523841858
7.174596	-0.00100000004749745	7.180829	2.51462507247925
7.19715	0.0022500001359731	7.203383	2.5145001411438
7.219707	0.000750000006519258	7.225958	2.51637506484985
7.24229	0.000875000027008355	7.248523	2.51775002479553
7.264848	0.00262500019744039	7.271085	2.51937508583069
7.287407	0.002125000115484	7.29364	2.51950001716614
7.309964	0.00237500015646219	7.316197	2.51912522315979
7.332522	0.000500000023748726	7.338756	2.51887512207031
7.35508	-0.000875000027008355	7.361314	2.51950001716614
7.377634	0.00112500006798655	7.383867	2.52012515068054
7.400193	0.000500000023748726	7.406425	2.52162504196167
7.422749	0.00125000008847564	7.428983	2.52450013160706
7.445302	0.00262500019744039	7.451539	2.52637505531311
7.467859	0.00250000017695129	7.474111	2.52775001525879
7.490435	0.000750000006519258	7.496669	2.52725005149841
7.512992	0.000250000011874363	7.519225	2.52812504768372
7.535547	-0.000500000023748726	7.541785	2.52887511253357
7.558103	0.000375000003259629	7.564336	2.53075003623962
7.580659	0.000375000003259629	7.586892	2.53400015830994
7.603212	0.000625000044237822	7.609444	2.5365002155304
7.625764	0.00375000014901161	7.632001	2.53962516784668
7.648319	0.00237500015646219	7.654552	2.54137516021729
7.670875	0.00187500007450581	7.677107	2.54250001907349
7.693436	-0.000500000023748726	7.699674	2.54400014877319
7.716005	-0.000500000023748726	7.722249	2.54612517356873
7.738571	0.00125000008847564	7.744809	2.54875016212463
7.761129	0.000250000011874363	7.767361	2.55287504196167
7.78368	0	7.789918	2.55650019645691
7.806237	0.00337500008754432	7.812475	2.56062507629395
7.828794	0.0020000000949949	7.835022	2.56275010108948
7.851353	0.000250000011874363	7.857605	2.56500005722046
7.87393	0	7.880163	2.56812500953674
7.896495	0.000125000005937181	7.902727	2.57012510299683
7.919051	0.000875000027008355	7.925289	2.57412505149841
7.941618	0.00137500010896474	7.947851	2.57837510108948
7.964177	0.0020000000949949	7.970411	2.58325004577637
7.986732	0.00412499997764826	7.992965	2.5871250629425
8.009288	0.00187500007450581	8.01552	2.59050011634827
8.031845	0.000875000027008355	8.038077	2.59287524223328
8.054414	0	8.060652	2.59537506103516
8.076973	-0.000750000006519258	8.083207	2.59850001335144
8.099531	0.00137500010896474	8.105763	2.60225009918213
8.122087	0.00262500019744039	8.12832	2.60625004768372
8.144639	0.000500000023748726	8.150876	2.61675024032593
8.167196	0.00275000021792948	8.173436	2.61912512779236
8.18976	0.000375000003259629	8.195992	2.62175011634827
8.212316	0.00150000001303852	8.218561	2.62400007247925
8.23491	0.00125000008847564	8.241148	2.62625002861023
8.257473	0.00175000005401671	8.263727	2.62950015068054
8.280053	0.00362500012852252	8.286286	2.63425016403198
8.302612	0.0022500001359731	8.30885	2.63812518119812
8.325171	0.00562500022351742	8.331404	2.64312505722046
8.347723	0.0061250003054738	8.353956	2.64725017547607
8.37028	0.00475000031292439	8.376513	2.65050005912781
8.392832	0.00500000035390258	8.399062	2.65362501144409
8.415384	0.00437500001862645	8.421621	2.65650010108948
8.437946	0.00525000039488077	8.444198	2.66000008583069
8.460536	0.00587500026449561	8.466769	2.66400003433228
8.483092	0.006375000346452	8.489346	2.67037510871887
8.505669	0.0101250000298023	8.511906	2.67487502098083
8.528226	0.0087500000372529	8.53446	2.67775011062622
8.550786	0.00800000037997961	8.557018	2.68175005912781
8.573338	0.00812500063329935	8.579577	2.68400001525879
8.595895	0.00812500063329935	8.602132	2.68762516975403
8.618452	0.0087500000372529	8.624684	2.69200015068054
8.641008	0.00975000020116568	8.647242	2.69612503051758
8.663575	0.0101250000298023	8.669812	2.70150017738342
8.686132	0.0125000001862645	8.692369	2.70625019073486
8.70869	0.012750000692904	8.714923	2.7103750705719
8.73125	0.0115000009536743	8.737483	2.71350002288818
8.753819	0.0116250002756715	8.760056	2.71687507629395
8.776375	0.0110000008717179	8.782613	2.71987509727478
8.798941	0.0122500006109476	8.805174	2.72475004196167
8.821498	0.0138750011101365	8.82773	2.72925019264221
8.844063	0.0146250007674098	8.850295	2.73575019836426
8.866636	0.016125001013279	8.87287	2.7405002117157
8.889213	0.0138750011101365	8.895452	2.74562501907349
8.911778	0.0148750003427267	8.918011	2.74925017356873
8.934331	0.0137500008568168	8.940569	2.75325012207031
8.956889	0.0147500010207295	8.963121	2.75687503814697
8.97944	0.015625	8.985673	2.76250004768372
9.001996	0.0155000006780028	9.008229	2.76950001716614
9.024552	0.0182500015944242	9.03079	2.77550005912781
9.047111	0.0187500007450581	9.053344	2.7818751335144
9.06967	0.0172500014305115	9.075903	2.78700017929077
9.092228	0.0172500014305115	9.098467	2.79212522506714
9.11479	0.0173750016838312	9.121022	2.79687523841858
9.137332	0.017875000834465	9.143571	2.80200004577637
9.159897	0.0173750016838312	9.166129	2.80837512016296
9.182458	0.0190000012516975	9.188691	2.81625008583069
9.205013	0.0207500010728836	9.21125	2.82300019264221
9.227579	0.0237500015646219	9.233817	2.82925009727478
9.250144	0.0198750011622906	9.256376	2.83575010299683
9.272703	0.0208750013262033	9.278945	2.84050011634827
9.295264	0.0197500009089708	9.301502	2.84612512588501
9.317821	0.0200000014156103	9.324054	2.85237503051758
9.340378	0.0215000007301569	9.34661	2.85887503623962
9.362941	0.0215000007301569	9.36918	2.86712503433228
9.385516	0.0243750009685755	9.391754	2.87375020980835
9.40808	0.0245000012218952	9.414313	2.88087511062622
9.430638	0.0221250001341105	9.436866	2.88687515258789
9.453194	0.0225000008940697	9.459427	2.89175009727478
9.475746	0.0221250001341105	9.481983	2.89712524414062
9.498302	0.0235000010579824	9.504534	2.90325021743774
9.520859	0.0238750018179417	9.527091	2.90937519073486
9.543429	0.0243750009685755	9.549666	2.91750025749207
9.565986	0.0262500010430813	9.572218	2.92462515830994
9.588559	0.0262500010430813	9.594792	2.9308750629425
9.611117	0.025500001385808	9.617349	2.93600010871887
9.633671	0.0253750011324883	9.639908	2.94075012207031
9.656228	0.0242500007152557	9.662465	2.9453752040863
9.678783	0.0261250007897615	9.685016	2.95162510871887
9.70134	0.0268750004470348	9.707572	2.95825004577637
9.723926	0.0266250018030405	9.730164	2.96537518501282
9.746484	0.0288750007748604	9.752722	2.97225022315979
9.76905	0.0287500005215406	9.775282	2.97825002670288
9.79161	0.0286250021308661	9.797843	2.9832501411438
9.814161	0.0278750006109476	9.820394	2.98737525939941
9.836704	0.0282500013709068	9.842937	2.99262523651123
9.859296	0.0276250019669533	9.86553	2.99775004386902
9.881851	0.0291250012814999	9.888079	3.00562524795532
9.904401	0.0298750009387732	9.910639	3.01162505149841
9.926962	0.03125	9.933195	3.01812505722046
9.949538	0.0302500016987324	9.95577	3.0237500667572
9.972095	0.0297500006854534	9.978333	3.02875018119812
9.994685	0.0288750007748604	10.000923	3.03300023078918
10.017235	0.0307500008493662	10.023468	3.0373752117157
10.039795	0.0296250022947788	10.046028	3.04337525367737
10.062353	0.0308750011026859	10.068586	3.05062508583069
10.084905	0.032124999910593	10.091143	3.05675005912781
10.107461	0.0338750034570694	10.113694	3.06362509727478
10.130018	0.0347500033676624	10.13625	3.06937503814697
10.152578	0.0286250021308661	10.158811	3.07425022125244
10.175132	0.0325000025331974	10.181364	3.07837510108948
10.197686	0.0320000015199184	10.203919	3.08350014686584
10.220239	0.0336250029504299	10.226492	3.08962512016296
10.242831	0.032625000923872	10.249083	3.09650015830994
10.265419	0.0342500023543835	10.271651	3.10350012779236
10.287972	0.0361250005662441	10.294211	3.10950016975403
10.310553	0.0346250012516975	10.316786	3.11475014686584
10.333111	0.0329999998211861	10.339344	3.12000012397766
10.355665	0.0338750034570694	10.361902	3.12375020980835
10.378222	0.0352500006556511	10.384455	3.12925004959106
10.400777	0.0351250022649765	10.40701	3.13450026512146
10.423331	0.0350000001490116	10.429569	3.1412501335144
10.445889	0.038500003516674	10.452126	3.14862513542175
10.468446	0.037625003606081	10.474676	3.15450024604797
10.491006	0.0368750020861626	10.497238	3.15875005722046
10.513558	0.0358750000596046	10.519791	3.16387510299683
10.536114	0.0355000011622906	10.542351	3.16812515258789
10.55867	0.0356250032782555	10.564903	3.1725001335144
10.581229	0.0356250032782555	10.587461	3.17850017547607
10.603781	0.036250002682209	10.610018	3.18450021743774
10.626337	0.0383750014007092	10.632575	3.19062519073486
10.648895	0.0391250029206276	10.655128	3.19675016403198
10.671464	0.0375000014901161	10.677696	3.20100021362305
10.694018	0.0381250008940697	10.700251	3.20412516593933
10.716572	0.037125002592802	10.722821	3.20775008201599
10.739159	0.0386250019073486	10.745392	3.21225023269653
10.761718	0.0390000008046627	10.767951	3.2176251411438
10.78427	0.0378750003874302	10.790508	3.22412514686584
10.806827	0.0405000001192093	10.813059	3.22787523269653
10.829381	0.0402500033378601	10.835614	3.2323751449585
10.851956	0.0386250019073486	10.858203	3.23675012588501
10.874532	0.0383750014007092	10.880773	3.23925018310547
10.8971	0.0381250008940697	10.903333	3.2425000667572
10.919659	0.0387500002980232	10.925892	3.24662518501282
10.942216	0.0400000028312206	10.948449	3.25075006484985
10.964791	0.0433750003576279	10.971028	3.25575017929077
10.987348	0.0417500026524067	10.993581	3.26025009155273
11.009905	0.0416250005364418	11.016138	3.26425004005432
11.032477	0.0392500013113022	11.03871	3.26737523078918
11.055029	0.0397500023245811	11.061267	3.26912522315979
11.077587	0.0400000028312206	11.08382	3.27187514305115
11.100144	0.0407500006258488	11.106377	3.27487516403198
11.122696	0.0406250022351742	11.128942	3.27887511253357
11.145261	0.0401250012218952	11.151498	3.28375005722046
11.167817	0.0432500019669533	11.17405	3.28725004196167
11.190374	0.0416250005364418	11.196606	3.29050016403198
11.21293	0.0407500006258488	11.219164	3.29287505149841
11.235503	0.0420000031590462	11.241741	3.29450011253357
11.258064	0.0401250012218952	11.264305	3.2963752746582
11.280623	0.0418750010430813	11.286851	3.29925012588501
11.303171	0.0421250015497208	11.309405	3.30287504196167
11.325727	0.0411250032484531	11.331965	3.30700016021729
11.348275	0.0453750006854534	11.354509	3.31062507629395
11.370828	0.0435000024735928	11.37706	3.31275010108948
11.393379	0.0423750020563602	11.399616	3.31525015830994
11.415951	0.0417500026524067	11.422188	3.31637525558472
11.438498	0.0411250032484531	11.444737	3.31787514686584
11.461066	0.0426250025629997	11.467299	3.32050013542175
11.483618	0.0430000014603138	11.489855	3.32450008392334
11.506175	0.0445000007748604	11.512412	3.32775020599365
11.528735	0.0451250039041042	11.534967	3.33075022697449
11.551292	0.0430000014603138	11.557524	3.33300018310547
11.573848	0.0436250008642673	11.580085	3.33400011062622
11.596417	0.0422500036656857	11.602655	3.33550024032593
11.618965	0.0427500009536743	11.625199	3.33700013160706
11.641524	0.0432500019669533	11.647757	3.33987522125244
11.664077	0.0436250008642673	11.670314	3.3432502746582
11.686635	0.0450000017881393	11.692873	3.34662508964539
11.709192	0.0461250022053719	11.715425	3.34912514686584
11.731767	0.0457500033080578	11.738	3.35137510299683
11.754322	0.0441250018775463	11.760559	3.3518750667572
11.77688	0.0442500002682209	11.783112	3.35362505912781
11.799446	0.0435000024735928	11.805678	3.35500025749207
11.821994	0.0443750023841858	11.828226	3.3573751449585
11.844549	0.0403750017285347	11.850782	3.36037516593933
11.867129	0.0465000011026859	11.873368	3.36337518692017
11.889695	0.0462500005960464	11.895927	3.366375207901
11.912252	0.0447500012814999	11.918484	3.3683750629425
11.934807	0.0440000034868717	11.941045	3.36862516403198
11.957369	0.0437500029802322	11.963602	3.36962509155273
11.979942	0.0437500029802322	11.986175	3.37187504768372
12.002495	0.0455000028014183	12.008728	3.3736252784729
12.025049	0.0470000021159649	12.031287	3.37700009346008
12.047606	0.0471250005066395	12.053838	3.38012504577637
12.070162	0.0462500005960464	12.076395	3.38250017166138
12.092719	0.0453750006854534	12.098953	3.38437509536743
12.115272	0.0446250028908253	12.12151	3.38462519645691
12.137828	0.0447500012814999	12.14406	3.38487505912781
12.160388	0.0447500012814999	12.16662	3.38662505149841
12.182956	0.0451250039041042	12.189189	3.3895001411438
12.205508	0.0463750027120113	12.211745	3.39237523078918
12.228094	0.049125000834465	12.234333	3.39512515068054
12.250665	0.0461250022053719	12.256898	3.39775013923645
12.273236	0.0466250032186508	12.279469	3.39775013923645
12.295788	0.0450000017881393	12.302026	3.39912509918213
12.318344	0.0426250025629997	12.324594	3.3996250629425
12.340917	0.0465000011026859	12.347152	3.40075016021729
12.363474	0.0461250022053719	12.369707	3.40387511253357
12.38603	0.0467500016093254	12.392262	3.40637516975403
12.408582	0.0485000014305115	12.414815	3.40912508964539
12.431137	0.0468750037252903	12.437369	3.41125011444092
12.453691	0.0466250032186508	12.459924	3.41137504577637
12.476235	0.0462500005960464	12.482473	3.4123752117157
12.498794	0.0455000028014183	12.505026	3.41275024414062
12.521354	0.0513750016689301	12.527586	3.4143750667572
12.54392	0.0463750027120113	12.550153	3.41712522506714
12.566476	0.0476250015199184	12.572714	3.41962504386902
12.589051	0.0486250035464764	12.595283	3.42200016975403
12.611609	0.0485000014305115	12.617842	3.42337512969971
12.634162	0.0463750027120113	12.640399	3.42400026321411
12.656718	0.0465000011026859	12.662955	3.42462515830994
12.679274	0.0467500016093254	12.685507	3.42500019073486
12.701846	0.0463750027120113	12.708078	3.42650008201599
12.724428	0.047375001013279	12.730667	3.42875027656555
12.746991	0.0475000031292439	12.753237	3.43225026130676
12.769563	0.049625001847744	12.775795	3.43362522125244
12.792122	0.0480000004172325	12.798354	3.43437504768372
12.814685	0.048750001937151	12.820923	3.43450021743774
12.837241	0.0462500005960464	12.843474	3.43425011634827
12.859837	0.0470000021159649	12.866071	3.4352502822876
12.882407	0.0475000031292439	12.8887	3.43675017356873
12.905023	0.0478750020265579	12.91126	3.43937516212463
12.927583	0.0486250035464764	12.933816	3.44137525558472
12.950139	0.049625001847744	12.956372	3.4436252117157
12.972694	0.0480000004172325	12.978939	3.44425010681152
12.995257	0.048750001937151	13.001495	3.44412517547607
13.017814	0.0438750013709068	13.024047	3.44437527656555
13.04037	0.0476250015199184	13.046603	3.44500017166138
13.062926	0.0457500033080578	13.069159	3.44612526893616
13.085493	0.0477500036358833	13.09173	3.44800019264221
13.108049	0.0501250028610229	13.114295	3.4508752822876
13.130619	0.0502500012516975	13.136851	3.45225024223328
13.15317	0.049125000834465	13.159403	3.45225024223328
13.175723	0.0477500036358833	13.181961	3.4520001411438
13.198279	0.0467500016093254	13.204511	3.4526252746582
13.220833	0.0485000014305115	13.227084	3.45300006866455
13.243431	0.0486250035464764	13.249669	3.45425009727478
13.265994	0.0480000004172325	13.272231	3.45637512207031
13.288564	0.0503750033676624	13.294797	3.45812511444092
13.311123	0.0500000007450581	13.317356	3.45937514305115
13.333676	0.0485000014305115	13.339914	3.46000027656555
13.356224	0.049125000834465	13.362457	3.4592502117157
13.378776	0.0478750020265579	13.385009	3.4592502117157
13.401333	0.0471250005066395	13.407565	3.45912528038025
13.423884	0.0493750013411045	13.430117	3.46075010299683
13.446439	0.0503750033676624	13.452672	3.46337509155273
13.469012	0.0506250038743019	13.475251	3.46487522125244
13.491578	0.051000002771616	13.49781	3.46575021743774
13.514133	0.0492500029504299	13.520365	3.46600008010864
13.536689	0.0497500039637089	13.542922	3.46575021743774
13.559242	0.0480000004172325	13.565475	3.46550011634827
13.581803	0.0490000024437904	13.588035	3.46587514877319
13.604368	0.0492500029504299	13.610606	3.46700024604797
13.626927	0.049125000834465	13.633159	3.46925020217896
13.64948	0.0512500032782555	13.655713	3.47125005722046
13.672037	0.0497500039637089	13.678269	3.47150015830994
13.694593	0.0490000024437904	13.70083	3.47162508964539
13.717149	0.0490000024437904	13.723387	3.47075009346008
13.739713	0.0483750030398369	13.745945	3.47075009346008
13.762273	0.049125000834465	13.768505	3.47137522697449
13.784803	0.0500000007450581	13.79104	3.47262525558472
13.80736	0.050500001758337	13.813593	3.4748752117157
13.829918	0.0511250011622906	13.836146	3.4760000705719
13.852487	0.049625001847744	13.85874	3.4768750667572
13.875062	0.0480000004172325	13.88129	3.4766252040863
13.897612	0.048750001937151	13.903845	3.47587513923645
13.920171	0.048750001937151	13.926404	3.4766252040863
13.94273	0.0507500022649765	13.948963	3.47675013542175
13.965289	0.0498750023543835	13.971526	3.47837519645691
13.987861	0.0495000034570694	13.994106	3.48012518882751
14.010426	0.051000002771616	14.016658	3.48137521743774
14.032984	0.0503750033676624	14.039217	3.4821252822876
14.055536	0.0502500012516975	14.061774	3.48137521743774
14.078093	0.0488750040531158	14.084326	3.48075008392334
14.10065	0.0500000007450581	14.106882	3.48087525367737
14.123201	0.0506250038743019	14.129434	3.48187518119812
14.145753	0.0495000034570694	14.151991	3.4838752746582
14.168313	0.0512500032782555	14.174546	3.4850001335144
14.190871	0.051875002682209	14.197103	3.48625016212463
14.213434	0.0506250038743019	14.219672	3.48712515830994
14.236018	0.051000002771616	14.242256	3.48600006103516
14.258579	0.049125000834465	14.264812	3.48550009727478
14.281137	0.049125000834465	14.28737	3.4850001335144
14.303691	0.0513750016689301	14.309928	3.48612523078918
14.326247	0.0497500039637089	14.332486	3.48787522315979
14.348804	0.0520000010728836	14.355043	3.48975014686584
14.371382	0.0525000020861626	14.377614	3.49087524414062
14.393929	0.0507500022649765	14.400168	3.49187517166138
14.416488	0.050500001758337	14.422725	3.49037528038025
14.439049	0.0495000034570694	14.445282	3.49037528038025
14.461607	0.050500001758337	14.46784	3.49000024795532
14.484159	0.0513750016689301	14.490396	3.49125027656555
14.506716	0.050500001758337	14.512953	3.49325013160706
14.529273	0.0517500042915344	14.535511	3.49475026130676
14.551832	0.052375003695488	14.55806	3.49575018882751
14.574408	0.051000002771616	14.580652	3.49587512016296
14.596975	0.0516250021755695	14.603213	3.49525022506714
14.61954	0.0502500012516975	14.625772	3.49412512779236
14.642094	0.0502500012516975	14.648327	3.49475026130676
14.664647	0.0508750006556511	14.670885	3.49600005149841
14.687219	0.0501250028610229	14.693452	3.4977502822876
14.709777	0.052375003695488	14.716009	3.49962520599365
14.732338	0.0520000010728836	14.738572	3.50012516975403
14.754891	0.0507500022649765	14.761128	3.49987506866455
14.777449	0.0511250011622906	14.783682	3.49937510490417
14.800007	0.0498750023543835	14.806239	3.49850010871887
14.822563	0.051000002771616	14.828796	3.49912524223328
14.845115	0.0516250021755695	14.851347	3.50050020217896
14.867689	0.051875002682209	14.873927	3.50225019454956
14.890264	0.052750002592802	14.896497	3.50362515449524
14.912828	0.0528750009834766	14.919061	3.50437521934509
14.93538	0.0506250038743019	14.941617	3.50412511825562
14.957938	0.0502500012516975	14.964171	3.50375008583069
14.980497	0.0508750006556511	14.98673	3.50337505340576
15.003048	0.0498750023543835	15.009281	3.50312519073486
15.0256	0.0512500032782555	15.031838	3.50512528419495
15.048161	0.0501250028610229	15.054396	3.50625014305115
15.070721	0.0531250014901161	15.076953	3.5078752040863
15.093275	0.052375003695488	15.099533	3.50800013542175
15.115852	0.0513750016689301	15.122089	3.50825023651123
15.138409	0.051000002771616	15.144642	3.50737524032593
15.160966	0.0508750006556511	15.167198	3.507000207901
15.18353	0.051000002771616	15.189768	3.50750017166138
15.206086	0.0512500032782555	15.212324	3.5090000629425
15.228691	0.0526250042021275	15.23493	3.51075005531311
15.251273	0.0533750019967556	15.257506	3.51175022125244
15.273826	0.0550000034272671	15.280065	3.51225018501282
15.29639	0.0517500042915344	15.302627	3.51175022125244
15.318952	0.0513750016689301	15.325186	3.51150012016296
15.341511	0.051000002771616	15.347743	3.51075005531311
15.364063	0.052750002592802	15.370301	3.51137518882751
15.386619	0.0511250011622906	15.392857	3.51287508010864
15.409177	0.0517500042915344	15.41541	3.51437520980835
15.431747	0.053250003606081	15.437975	3.51600027084351
15.454307	0.0520000010728836	15.46054	3.51600027084351
15.476861	0.0528750009834766	15.483095	3.51562523841858
15.499427	0.0511250011622906	15.505659	3.51525020599365
15.521984	0.051000002771616	15.528217	3.51475024223328
15.544535	0.051000002771616	15.550773	3.51550006866455
15.567092	0.0520000010728836	15.573327	3.51650023460388
15.589651	0.0531250014901161	15.595878	3.51875019073486
15.612203	0.054125003516674	15.618437	3.52000021934509
15.634785	0.0520000010728836	15.641018	3.51962518692017
15.657329	0.0516250021755695	15.663589	3.51912522315979
15.679912	0.0515000037848949	15.686144	3.51787519454956
15.702466	0.0545000024139881	15.708699	3.51825022697449
15.725032	0.052750002592802	15.731271	3.51837515830994
15.747593	0.0521250031888485	15.753826	3.52062511444092
15.770157	0.0531250014901161	15.77639	3.5217502117157
15.792731	0.0538750030100346	15.798964	3.52250027656555
15.815283	0.0521250031888485	15.82152	3.52275013923645
15.837837	0.052375003695488	15.844069	3.52275013923645
15.860411	0.050500001758337	15.866644	3.52137517929077
15.882965	0.0521250031888485	15.889193	3.52162528038025
15.905512	0.0516250021755695	15.91175	3.52237510681152
15.928071	0.0546250008046627	15.934306	3.52450013160706
15.95063	0.0540000014007092	15.956863	3.52562522888184
15.973182	0.054125003516674	15.979426	3.52637505531311
15.995749	0.0525000020861626	16.001986	3.52637505531311
16.018305	0.0516250021755695	16.024538	3.52537512779236
16.040862	0.0522500015795231	16.047094	3.5246250629425
16.06343	0.0513750016689301	16.069667	3.52475023269653
16.085987	0.051875002682209	16.092225	3.52600026130676
16.108564	0.0516250021755695	16.114797	3.52775025367737
16.13112	0.055500004440546	16.137352	3.52862524986267
16.153671	0.052750002592802	16.159908	3.52950024604797
16.176225	0.0520000010728836	16.182463	3.5298752784729
16.198797	0.0533750019967556	16.205029	3.52800011634827
16.221345	0.048750001937151	16.227596	3.52775025367737
16.243934	0.052375003695488	16.250172	3.52762508392334
16.266492	0.0530000030994415	16.272729	3.52950024604797
16.289051	0.0525000020861626	16.295283	3.53112506866455
16.311608	0.0545000024139881	16.31784	3.53125023841858
16.334161	0.052750002592802	16.340398	3.53275012969971
16.356716	0.0531250014901161	16.362954	3.53162527084351
16.379273	0.0521250031888485	16.385506	3.53137516975403
16.401844	0.0517500042915344	16.408077	3.53050017356873
16.424407	0.0552500039339066	16.430644	3.5310001373291
16.446965	0.0525000020861626	16.453197	3.53262519836426
16.469563	0.054125003516674	16.475796	3.53400015830994
16.492123	0.0548750013113022	16.498356	3.53512525558472
16.514687	0.053250003606081	16.520924	3.53550004959106
16.537244	0.0521250031888485	16.543477	3.53462505340576
16.559801	0.0517500042915344	16.566033	3.53412508964539
16.582362	0.0517500042915344	16.588595	3.53337526321411
16.604915	0.052375003695488	16.611152	3.53412508964539
16.627472	0.0530000030994415	16.633727	3.53562521934509
16.650054	0.0536250025033951	16.656286	3.5373752117157
16.672611	0.0546250008046627	16.67885	3.53787517547607
16.69517	0.0531250014901161	16.701408	3.53812527656555
16.717723	0.0526250042021275	16.723973	3.53725028038025
16.740304	0.0517500042915344	16.746536	3.53687524795532
16.76286	0.0511250011622906	16.769093	3.53687524795532
16.785414	0.0528750009834766	16.791646	3.53675007820129
16.807965	0.0530000030994415	16.814198	3.5385000705719
16.830519	0.0542500019073486	16.836752	3.54050016403198
16.853073	0.0556250028312206	16.859359	3.54075026512146
16.875682	0.0537500008940697	16.881926	3.54075026512146
16.898258	0.052750002592802	16.90449	3.54050016403198
16.920821	0.0561250038444996	16.927053	3.53862524032593
16.943373	0.0517500042915344	16.949606	3.53900027275085
16.965927	0.0528750009834766	16.972164	3.53975009918213
16.988484	0.0545000024139881	16.994716	3.54137516021729
17.011042	0.0570000037550926	17.017274	3.54300022125244
17.033593	0.0551250018179417	17.039831	3.54400014877319
17.056149	0.0530000030994415	17.062387	3.54387521743774
17.078705	0.0508750006556511	17.084938	3.54275012016296
17.101265	0.053250003606081	17.107497	3.54200005531311
17.123817	0.0526250042021275	17.130054	3.54200005531311
17.146377	0.0531250014901161	17.152615	3.54262518882751
17.168941	0.0542500019073486	17.175173	3.54387521743774
17.191498	0.0546250008046627	17.197731	3.54562520980835
17.214051	0.0550000034272671	17.220288	3.54612517356873
17.236637	0.0526250042021275	17.242875	3.54625010490417
17.259202	0.0531250014901161	17.265435	3.54512524604797
17.281776	0.052375003695488	17.288008	3.54375028610229
17.304328	0.0503750033676624	17.310565	3.54375028610229
17.326887	0.0536250025033951	17.333119	3.54537510871887
17.349439	0.0528750009834766	17.355671	3.54675006866455
17.371996	0.0548750013113022	17.378228	3.54800009727478
17.394547	0.0546250008046627	17.400785	3.54862523078918
17.417104	0.0522500015795231	17.423337	3.54850006103516
17.439661	0.0533750019967556	17.445893	3.54675006866455
17.462221	0.0520000010728836	17.468453	3.54675006866455
17.484799	0.0530000030994415	17.491036	3.54600024223328
17.507356	0.0530000030994415	17.513584	3.54775023460388
17.529909	0.0521250031888485	17.536141	3.54950022697449
17.552465	0.0548750013113022	17.558698	3.55050015449524
17.575017	0.0545000024139881	17.581254	3.55075025558472
17.597573	0.053250003606081	17.603813	3.55062508583069
17.620137	0.0536250025033951	17.626369	3.54937505722046
17.642695	0.052750002592802	17.648943	3.54912519454956
17.665262	0.0520000010728836	17.671494	3.54975008964539
17.687816	0.052750002592802	17.694049	3.55025005340576
17.710373	0.052750002592802	17.716605	3.55200028419495
17.732933	0.0547500029206276	17.739166	3.55287528038025
17.755476	0.0542500019073486	17.761714	3.55287528038025
17.778035	0.0558750033378601	17.784269	3.55275011062622
17.800593	0.0550000034272671	17.806825	3.55100011825562
17.823154	0.050500001758337	17.829387	3.55125021934509
17.84571	0.052750002592802	17.851955	3.55037522315979
17.868294	0.0521250031888485	17.874523	3.55262517929077
17.89084	0.0531250014901161	17.897075	3.55437517166138
17.913397	0.0547500029206276	17.91964	3.55537509918213
17.935954	0.054125003516674	17.942187	3.5547502040863
17.958508	0.052750002592802	17.964742	3.55462527275085
17.981072	0.0512500032782555	17.987305	3.55337524414062
18.003639	0.0522500015795231	18.009876	3.5530002117157
18.026198	0.0537500008940697	18.032436	3.55337524414062
18.048755	0.053250003606081	18.054988	3.5547502040863
18.071313	0.0545000024139881	18.077546	3.55625009536743
18.093865	0.0546250008046627	18.100103	3.55725026130676
18.116422	0.0533750019967556	18.122659	3.55725026130676
18.138978	0.0531250014901161	18.145212	3.55625009536743
18.161536	0.0526250042021275	18.167769	3.55562520027161
18.184107	0.0560000017285347	18.190344	3.55462527275085
18.206662	0.0565000027418137	18.212899	3.55537509918213
18.229242	0.0542500019073486	18.235475	3.55687522888184
18.251801	0.0546250008046627	18.258034	3.55825018882751
18.274357	0.0561250038444996	18.280594	3.55962514877319
18.296914	0.0533750019967556	18.303147	3.55900025367737
18.319465	0.0538750030100346	18.325698	3.55762505531311
18.342021	0.0525000020861626	18.348254	3.55750012397766
18.364599	0.0531250014901161	18.370836	3.55725026130676
18.387162	0.0526250042021275	18.393395	3.55750012397766
18.409718	0.0565000027418137	18.41595	3.55937528610229
18.432276	0.0551250018179417	18.438509	3.5602502822876
18.454807	0.0558750033378601	18.461044	3.56100010871887
18.477364	0.0533750019967556	18.483596	3.56100010871887
18.499922	0.0531250014901161	18.506154	3.56000018119812
18.522479	0.0525000020861626	18.528711	3.55962514877319
18.545031	0.0536250025033951	18.551268	3.55912518501282
18.567602	0.0531250014901161	18.573835	3.55975008010864
18.590151	0.0535000041127205	18.596384	3.5611252784729
18.61271	0.0551250018179417	18.618943	3.56212520599365
18.635262	0.0571250021457672	18.6415	3.56325006484985
18.657819	0.0545000024139881	18.664052	3.56287527084351
18.680376	0.0538750030100346	18.686608	3.56162524223328
18.702932	0.053250003606081	18.709166	3.5611252784729
18.725492	0.0530000030994415	18.73173	3.56062507629395
18.748064	0.053250003606081	18.754305	3.56150007247925
18.770629	0.0543750040233135	18.776862	3.56287527084351
18.793183	0.0557500012218952	18.799443	3.56450009346008
18.815768	0.0545000024139881	18.822006	3.56487512588501
18.838326	0.054125003516674	18.844559	3.56362509727478
18.86091	0.0573750026524067	18.867139	3.56325006484985
18.883478	0.052750002592802	18.889713	3.56237506866455
18.906034	0.0587500035762787	18.912272	3.56250023841858
18.928603	0.0540000014007092	18.934838	3.56387519836426
18.951159	0.054125003516674	18.957392	3.56500005722046
18.973727	0.0563750043511391	18.97996	3.56637525558472
18.996281	0.0547500029206276	19.002515	3.56637525558472
19.018855	0.0538750030100346	19.025088	3.56562519073486
19.041409	0.0540000014007092	19.047636	3.56462526321411
19.063957	0.0512500032782555	19.070195	3.56425023078918
19.086513	0.0538750030100346	19.092751	3.56362509727478
19.109087	0.0567500032484531	19.115319	3.56512522697449
19.13164	0.0550000034272671	19.137872	3.56662511825562
19.154197	0.0576250031590462	19.160434	3.56812524795532
19.176754	0.0545000024139881	19.182992	3.56837511062622
19.199312	0.0536250025033951	19.205545	3.56712508201599
19.22187	0.0533750019967556	19.22811	3.56650018692017
19.244432	0.0513750016689301	19.250669	3.56600022315979
19.26699	0.0542500019073486	19.273236	3.56600022315979
19.289567	0.054125003516674	19.295801	3.56737518310547
19.312127	0.0542500019073486	19.318359	3.56875014305115
19.334684	0.0565000027418137	19.340922	3.56987524032593
19.357242	0.0547500029206276	19.363475	3.56912517547607
19.379801	0.0533750019967556	19.386033	3.5688750743866
19.402358	0.0533750019967556	19.408591	3.56700015068054
19.42491	0.053250003606081	19.431147	3.56725025177002
19.447466	0.0537500008940697	19.453703	3.56812524795532
19.470041	0.0540000014007092	19.476273	3.56912517547607
19.492598	0.0546250008046627	19.498851	3.57012510299683
19.515172	0.0573750026524067	19.521409	3.57137513160706
19.537728	0.0543750040233135	19.543961	3.57087516784668
19.560286	0.0537500008940697	19.566518	3.5703752040863
19.582843	0.052750002592802	19.589076	3.5688750743866
19.605395	0.052750002592802	19.611632	3.56900024414062
19.627952	0.0543750040233135	19.634194	3.56925010681152
19.650533	0.0537500008940697	19.656765	3.57075023651123
19.673084	0.0537500008940697	19.679335	3.57237505912781
19.695654	0.0556250028312206	19.701891	3.57325005531311
19.718211	0.0547500029206276	19.724449	3.57275009155273
19.740775	0.053250003606081	19.747007	3.57175016403198
19.763345	0.0540000014007092	19.769582	3.57075023651123
19.785903	0.0537500008940697	19.79214	3.57050013542175
19.808464	0.0543750040233135	19.814697	3.5715000629425
19.831036	0.0551250018179417	19.837263	3.57212519645691
19.853605	0.0558750033378601	19.85984	3.57387518882751
19.87616	0.0563750043511391	19.882393	3.57462525367737
19.898718	0.0533750019967556	19.904951	3.57425022125244
19.921271	0.0545000024139881	19.927503	3.57287526130676
19.943824	0.052750002592802	19.950061	3.57225012779236
19.966381	0.0522500015795231	19.972618	3.57237505912781
19.988941	0.054125003516674	19.995174	3.57225012779236
20.011497	0.0542500019073486	20.017736	3.57462525367737
20.034059	0.0546250008046627	20.040297	3.57512521743774
20.056619	0.0557500012218952	20.062856	3.57575011253357
20.079177	0.0537500008940697	20.085412	3.57550024986267
20.101733	0.0536250025033951	20.107965	3.57400012016296
20.124303	0.054125003516674	20.13054	3.57362508773804
20.146859	0.0538750030100346	20.153098	3.57375025749207
20.169433	0.0522500015795231	20.175666	3.57450008392334
20.19199	0.0578750036656857	20.198223	3.57537508010864
20.214544	0.0563750043511391	20.220781	3.57737517356873
20.237137	0.0582500025629997	20.243371	3.5770001411438
20.259699	0.0567500032484531	20.265932	3.57687520980835
20.282257	0.0538750030100346	20.288489	3.57525014877319
20.304812	0.0545000024139881	20.311049	3.57487511634827
20.327368	0.0533750019967556	20.333601	3.57462525367737
20.349927	0.0547500029206276	20.356159	3.5758752822876
20.372497	0.0537500008940697	20.37873	3.57750010490417
20.395049	0.0556250028312206	20.401286	3.57887506484985
20.417607	0.0543750040233135	20.42384	3.5787501335144
20.440163	0.0538750030100346	20.446396	3.57812523841858
20.46272	0.053250003606081	20.468953	3.57662510871887
20.485329	0.0570000037550926	20.491595	3.57625007629395
20.507974	0.054125003516674	20.514278	3.57662510871887
20.530649	0.0536250025033951	20.536884	3.57800006866455
20.553211	0.0576250031590462	20.55951	3.57912516593933
20.57583	0.0570000037550926	20.582068	3.58025026321411
20.598392	0.0540000014007092	20.604625	3.58000016212463
20.620949	0.0573750026524067	20.627182	3.57887506484985
20.643503	0.0526250042021275	20.649741	3.5778751373291
20.666061	0.051000002771616	20.672298	3.57775020599365
20.688616	0.0537500008940697	20.69485	3.57775020599365
20.711173	0.0531250014901161	20.717406	3.57937526702881
20.733744	0.0563750043511391	20.739982	3.58025026321411
20.756303	0.0562500022351742	20.76254	3.58125019073486
20.778859	0.0573750026524067	20.785092	3.58112525939941
20.801408	0.0513750016689301	20.807641	3.57987523078918
20.823961	0.0566250011324883	20.830198	3.57912516593933
20.846518	0.0540000014007092	20.852774	3.57925009727478
20.869115	0.0551250018179417	20.875344	3.57925009727478
20.891676	0.052375003695488	20.897915	3.58075022697449
20.914252	0.0561250038444996	20.92049	3.58187508583069
20.936808	0.0553750023245811	20.943047	3.58262515068054
20.959369	0.0547500029206276	20.965601	3.58212518692017
20.981926	0.0548750013113022	20.988158	3.58112525939941
21.004479	0.0540000014007092	21.010716	3.57962512969971
21.027036	0.0545000024139881	21.033269	3.57950019836426
21.049593	0.0537500008940697	21.055825	3.58000016212463
21.07215	0.0547500029206276	21.078382	3.58187508583069
21.09471	0.0566250011324883	21.100945	3.58312511444092
21.117267	0.0557500012218952	21.1235	3.58362507820129
21.139822	0.0575000010430813	21.14605	3.58312511444092
21.162371	0.0547500029206276	21.168603	3.58225011825562
21.184925	0.0547500029206276	21.191158	3.58112525939941
21.207471	0.0536250025033951	21.213735	3.58137512207031
21.230079	0.0533750019967556	21.236314	3.58212518692017
21.252646	0.0540000014007092	21.258878	3.58312511444092
21.275199	0.0561250038444996	21.281436	3.58462524414062
21.297758	0.0551250018179417	21.303992	3.58525013923645
21.320317	0.0551250018179417	21.326549	3.58350014686584
21.342874	0.0546250008046627	21.349106	3.58300018310547
21.365425	0.0536250025033951	21.371663	3.58212518692017
21.387982	0.0546250008046627	21.394215	3.58237528800964
21.410538	0.054125003516674	21.41677	3.58300018310547
21.433091	0.0546250008046627	21.439339	3.58462524414062
21.455658	0.0560000017285347	21.461896	3.585125207901
21.478225	0.0557500012218952	21.484458	3.58562517166138
21.500782	0.0556250028312206	21.507014	3.58500027656555
21.52334	0.054125003516674	21.529578	3.58300018310547
21.545899	0.053250003606081	21.552136	3.58325028419495
21.568455	0.0543750040233135	21.574688	3.58325028419495
21.591012	0.0550000034272671	21.597244	3.5842502117157
21.613569	0.0542500019073486	21.619806	3.58587527275085
21.636125	0.0561250038444996	21.642363	3.58637523651123
21.658682	0.0558750033378601	21.664916	3.58662509918213
21.681231	0.0540000014007092	21.687464	3.58587527275085
21.703782	0.0583750009536743	21.71002	3.58412528038025
21.726352	0.0533750019967556	21.732585	3.58400011062622
21.748906	0.0545000024139881	21.755139	3.58475017547607
21.771464	0.0546250008046627	21.777696	3.58550024032593
21.794018	0.0548750013113022	21.800255	3.58687520027161
21.816578	0.0567500032484531	21.822815	3.58775019645691
21.839161	0.0557500012218952	21.845399	3.58775019645691
21.861752	0.0545000024139881	21.86798	3.58687520027161
21.884327	0.0545000024139881	21.890554	3.58587527275085
21.906867	0.052375003695488	21.9131	3.585125207901
21.929429	0.0595000013709068	21.935661	3.58525013923645
21.951986	0.0547500029206276	21.958219	3.58675026893616
21.974539	0.0570000037550926	21.980776	3.58775019645691
21.997091	0.0568750016391277	22.00335	3.58862519264221
22.019675	0.0551250018179417	22.025907	3.58862519264221
22.042233	0.0550000034272671	22.048466	3.58737516403198
22.064788	0.0528750009834766	22.071026	3.58650016784668
22.087345	0.0551250018179417	22.093578	3.58637523651123
22.109902	0.0546250008046627	22.116135	3.58650016784668
22.132459	0.0546250008046627	22.138691	3.58850026130676
22.15501	0.0571250021457672	22.161248	3.58875012397766
22.177566	0.0567500032484531	22.183815	3.58912515640259
22.200138	0.0542500019073486	22.20637	3.58900022506714
22.222697	0.0548750013113022	22.228951	3.58775019645691
22.245282	0.0540000014007092	22.251514	3.58725023269653
22.267841	0.054125003516674	22.274073	3.58650016784668
22.290395	0.0560000017285347	22.296628	3.5871250629425
22.312944	0.0547500029206276	22.319177	3.58900022506714
22.335496	0.0566250011324883	22.341734	3.58950018882751
22.358055	0.0575000010430813	22.364306	3.59025025367737
22.380631	0.0551250018179417	22.386864	3.58987522125244
22.403185	0.0548750013113022	22.409432	3.58837509155273
22.425751	0.0535000041127205	22.431988	3.58750009536743
22.448307	0.0545000024139881	22.45454	3.58750009536743
22.470864	0.0553750023245811	22.477096	3.58825016021729
22.493439	0.0551250018179417	22.499677	3.58937525749207
22.515996	0.0582500025629997	22.522233	3.59025025367737
22.538564	0.054125003516674	22.544797	3.59075021743774
22.561121	0.0548750013113022	22.567354	3.59062528610229
22.583673	0.0556250028312206	22.58991	3.58912515640259
22.606229	0.0543750040233135	22.612466	3.58837509155273
22.628785	0.0548750013113022	22.635018	3.58862519264221
22.651342	0.0543750040233135	22.657574	3.58875012397766
22.673923	0.0562500022351742	22.68016	3.59012508392334
22.696479	0.0561250038444996	22.702717	3.59187507629395
22.71905	0.0557500012218952	22.725288	3.59137511253357
22.741612	0.0557500012218952	22.747845	3.59075021743774
22.764165	0.0557500012218952	22.770403	3.58975005149841
22.786722	0.0543750040233135	22.792959	3.58875012397766
22.809278	0.0550000034272671	22.815511	3.58862519264221
22.831835	0.0550000034272671	22.838067	3.58987522125244
22.854417	0.0557500012218952	22.860652	3.59112524986267
22.876972	0.0571250021457672	22.883212	3.59162521362305
22.899554	0.0553750023245811	22.905786	3.59212517738342
22.922111	0.0550000034272671	22.928344	3.59087514877319
22.944685	0.0543750040233135	22.950922	3.58987522125244
22.967247	0.0545000024139881	22.97348	3.58875012397766
22.989804	0.0546250008046627	22.996036	3.58937525749207
23.01236	0.0547500029206276	23.018592	3.59037518501282
23.034912	0.0595000013709068	23.041149	3.5917501449585
23.057467	0.0566250011324883	23.063722	3.5923752784729
23.080049	0.0561250038444996	23.086282	3.5923752784729
23.102605	0.055500004440546	23.10885	3.5915002822876
23.12517	0.0537500008940697	23.131408	3.59087514877319
23.147726	0.0542500019073486	23.153959	3.58925008773804
23.170282	0.0588750019669533	23.176514	3.59012508392334
23.192839	0.0556250028312206	23.199071	3.59137511253357
23.21539	0.0562500022351742	23.221627	3.5923752784729
23.237975	0.0582500025629997	23.244209	3.5932502746582
23.260533	0.0556250028312206	23.266766	3.59300017356873
23.283087	0.0552500039339066	23.28934	3.59187507629395
23.30566	0.0530000030994415	23.311898	3.59050011634827
23.328218	0.0545000024139881	23.334452	3.59025025367737
23.350773	0.0550000034272671	23.357006	3.59087514877319
23.373326	0.0546250008046627	23.379559	3.5917501449585
23.395878	0.0563750043511391	23.402111	3.59300017356873
23.418445	0.0570000037550926	23.424683	3.59375023841858
23.441008	0.0561250038444996	23.447241	3.59300017356873
23.463562	0.0551250018179417	23.4698	3.59212517738342
23.486119	0.0560000017285347	23.492357	3.59162521362305
23.508676	0.0542500019073486	23.514909	3.59037518501282
23.531233	0.0552500039339066	23.537466	3.59100008010864
23.553786	0.0548750013113022	23.560024	3.5923752784729
23.576343	0.0566250011324883	23.582581	3.59400010108948
23.598901	0.0562500022351742	23.605135	3.59425020217896
23.62147	0.0552500039339066	23.627702	3.59337520599365
23.644022	0.0548750013113022	23.650259	3.59287524223328
23.66658	0.0570000037550926	23.672817	3.59100008010864
23.689141	0.0553750023245811	23.695373	3.59137511253357
23.711698	0.0548750013113022	23.71793	3.5923752784729
23.734253	0.0547500029206276	23.740491	3.59300017356873
23.756801	0.0565000027418137	23.763059	3.59400010108948
23.779377	0.0563750043511391	23.78561	3.59475016593933
23.80193	0.0548750013113022	23.808163	3.59400010108948
23.824495	0.0543750040233135	23.830732	3.5932502746582
23.847051	0.0538750030100346	23.853302	3.5917501449585
23.869632	0.0578750036656857	23.87586	3.59137511253357
23.892183	0.0546250008046627	23.898415	3.59287524223328
23.914736	0.0548750013113022	23.92097	3.59375023841858
23.93729	0.0575000010430813	23.943527	3.59500026702881
23.959852	0.0593750029802322	23.966084	3.59462523460388
23.982408	0.0546250008046627	23.988656	3.59450006484985
24.004978	0.0551250018179417	24.011215	3.59300017356873
24.027549	0.051000002771616	24.033783	3.59225010871887
24.050103	0.0557500012218952	24.056335	3.59200024604797
24.072659	0.0547500029206276	24.078892	3.59312510490417
24.095211	0.055500004440546	24.101448	3.59425020217896
24.117768	0.0595000013709068	24.124014	3.59512519836426
24.140338	0.055500004440546	24.14657	3.59487509727478
24.162892	0.0548750013113022	24.169137	3.59450006484985
24.185457	0.0552500039339066	24.191694	3.59312510490417
24.208015	0.0542500019073486	24.214248	3.59250020980835
24.230591	0.0550000034272671	24.236823	3.5923752784729
24.253159	0.0550000034272671	24.259392	3.59362506866455
24.275712	0.0548750013113022	24.28195	3.59500026702881
24.298268	0.0571250021457672	24.304501	3.59550023078918
24.320825	0.0556250028312206	24.327057	3.59512519836426
24.343376	0.0553750023245811	24.349614	3.59475016593933
24.365932	0.0561250038444996	24.372165	3.5926251411438
24.388485	0.0566250011324883	24.394718	3.5926251411438
24.411039	0.0546250008046627	24.417271	3.59312510490417
24.433593	0.0550000034272671	24.439831	3.59362506866455
24.456153	0.0565000027418137	24.462385	3.59487509727478
24.478707	0.0575000010430813	24.48494	3.59575009346008
24.501259	0.0551250018179417	24.507491	3.59575009346008
24.523822	0.0577500015497208	24.530059	3.59512519836426
24.546393	0.0536250025033951	24.552631	3.59362506866455
24.568957	0.0547500029206276	24.57519	3.5926251411438
24.591512	0.0558750033378601	24.597744	3.5932502746582
24.614064	0.0552500039339066	24.620297	3.5943751335144
24.636617	0.0598750039935112	24.64285	3.59587526321411
24.659168	0.0591250024735928	24.6654	3.59600019454956
24.681724	0.0545000024139881	24.687958	3.59637522697449
24.7043	0.0552500039339066	24.710538	3.59550023078918
24.726867	0.0543750040233135	24.7331	3.59387516975403
24.749434	0.0560000017285347	24.755667	3.59300017356873
24.771987	0.0552500039339066	24.77822	3.59375023841858
24.794538	0.0552500039339066	24.800776	3.59525012969971
24.817095	0.0570000037550926	24.823328	3.59625005722046
24.839652	0.0578750036656857	24.845885	3.59637522697449
24.86223	0.0551250018179417	24.868464	3.59612512588501
24.884834	0.0545000024139881	24.891069	3.59475016593933
24.907393	0.0542500019073486	24.913626	3.59387516975403
24.929951	0.055500004440546	24.936185	3.5932502746582
24.952526	0.0557500012218952	24.958754	3.59387516975403
24.975077	0.0561250038444996	24.981315	3.59537506103516
24.997638	0.0581250041723251	25.00387	3.59612512588501
25.020194	0.0563750043511391	25.026427	3.59687519073486
25.042753	0.0551250018179417	25.048988	3.59675025939941
25.06531	0.0557500012218952	25.071548	3.59475016593933
25.087866	0.0537500008940697	25.094105	3.59412527084351
25.110429	0.0562500022351742	25.116661	3.59400010108948
25.132986	0.0551250018179417	25.139218	3.59425020217896
25.155551	0.0551250018179417	25.161788	3.59575009346008
25.178108	0.0577500015497208	25.184341	3.59637522697449
25.200667	0.0561250038444996	25.2069	3.59712505340576
25.223255	0.0560000017285347	25.229495	3.59600019454956
25.245819	0.0550000034272671	25.252056	3.59475016593933
25.268377	0.0545000024139881	25.274604	3.59412527084351
25.29095	0.0542500019073486	25.297183	3.59412527084351
25.313504	0.0517500042915344	25.319742	3.59512519836426
25.33608	0.0551250018179417	25.342318	3.59587526321411
25.358651	0.0571250021457672	25.364884	3.59787511825562
25.381211	0.0563750043511391	25.387444	3.59737515449524
25.403764	0.0560000017285347	25.410001	3.59637522697449
25.42632	0.054125003516674	25.432558	3.59512519836426
25.448876	0.0546250008046627	25.455109	3.59425020217896
25.471433	0.0556250028312206	25.477664	3.59412527084351
25.493985	0.0553750023245811	25.500223	3.59500026702881
25.516543	0.0558750033378601	25.522776	3.59625005722046
25.539098	0.0573750026524067	25.545331	3.59737515449524
25.561651	0.0556250028312206	25.567884	3.59737515449524
25.584204	0.0551250018179417	25.590442	3.59650015830994
25.606765	0.0547500029206276	25.612997	3.59537506103516
25.629336	0.0538750030100346	25.635569	3.5943751335144
25.651889	0.054125003516674	25.658121	3.59462523460388
25.674441	0.0553750023245811	25.680679	3.59587526321411
25.697013	0.0553750023245811	25.703246	3.59650015830994
25.719566	0.0575000010430813	25.725804	3.59762525558472
25.742133	0.0558750033378601	25.748366	3.59712505340576
25.764686	0.0548750013113022	25.770923	3.59637522697449
25.787243	0.0538750030100346	25.793475	3.59487509727478
25.809799	0.0545000024139881	25.816031	3.59462523460388
25.832355	0.0531250014901161	25.838587	3.59475016593933
25.854933	0.0548750013113022	25.861169	3.59562516212463
25.877489	0.0556250028312206	25.883734	3.59687519073486
25.900078	0.0567500032484531	25.906312	3.59737515449524
25.922636	0.0546250008046627	25.928869	3.59737515449524
25.94519	0.0551250018179417	25.951428	3.59637522697449
25.967747	0.0542500019073486	25.97398	3.59525012969971
25.990303	0.0551250018179417	25.996531	3.59450006484985
26.012858	0.0552500039339066	26.019092	3.59500026702881
26.035411	0.0548750013113022	26.041648	3.59587526321411
26.057967	0.0563750043511391	26.064199	3.59750008583069
26.080523	0.0567500032484531	26.086755	3.59775018692017
26.103076	0.0557500012218952	26.109309	3.59662508964539
26.12563	0.0560000017285347	26.131868	3.59637522697449
26.148186	0.0538750030100346	26.154419	3.59525012969971
26.170743	0.054125003516674	26.176975	3.59475016593933
26.193294	0.0538750030100346	26.199532	3.59562516212463
26.215851	0.0550000034272671	26.22209	3.59637522697449
26.238444	0.0567500032484531	26.24469	3.59762525558472
26.261023	0.0567500032484531	26.267256	3.59800028800964
26.283593	0.0546250008046627	26.28983	3.59775018692017
26.306151	0.0546250008046627	26.312389	3.59637522697449
26.328711	0.0550000034272671	26.334944	3.59512519836426
26.351269	0.0540000014007092	26.357502	3.59537506103516
26.373821	0.0553750023245811	26.380058	3.59550023078918
26.396377	0.0562500022351742	26.402615	3.59762525558472
26.418942	0.0558750033378601	26.425175	3.59812521934509
26.441499	0.0578750036656857	26.447732	3.59812521934509
26.464051	0.0585000030696392	26.470289	3.59787511825562
26.486609	0.0558750033378601	26.492846	3.59662508964539
26.509178	0.0545000024139881	26.51541	3.59550023078918
26.531726	0.0542500019073486	26.537959	3.59537506103516
26.554301	0.0557500012218952	26.560539	3.59575009346008
26.576859	0.0556250028312206	26.583091	3.59675025939941
26.599427	0.0580000020563602	26.605659	3.59825015068054
26.621984	0.0561250038444996	26.628216	3.59812521934509
26.644536	0.0546250008046627	26.650774	3.59750008583069
26.667092	0.0558750033378601	26.673326	3.59662508964539
26.689651	0.0546250008046627	26.695885	3.59550023078918
26.712207	0.0546250008046627	26.718439	3.59525012969971
26.7348	0.0543750040233135	26.741033	3.59600019454956
26.757354	0.0545000024139881	26.763587	3.59725022315979
26.779907	0.0575000010430813	26.78614	3.59825015068054
26.802464	0.0567500032484531	26.808697	3.59837508201599
26.825016	0.0583750009536743	26.831248	3.59762525558472
26.847567	0.0552500039339066	26.85382	3.59612512588501
26.870187	0.0540000014007092	26.87642	3.59550023078918
26.892754	0.0552500039339066	26.898983	3.59537506103516
26.915311	0.0557500012218952	26.921549	3.59637522697449
26.937869	0.0568750016391277	26.944106	3.59825015068054
26.96043	0.0568750016391277	26.966663	3.59837508201599
26.982987	0.0556250028312206	26.989221	3.59887528419495
27.005541	0.0546250008046627	27.011778	3.59675025939941
27.028098	0.0546250008046627	27.034326	3.59612512588501
27.050653	0.0543750040233135	27.056886	3.59512519836426
27.073209	0.0543750040233135	27.079442	3.59575009346008
27.095762	0.0547500029206276	27.101999	3.59737515449524
27.118312	0.0568750016391277	27.12455	3.59787511825562
27.140874	0.0571250021457672	27.147107	3.59762525558472
27.163436	0.0556250028312206	27.169673	3.59825015068054
27.185992	0.0545000024139881	27.192229	3.59675025939941
27.208564	0.053250003606081	27.214796	3.59662508964539
27.23114	0.0538750030100346	27.237373	3.59575009346008
27.253699	0.0552500039339066	27.259937	3.59575009346008
27.276256	0.0553750023245811	27.282488	3.59712505340576
27.29881	0.0602500028908253	27.305043	3.59825015068054
27.321368	0.0567500032484531	27.327601	3.59775018692017
27.34392	0.0550000034272671	27.350157	3.59862518310547
27.366476	0.0551250018179417	27.372713	3.59687519073486
27.38905	0.054125003516674	27.395282	3.59625005722046
27.411606	0.0551250018179417	27.417838	3.59587526321411
27.43416	0.0545000024139881	27.440398	3.59612512588501
27.456718	0.0551250018179417	27.462955	3.59775018692017
27.479275	0.0563750043511391	27.485508	3.59837508201599
27.501832	0.0570000037550926	27.508065	3.59912514686584
27.524395	0.0550000034272671	27.530633	3.59862518310547
27.546952	0.054125003516674	27.553185	3.59725022315979
27.569506	0.054125003516674	27.575739	3.59662508964539
27.592062	0.0546250008046627	27.598295	3.59612512588501
27.614613	0.0553750023245811	27.620851	3.59600019454956
27.637185	0.051000002771616	27.643436	3.59762525558472
27.659752	0.0568750016391277	27.665985	3.59825015068054
27.68231	0.0595000013709068	27.688555	3.59925007820129
27.704875	0.0543750040233135	27.711113	3.59825015068054
27.727437	0.0545000024139881	27.73367	3.59725022315979
27.749995	0.0548750013113022	27.756227	3.59612512588501
27.772552	0.0540000014007092	27.778784	3.59600019454956
27.795104	0.0557500012218952	27.801342	3.59662508964539
27.817662	0.0557500012218952	27.823922	3.59700012207031
27.840239	0.0593750029802322	27.846467	3.59875011444092
27.862812	0.0566250011324883	27.869057	3.59912514686584
27.885375	0.0550000034272671	27.891613	3.59925007820129
27.907937	0.0551250018179417	27.914165	3.59725022315979
27.930488	0.0560000017285347	27.936721	3.59662508964539
27.953052	0.055500004440546	27.959284	3.59587526321411
27.975603	0.0550000034272671	27.981841	3.59700012207031
27.998176	0.0565000027418137	28.004409	3.59787511825562
28.020728	0.0571250021457672	28.02696	3.59925007820129
28.043281	0.0557500012218952	28.049539	3.59912514686584
28.065858	0.0557500012218952	28.072096	3.59825015068054
28.088417	0.0556250028312206	28.09465	3.59750008583069
28.110974	0.0521250031888485	28.117206	3.59587526321411
28.133529	0.0562500022351742	28.139768	3.59587526321411
28.156077	0.0557500012218952	28.162316	3.59725022315979
28.178654	0.0557500012218952	28.184888	3.59837508201599
28.201204	0.0560000017285347	28.207437	3.59912514686584
28.223774	0.0571250021457672	28.230018	3.59875011444092
28.24634	0.0545000024139881	28.252573	3.59812521934509
28.268893	0.0553750023245811	28.275126	3.59650015830994
28.29145	0.0548750013113022	28.297682	3.59612512588501
28.314017	0.0557500012218952	28.320255	3.59675025939941
28.336574	0.0553750023245811	28.342812	3.59762525558472
28.359142	0.0565000027418137	28.365375	3.59875011444092
28.3817	0.0560000017285347	28.387933	3.59950017929077
28.40426	0.0557500012218952	28.410494	3.59850025177002
28.426815	0.0553750023245811	28.433052	3.59800028800964
28.449373	0.0586250014603138	28.455606	3.59687519073486
28.47193	0.0547500029206276	28.478163	3.59612512588501
28.494481	0.0556250028312206	28.500719	3.59637522697449
28.517038	0.0566250011324883	28.523271	3.59737515449524
28.539596	0.0586250014603138	28.545828	3.59962511062622
28.562166	0.0575000010430813	28.568399	3.59912514686584
28.584717	0.0560000017285347	28.590955	3.59862518310547
28.607275	0.055500004440546	28.613527	3.59812521934509
28.629851	0.0537500008940697	28.636083	3.59650015830994
28.652407	0.0547500029206276	28.658656	3.59587526321411
28.674974	0.0556250028312206	28.681212	3.59637522697449
28.697531	0.0543750040233135	28.703764	3.59762525558472
28.720089	0.0591250024735928	28.726327	3.59862518310547
28.742656	0.0573750026524067	28.74889	3.59950017929077
28.765221	0.0543750040233135	28.771459	3.5990002155304
28.787779	0.0547500029206276	28.794016	3.59800028800964
28.81034	0.0542500019073486	28.816572	3.59662508964539
28.832891	0.0557500012218952	28.839139	3.59587526321411
28.855482	0.0563750043511391	28.861718	3.59675025939941
28.878038	0.0553750023245811	28.884283	3.59800028800964
28.900616	0.0571250021457672	28.906848	3.59912514686584
28.923174	0.0571250021457672	28.929427	3.59937524795532
28.945751	0.0556250028312206	28.951984	3.59925007820129
28.968303	0.0558750033378601	28.974536	3.59812521934509
28.990861	0.0551250018179417	28.997092	3.59700012207031
29.013431	0.0537500008940697	29.019665	3.59575009346008
29.035978	0.0563750043511391	29.042206	3.59675025939941
29.058554	0.0548750013113022	29.064788	3.59837508201599
29.081112	0.0566250011324883	29.087345	3.59912514686584
29.103681	0.0571250021457672	29.109919	3.5998752117157
29.12624	0.0561250038444996	29.132473	3.5990002155304
29.148794	0.054125003516674	29.155027	3.59712505340576
29.17135	0.0548750013113022	29.177583	3.59700012207031
29.193917	0.0552500039339066	29.20015	3.59637522697449
29.216469	0.0562500022351742	29.222707	3.59712505340576
29.23906	0.055500004440546	29.245294	3.59837508201599
29.261625	0.0572500042617321	29.267859	3.59925007820129
29.284196	0.0560000017285347	29.290434	3.5998752117157
29.306753	0.0557500012218952	29.31299	3.59912514686584
29.329312	0.0550000034272671	29.335545	3.59712505340576
29.351869	0.0546250008046627	29.358102	3.59662508964539
29.374423	0.0561250038444996	29.38066	3.59612512588501
29.396979	0.0550000034272671	29.403211	3.59712505340576
29.419534	0.0558750033378601	29.425766	3.59875011444092
29.442094	0.0577500015497208	29.448326	3.59975028038025
29.464644	0.0556250028312206	29.470882	3.59950017929077
29.4872	0.0557500012218952	29.493437	3.59837508201599
29.509761	0.0557500012218952	29.515993	3.59762525558472
29.532312	0.0542500019073486	29.538565	3.59662508964539
29.554883	0.0552500039339066	29.56112	3.59625005722046
29.577439	0.0561250038444996	29.583672	3.59700012207031
29.599996	0.0577500015497208	29.606229	3.59887528419495
29.622553	0.0576250031590462	29.628785	3.60037517547607
29.645117	0.0563750043511391	29.651354	3.59925007820129
29.667673	0.0553750023245811	29.673916	3.59812521934509
29.690241	0.0552500039339066	29.696473	3.59737515449524
29.712797	0.0546250008046627	29.719046	3.59637522697449
29.735368	0.0562500022351742	29.741606	3.59687519073486
29.757925	0.0553750023245811	29.764157	3.59787511825562
29.780481	0.0572500042617321	29.786713	3.59887528419495
29.803051	0.0568750016391277	29.809284	3.59975028038025
