Time_sec1	Voltage_A0TG	Time_sec2	Voltage_A1TG
0	0.384500026702881	0.006233	3.62925028800964
0.022557	0.387000024318695	0.028791	3.63012528419495
0.04511	0.384625017642975	0.051348	3.63100028038025
0.067666	0.384625017642975	0.073903	3.63162517547607
0.090237	0.38425001502037	0.09647	3.6311252117157
0.112786	0.38425001502037	0.119019	3.62900018692017
0.135339	0.383875012397766	0.141576	3.62875008583069
0.157895	0.380250006914139	0.164134	3.62825012207031
0.180465	0.384375005960464	0.186698	3.62887525558472
0.203023	0.384375005960464	0.209255	3.63000011444092
0.225585	0.384375005960464	0.231822	3.63050007820129
0.248141	0.384875029325485	0.25438	3.63162517547607
0.27072	0.384375005960464	0.276959	3.63087511062622
0.293282	0.384500026702881	0.299509	3.62912511825562
0.31583	0.388000011444092	0.322062	3.62850022315979
0.338376	0.384125024080276	0.344614	3.62787508964539
0.360937	0.385125011205673	0.367171	3.62887525558472
0.383491	0.384375005960464	0.389729	3.63012528419495
0.406065	0.385125011205673	0.412303	3.63075017929077
0.428623	0.384125024080276	0.434855	3.63087511062622
0.451203	0.383500009775162	0.457436	3.63050007820129
0.473761	0.383750021457672	0.479994	3.62912511825562
0.496314	0.382500022649765	0.502552	3.62850022315979
0.51887	0.383875012397766	0.525104	3.62787508964539
0.541428	0.388625025749207	0.54766	3.62950015068054
0.563985	0.385125011205673	0.570229	3.6302502155304
0.586549	0.385375022888184	0.592786	3.63100028038025
0.609119	0.383625030517578	0.615352	3.63100028038025
0.631672	0.384375005960464	0.637904	3.62937521934509
0.654229	0.383375018835068	0.660462	3.62875008583069
0.676783	0.383875012397766	0.683021	3.62762522697449
0.69934	0.383375018835068	0.705588	3.62812519073486
0.721912	0.384375005960464	0.728144	3.62912511825562
0.744468	0.384625017642975	0.750715	3.63000011444092
0.767033	0.384625017642975	0.773271	3.63050007820129
0.789593	0.380875021219254	0.795854	3.63037514686584
0.812186	0.38425001502037	0.818419	3.62950015068054
0.834767	0.383875012397766	0.841011	3.62837505340576
0.857332	0.384125024080276	0.863569	3.62750005722046
0.879889	0.384875029325485	0.886122	3.62725019454956
0.902447	0.386750012636185	0.908679	3.62887525558472
0.924999	0.382500022649765	0.931236	3.62987518310547
0.947555	0.38525003194809	0.953793	3.63050007820129
0.970129	0.384125024080276	0.976363	3.63037514686584
0.992688	0.384375005960464	0.998915	3.62900018692017
1.015236	0.383750021457672	1.021474	3.62825012207031
1.037792	0.384375005960464	1.04403	3.62725019454956
1.06035	0.38425001502037	1.066582	3.62762522697449
1.082906	0.383750021457672	1.089139	3.62887525558472
1.105458	0.384625017642975	1.111695	3.63000011444092
1.128015	0.38425001502037	1.134252	3.63062524795532
1.150571	0.383375018835068	1.156804	3.62937521934509
1.173158	0.383375018835068	1.179392	3.62875008583069
1.195709	0.384625017642975	1.201947	3.62675023078918
1.218269	0.383250027894974	1.224507	3.62725019454956
1.240827	0.384500026702881	1.247059	3.62762522697449
1.263384	0.384500026702881	1.269617	3.62912511825562
1.285936	0.384625017642975	1.292173	3.62987518310547
1.308495	0.384500026702881	1.314728	3.6302502155304
1.331055	0.38400000333786	1.337288	3.62950015068054
1.353609	0.384750008583069	1.359842	3.62862515449524
1.376162	0.382750004529953	1.382399	3.62662506103516
1.398728	0.383875012397766	1.404961	3.62725019454956
1.421288	0.384500026702881	1.42752	3.62787508964539
1.443839	0.38425001502037	1.450071	3.62912511825562
1.46639	0.385500013828278	1.472629	3.63012528419495
1.488951	0.383875012397766	1.495195	3.63000011444092
1.511519	0.384375005960464	1.517751	3.62887525558472
1.534077	0.384500026702881	1.540319	3.62837505340576
1.556639	0.382125020027161	1.562877	3.62725019454956
1.579195	0.384500026702881	1.585428	3.62687516212463
1.601752	0.387750029563904	1.607985	3.62800025939941
1.624309	0.384875029325485	1.630541	3.62887525558472
1.646859	0.38525003194809	1.653097	3.63000011444092
1.669434	0.384375005960464	1.675684	3.62975025177002
1.692001	0.38525003194809	1.698233	3.62850022315979
1.714561	0.383750021457672	1.720807	3.62787508964539
1.737127	0.382750004529953	1.743364	3.62675023078918
1.759685	0.386750012636185	1.765918	3.62700009346008
1.782233	0.385000020265579	1.788466	3.62775015830994
1.804846	0.38525003194809	1.811075	3.62875008583069
1.827394	0.385750025510788	1.833632	3.62987518310547
1.849958	0.384750008583069	1.85619	3.62937521934509
1.872516	0.384625017642975	1.878743	3.62837505340576
1.895065	0.384500026702881	1.901303	3.62712526321411
1.917623	0.384125024080276	1.923861	3.62687516212463
1.940181	0.384500026702881	1.946413	3.62700009346008
1.962737	0.38400000333786	1.968969	3.62800025939941
1.985289	0.38525003194809	1.991526	3.62962508201599
2.007845	0.38525003194809	2.014083	3.62962508201599
2.030418	0.384625017642975	2.036657	3.62912511825562
2.052987	0.38400000333786	2.059232	3.62800025939941
2.075594	0.383625030517578	2.081827	3.62662506103516
2.09815	0.38400000333786	2.104387	3.62637519836426
2.120719	0.384625017642975	2.126952	3.62662506103516
2.143278	0.38425001502037	2.14951	3.62800025939941
2.165846	0.385000020265579	2.172091	3.62950015068054
2.188413	0.383500009775162	2.194651	3.62937521934509
2.210976	0.385125011205673	2.217209	3.62875008583069
2.233551	0.384875029325485	2.239783	3.62812519073486
2.256099	0.383875012397766	2.262337	3.62625026702881
2.278659	0.383750021457672	2.284906	3.62600016593933
2.301231	0.385625004768372	2.307463	3.62712526321411
2.323788	0.384750008583069	2.330021	3.62912511825562
2.346362	0.384500026702881	2.3526	3.62987518310547
2.368919	0.383875012397766	2.375152	3.62937521934509
2.391476	0.383750021457672	2.397709	3.62850022315979
2.41403	0.384625017642975	2.420258	3.62712526321411
2.436584	0.383500009775162	2.442817	3.62637519836426
2.45914	0.384500026702881	2.465399	3.62612509727478
2.481724	0.383625030517578	2.487957	3.62725019454956
2.504278	0.384625017642975	2.510517	3.62762522697449
2.526841	0.384750008583069	2.533073	3.62887525558472
2.549393	0.38637501001358	2.555626	3.62937521934509
2.571954	0.383375018835068	2.578187	3.62850022315979
2.594528	0.383750021457672	2.60076	3.62662506103516
2.61708	0.383750021457672	2.623317	3.62612509727478
2.639638	0.38425001502037	2.645871	3.62625026702881
2.662198	0.38400000333786	2.668438	3.62675023078918
2.684768	0.386875003576279	2.691013	3.62850022315979
2.707334	0.385500013828278	2.713571	3.62912511825562
2.72989	0.38400000333786	2.736123	3.62850022315979
2.752447	0.383375018835068	2.75868	3.62825012207031
2.775003	0.38400000333786	2.78124	3.62662506103516
2.797586	0.383250027894974	2.803834	3.62612509727478
2.820162	0.384125024080276	2.826402	3.62587523460388
2.842736	0.384500026702881	2.848969	3.62737512588501
2.865288	0.38525003194809	2.871522	3.62812519073486
2.887841	0.38400000333786	2.894079	3.62950015068054
2.910397	0.383500009775162	2.91663	3.62862515449524
2.932953	0.382750004529953	2.939185	3.62675023078918
2.955503	0.382750004529953	2.961746	3.62625026702881
2.97808	0.383875012397766	2.984318	3.6256251335144
3.000628	0.384500026702881	3.006861	3.62600016593933
3.023185	0.385375022888184	3.029418	3.62737512588501
3.045737	0.384375005960464	3.051974	3.62850022315979
3.068293	0.385125011205673	3.07453	3.62837505340576
3.090849	0.383375018835068	3.097082	3.62862515449524
3.113406	0.385125011205673	3.119638	3.62650012969971
3.135975	0.383375018835068	3.142213	3.62612509727478
3.158544	0.383250027894974	3.164794	3.62550020217896
3.181124	0.384625017642975	3.187351	3.62600016593933
3.203678	0.386000007390976	3.209911	3.62737512588501
3.226227	0.383375018835068	3.232464	3.62862515449524
3.248785	0.384500026702881	3.255017	3.62837505340576
3.271341	0.384125024080276	3.277575	3.62837505340576
3.2939	0.384625017642975	3.300132	3.62612509727478
3.316455	0.38425001502037	3.322693	3.62625026702881
3.339025	0.384125024080276	3.345258	3.62525010108948
3.361574	0.384500026702881	3.367806	3.62587523460388
3.384127	0.385125011205673	3.39036	3.62725019454956
3.40668	0.384625017642975	3.412912	3.62812519073486
3.429231	0.383875012397766	3.435481	3.62850022315979
3.451805	0.384500026702881	3.458032	3.62775015830994
3.474359	0.383625030517578	3.480613	3.62650012969971
3.496932	0.383500009775162	3.50317	3.6256251335144
3.519491	0.384125024080276	3.525725	3.62500023841858
3.542046	0.383875012397766	3.548279	3.62650012969971
3.564603	0.384750008583069	3.570836	3.62750005722046
3.587156	0.384875029325485	3.593389	3.62862515449524
3.609711	0.382250010967255	3.615966	3.62825012207031
3.632288	0.38425001502037	3.638521	3.62662506103516
3.65484	0.38400000333786	3.661073	3.62600016593933
3.677397	0.383750021457672	3.683634	3.62525010108948
3.699954	0.385875016450882	3.706187	3.62537527084351
3.722512	0.383375018835068	3.728745	3.62650012969971
3.745063	0.384375005960464	3.751301	3.62737512588501
3.767621	0.385500013828278	3.773858	3.62812519073486
3.790192	0.384125024080276	3.796444	3.62812519073486
3.812768	0.38400000333786	3.818996	3.62625026702881
3.835312	0.385875016450882	3.84155	3.62550020217896
3.85787	0.383000016212463	3.864103	3.6247501373291
3.880437	0.383500009775162	3.88667	3.62525010108948
3.902993	0.383750021457672	3.909227	3.62637519836426
3.925548	0.384875029325485	3.931786	3.62750005722046
3.948105	0.384500026702881	3.954343	3.62850022315979
3.970662	0.383500009775162	3.976895	3.62762522697449
3.993219	0.384125024080276	3.999451	3.62637519836426
4.015775	0.383750021457672	4.022012	3.62575006484985
4.03833	0.383875012397766	4.044567	3.62525010108948
4.060886	0.383500009775162	4.067119	3.62512516975403
4.083457	0.383250027894974	4.089689	3.62625026702881
4.106008	0.385000020265579	4.11224	3.62762522697449
4.12856	0.384375005960464	4.134792	3.62787508964539
4.151111	0.384500026702881	4.157344	3.62787508964539
4.173693	0.383875012397766	4.179926	3.62600016593933
4.196267	0.383625030517578	4.202504	3.62487506866455
4.218824	0.383875012397766	4.225056	3.62462520599365
4.24138	0.383625030517578	4.247613	3.6256251335144
4.263941	0.383125007152557	4.270173	3.62650012969971
4.286472	0.385000020265579	4.29271	3.62725019454956
4.309032	0.383500009775162	4.315264	3.62775015830994
4.331589	0.388625025749207	4.337821	3.62675023078918
4.354145	0.384125024080276	4.360378	3.62587523460388
4.376697	0.383500009775162	4.382934	3.62462520599365
4.399254	0.382125020027161	4.405487	3.6245002746582
4.421808	0.38400000333786	4.428041	3.62550020217896
4.444367	0.38400000333786	4.450607	3.62625026702881
4.466929	0.383875012397766	4.473167	3.62725019454956
4.489486	0.383750021457672	4.495713	3.62750005722046
4.512041	0.383750021457672	4.518274	3.62675023078918
4.534599	0.382750004529953	4.540832	3.6256251335144
4.557153	0.383250027894974	4.563391	3.6247501373291
4.57971	0.384125024080276	4.585965	3.6245002746582
4.602289	0.384500026702881	4.608522	3.62587523460388
4.624842	0.384750008583069	4.631075	3.62687516212463
4.647395	0.384375005960464	4.653632	3.62750005722046
4.669961	0.383500009775162	4.676195	3.62725019454956
4.692518	0.38425001502037	4.69875	3.62612509727478
4.715073	0.383125007152557	4.721311	3.62500023841858
4.737631	0.384125024080276	4.743863	3.62487506866455
4.760186	0.383500009775162	4.766419	3.6245002746582
4.78274	0.385000020265579	4.788972	3.62600016593933
4.805319	0.384500026702881	4.811553	3.62662506103516
4.827882	0.384750008583069	4.834116	3.62750005722046
4.850453	0.383000016212463	4.856686	3.62687516212463
4.87301	0.383625030517578	4.879243	3.62625026702881
4.895592	0.383125007152557	4.90183	3.62400007247925
4.918148	0.383250027894974	4.924385	3.62425017356873
4.940718	0.383250027894974	4.94695	3.62462520599365
4.963274	0.382375031709671	4.969506	3.62587523460388
4.985824	0.38400000333786	4.992062	3.62612509727478
5.008382	0.384500026702881	5.014619	3.62750005722046
5.03094	0.383500009775162	5.037172	3.62650012969971
5.053495	0.38637501001358	5.059727	3.62612509727478
5.076062	0.383750021457672	5.082299	3.62487506866455
5.098617	0.383875012397766	5.10485	3.6238751411438
5.121169	0.383250027894974	5.127402	3.62500023841858
5.143725	0.38425001502037	5.149957	3.62575006484985
5.166293	0.385625004768372	5.172537	3.62637519836426
5.188859	0.38400000333786	5.195106	3.62725019454956
5.211432	0.381625026464462	5.217664	3.62625026702881
5.233993	0.385000020265579	5.24023	3.62537527084351
5.256549	0.384125024080276	5.262786	3.62425017356873
5.279107	0.385500013828278	5.28534	3.62400007247925
5.301654	0.383875012397766	5.307887	3.6247501373291
5.324211	0.383625030517578	5.330444	3.62550020217896
5.346763	0.38525003194809	5.353	3.62662506103516
5.369319	0.384500026702881	5.375552	3.62725019454956
5.391875	0.385125011205673	5.398107	3.62500023841858
5.414433	0.344125002622604	5.420666	3.60150027275085
5.436986	0.282875001430511	5.443223	3.49487519264221
5.459534	0.233500003814697	5.465792	3.31737518310547
5.482117	0.188500002026558	5.48835	3.13175010681152
5.504669	0.151750013232231	5.510902	2.95525002479553
5.527221	0.121375009417534	5.533459	2.82025003433228
5.549781	0.0926250070333481	5.556014	2.7121250629425
5.572338	0.0642499998211861	5.578572	2.63687515258789
5.594904	0.0403750017285347	5.601137	2.57950019836426
5.617471	0.0135000003501773	5.623708	2.54150009155273
5.640027	0.00487500010058284	5.646259	2.51287508010864
5.662585	0.00175000005401671	5.668817	2.49525022506714
5.685138	0.0020000000949949	5.691375	2.48275017738342
5.707695	0.00487500010058284	5.713932	2.47525000572205
5.730251	0.00300000002607703	5.736484	2.46987509727478
5.752807	0.00187500007450581	5.759039	2.46487522125244
5.775358	0.00112500006798655	5.781591	2.46175003051758
5.797915	0.00175000005401671	5.804147	2.4612500667572
5.820495	0.000500000023748726	5.826728	2.4621250629425
5.84305	0.00112500006798655	5.849278	2.46387505531311
5.865641	0.00262500019744039	5.871875	2.46662521362305
5.888198	0.00700000021606684	5.894432	2.46925020217896
5.910755	0.00237500015646219	5.916987	2.47025012969971
5.933307	0.000750000006519258	5.93954	2.47075009346008
5.955868	0.00112500006798655	5.962105	2.47175002098083
5.978424	-0.000375000003259629	5.984662	2.47225022315979
6.000982	0.000500000023748726	6.007214	2.47462511062622
6.023538	0.00137500010896474	6.02977	2.4760000705719
6.046089	0.00262500019744039	6.052327	2.47787523269653
6.068645	0.00550000043585896	6.074877	2.47950005531311
6.091201	0.00162500003352761	6.097433	2.47912502288818
6.113758	0.00100000004749745	6.11999	2.47812509536743
6.136309	0.00100000004749745	6.142547	2.47725009918213
6.158881	0.000250000011874363	6.165131	2.47650003433228
6.181461	0.000500000023748726	6.187694	2.4768750667572
6.204022	0.00162500003352761	6.210255	2.47737503051758
6.226575	0.00325000006705523	6.232813	2.47800016403198
6.249132	0.00337500008754432	6.255365	2.47737503051758
6.271689	0.00125000008847564	6.277921	2.47562503814697
6.294246	0.000875000027008355	6.300479	2.47325015068054
6.316798	0.000500000023748726	6.323035	2.47187519073486
6.339356	0.00187500007450581	6.345588	2.47012519836426
6.361928	0.002125000115484	6.36816	2.47012519836426
6.384485	0.00512500014156103	6.390718	2.46962523460388
6.407038	0.00350000010803342	6.413275	2.47062516212463
6.429595	0.00375000014901161	6.435828	2.46975016593933
6.452154	0.00237500015646219	6.458387	2.46862506866455
6.474716	0.000750000006519258	6.480949	2.46625018119812
6.497263	0.000500000023748726	6.503501	2.46637511253357
6.519835	0.000750000006519258	6.526068	2.46587514877319
6.542393	0.00100000004749745	6.548625	2.46775007247925
6.564947	0.000125000005937181	6.571204	2.46975016593933
6.587526	0.00350000010803342	6.593764	2.47212505340576
6.610083	0.00100000004749745	6.616316	2.47362518310547
6.63264	0.00100000004749745	6.638873	2.4751250743866
6.655194	-0.000500000023748726	6.661432	2.4768750667572
6.677754	-0.000875000027008355	6.683992	2.47612500190735
6.700322	-0.00100000004749745	6.706555	2.48887515068054
6.722882	0.000875000027008355	6.729115	2.49550008773804
6.745435	0.00262500019744039	6.751672	2.50500011444092
6.767992	0.00375000014901161	6.774229	2.51512503623962
6.790549	0.00812500063329935	6.796803	2.52700018882751
6.813131	0.00437500001862645	6.819359	2.54062509536743
6.835705	0.00412499997764826	6.841943	2.55575013160706
6.858264	0.00587500026449561	6.864501	2.57425022125244
6.88082	0.00662500038743019	6.887052	2.59462523460388
6.903377	0.00762500055134296	6.909611	2.61950016021729
6.925933	0.0100000007078052	6.932173	2.64412522315979
6.94849	0.0157500002533197	6.954739	2.67112517356873
6.971059	0.0101250000298023	6.977291	2.69712519645691
6.993613	0.0105000007897615	6.999845	2.72362518310547
7.016165	0.0101250000298023	7.022398	2.75050020217896
7.038717	0.0115000009536743	7.04495	2.77812504768372
7.061273	0.0130000002682209	7.067505	2.80462503433228
7.083844	0.0135000003501773	7.090077	2.83287525177002
7.106396	0.015625	7.112633	2.85800004005432
7.128955	0.0172500014305115	7.135196	2.88362503051758
7.151519	0.0150000005960464	7.157752	2.90462517738342
7.1741	0.0157500002533197	7.180333	2.92500019073486
7.196653	0.0191250015050173	7.202891	2.94375014305115
7.219202	0.0176250003278255	7.225441	2.96275019645691
7.241766	0.0191250015050173	7.247999	2.98000025749207
7.264329	0.0190000012516975	7.270563	2.99837517738342
7.286896	0.0216250009834766	7.293134	3.01400017738342
7.309454	0.0217500012367964	7.315687	3.02950024604797
7.332013	0.0207500010728836	7.338245	3.04287505149841
7.35457	0.0213750004768372	7.360805	3.0547502040863
7.377115	0.0207500010728836	7.383347	3.06712508201599
7.399667	0.0218750014901161	7.4059	3.07887506484985
7.422228	0.0235000010579824	7.42846	3.09300017356873
7.44478	0.0231250002980232	7.451013	3.10462522506714
7.467334	0.0258750021457672	7.473571	3.11825013160706
7.489891	0.025500001385808	7.496124	3.12925004959106
7.512451	0.025500001385808	7.518682	3.1386251449585
7.535002	0.0258750021457672	7.541235	3.14987516403198
7.557562	0.0261250007897615	7.563799	3.16137504577637
7.580119	0.0273750014603138	7.586351	3.17187523841858
7.602678	0.0273750014603138	7.60891	3.18450021743774
7.625231	0.0307500008493662	7.631469	3.19725012779236
7.64779	0.0315000005066395	7.654028	3.20787525177002
7.670352	0.0293750017881393	7.676584	3.21950006484985
7.69291	0.0305000022053719	7.699142	3.22962522506714
7.715485	0.0293750017881393	7.721722	3.23800015449524
7.738042	0.0307500008493662	7.744279	3.24775004386902
7.760609	0.031750001013279	7.766842	3.25775027275085
7.78316	0.0320000015199184	7.789393	3.26825022697449
7.805739	0.033125001937151	7.811973	3.27862524986267
7.828291	0.0352500006556511	7.834529	3.28812503814697
7.850851	0.0336250029504299	7.857079	3.29600024223328
7.873415	0.034000001847744	7.879649	3.30250024795532
7.895973	0.0320000015199184	7.902211	3.30912518501282
7.918542	0.0333750024437904	7.92478	3.31562519073486
7.941104	0.0341250002384186	7.947342	3.32225012779236
7.963669	0.0343750007450581	7.969902	3.33025026321411
7.98623	0.037125002592802	7.992463	3.33687520027161
8.008786	0.0375000014901161	8.015019	3.3432502746582
8.031339	0.0393750034272671	8.037571	3.34825015068054
8.053894	0.0365000031888485	8.060126	3.3516252040863
8.076447	0.0365000031888485	8.082686	3.35475015640259
8.099006	0.0370000004768372	8.105238	3.35862517356873
8.121562	0.0381250008940697	8.127794	3.36375021934509
8.144135	0.0380000025033951	8.150368	3.36850023269653
8.166707	0.0400000028312206	8.172958	3.37350010871887
8.189288	0.0396250002086163	8.195522	3.37675023078918
8.211833	0.0391250029206276	8.21806	3.37812519073486
8.234379	0.0393750034272671	8.240617	3.38100004196167
8.256928	0.0392500013113022	8.26316	3.38337516784668
8.27948	0.0393750034272671	8.285712	3.38575005531311
8.302036	0.0408750027418137	8.308268	3.3892502784729
8.324591	0.0401250012218952	8.330824	3.39212512969971
8.347147	0.0432500019669533	8.353384	3.39625024795532
8.369719	0.0418750010430813	8.375973	3.39812517166138
8.392292	0.0407500006258488	8.398524	3.39887523651123
8.414845	0.0458750016987324	8.421094	3.40062522888184
8.437413	0.0412500016391277	8.44365	3.40112519264221
8.459971	0.0391250029206276	8.466204	3.40325021743774
8.482528	0.0415000021457672	8.48876	3.40625023841858
8.505097	0.0425000004470348	8.511334	3.40925025939941
8.527653	0.0437500029802322	8.53389	3.41225028038025
8.550225	0.0433750003576279	8.556457	3.4141252040863
8.572784	0.0418750010430813	8.579011	3.41475009918213
8.595339	0.0430000014603138	8.601576	3.41612505912781
8.617896	0.0428750030696392	8.624134	3.41637516021729
8.640454	0.0428750030696392	8.646687	3.41875004768372
8.66301	0.0448750033974648	8.669248	3.42175006866455
8.685589	0.0446250028908253	8.691826	3.42500019073486
8.708146	0.0455000028014183	8.714383	3.42762517929077
8.730718	0.0452500022947788	8.73695	3.428875207901
8.753275	0.0433750003576279	8.759508	3.42987513542175
8.775842	0.0436250008642673	8.782079	3.42987513542175
8.798433	0.0435000024735928	8.804674	3.43212509155273
8.821028	0.0448750033974648	8.827273	3.43437504768372
8.843604	0.0447500012814999	8.849837	3.4372501373291
8.86616	0.0466250032186508	8.872397	3.44075012207031
8.888718	0.0472500026226044	8.89495	3.44350028038025
8.911275	0.0470000021159649	8.917507	3.444500207901
8.933832	0.0460000038146973	8.940065	3.44600009918213
8.956401	0.0475000031292439	8.962638	3.44675016403198
8.978958	0.0476250015199184	8.985191	3.44862508773804
9.001518	0.0438750013709068	9.00775	3.45125007629395
9.024074	0.0472500026226044	9.030324	3.45462512969971
9.046643	0.048750001937151	9.05288	3.45787525177002
9.069198	0.0481250025331974	9.075431	3.4603750705719
9.091755	0.0477500036358833	9.097987	3.46225023269653
9.114311	0.0466250032186508	9.120543	3.46362519264221
9.136865	0.0465000011026859	9.143098	3.46412515640259
9.159419	0.048250000923872	9.165671	3.4665002822876
9.182004	0.0476250015199184	9.188236	3.46912527084351
9.204558	0.0480000004172325	9.210812	3.47300004959106
9.227136	0.0485000014305115	9.233369	3.475750207901
9.24969	0.050500001758337	9.255923	3.47787523269653
9.272243	0.0483750030398369	9.278475	3.47962522506714
9.294822	0.0478750020265579	9.301055	3.48025012016296
9.317375	0.0467500016093254	9.323613	3.48150014877319
9.339934	0.0486250035464764	9.346167	3.48400020599365
9.362491	0.0486250035464764	9.368723	3.48675012588501
9.385044	0.0490000024437904	9.391281	3.48937511444092
9.4076	0.050500001758337	9.413838	3.49287509918213
9.430157	0.0507500022649765	9.43639	3.49487519264221
9.452715	0.0490000024437904	9.458942	3.49612522125244
9.475265	0.0497500039637089	9.481502	3.49687504768372
9.497822	0.0492500029504299	9.504059	3.49837517738342
9.520379	0.0490000024437904	9.526612	3.50000023841858
9.542937	0.049625001847744	9.549169	3.50287508964539
9.565489	0.0538750030100346	9.571726	3.5061252117157
9.588046	0.0520000010728836	9.594283	3.50837516784668
9.610608	0.0493750013411045	9.616835	3.50975012779236
9.633162	0.050500001758337	9.639394	3.51050019264221
9.655714	0.0495000034570694	9.661951	3.51100015640259
9.678293	0.0497500039637089	9.684531	3.51225018501282
9.700858	0.0512500032782555	9.707095	3.51412510871887
9.723412	0.0497500039637089	9.729645	3.51650023460388
9.745978	0.0526250042021275	9.752215	3.51950025558472
9.768534	0.052750002592802	9.774762	3.52100014686584
9.791096	0.0535000041127205	9.79734	3.522625207901
9.813665	0.0511250011622906	9.819898	3.5228750705719
9.836219	0.0506250038743019	9.842452	3.52300024032593
9.858771	0.049625001847744	9.865004	3.5237500667572
9.881333	0.0511250011622906	9.887565	3.52525019645691
9.90389	0.0515000037848949	9.910122	3.52762508392334
9.926469	0.054125003516674	9.932708	3.53025007247925
9.949026	0.052750002592802	9.955259	3.5318751335144
9.971584	0.0512500032782555	9.977816	3.53300023078918
9.99414	0.0520000010728836	10.000372	3.53287506103516
10.016693	0.0508750006556511	10.02293	3.53250026702881
10.039249	0.051000002771616	10.045482	3.53350019454956
10.061806	0.0521250031888485	10.068038	3.53500008583069
10.084364	0.0521250031888485	10.090609	3.53775024414062
10.106928	0.054125003516674	10.113166	3.53962516784668
10.12949	0.0533750019967556	10.135723	3.54087519645691
10.152048	0.051875002682209	10.15828	3.54100012779236
10.174627	0.0520000010728836	10.180862	3.54100012779236
10.197184	0.051875002682209	10.203421	3.54100012779236
10.219741	0.0517500042915344	10.225974	3.54187512397766
10.242298	0.0520000010728836	10.24853	3.54325008392334
10.264857	0.052750002592802	10.271092	3.54587507247925
10.287412	0.0536250025033951	10.293645	3.54737520217896
10.309966	0.0542500019073486	10.316199	3.54837512969971
10.33252	0.0533750019967556	10.338753	3.54862523078918
10.355094	0.0521250031888485	10.361327	3.54825019836426
10.377646	0.0517500042915344	10.38388	3.54837512969971
10.400222	0.0535000041127205	10.40646	3.54875016212463
10.4228	0.0485000014305115	10.429033	3.55112504959106
10.445354	0.0538750030100346	10.451587	3.55262517929077
10.467907	0.0548750013113022	10.474144	3.55375027656555
10.490464	0.0536250025033951	10.496697	3.55462527275085
10.513021	0.0522500015795231	10.519254	3.55425024032593
10.535588	0.0561250038444996	10.541826	3.5541250705719
10.558145	0.052375003695488	10.564382	3.55425024032593
10.580718	0.055500004440546	10.586951	3.55525016784668
10.603288	0.053250003606081	10.60952	3.55762505531311
10.625834	0.0561250038444996	10.632067	3.55862522125244
10.648387	0.0553750023245811	10.654625	3.55975008010864
10.670964	0.0528750009834766	10.677197	3.56100010871887
10.693523	0.0536250025033951	10.699755	3.55987524986267
10.716074	0.052375003695488	10.722312	3.55962514877319
10.738621	0.0535000041127205	10.744859	3.55925011634827
10.761205	0.0530000030994415	10.767437	3.5605001449585
10.783761	0.054125003516674	10.789994	3.5622501373291
10.806394	0.055500004440546	10.812628	3.56362509727478
10.828957	0.0552500039339066	10.835242	3.56462526321411
10.851576	0.0535000041127205	10.857809	3.56550025939941
10.874133	0.0535000041127205	10.880366	3.56437516212463
10.896686	0.0516250021755695	10.902924	3.56375026702881
10.919243	0.0542500019073486	10.925482	3.56387519836426
10.941806	0.0542500019073486	10.948038	3.56475019454956
10.964363	0.0538750030100346	10.970611	3.56725025177002
10.986934	0.0556250028312206	10.993172	3.56875014305115
11.009491	0.055500004440546	11.015723	3.56912517547607
11.032049	0.054125003516674	11.038281	3.5688750743866
11.054605	0.0552500039339066	11.060838	3.56875014305115
11.077158	0.0537500008940697	11.083395	3.56750011444092
11.099714	0.0542500019073486	11.105966	3.56812524795532
11.12229	0.0536250025033951	11.128522	3.56875014305115
11.144841	0.0537500008940697	11.151074	3.57075023651123
11.16741	0.0562500022351742	11.173654	3.57225012779236
11.189992	0.0561250038444996	11.196225	3.57325005531311
11.212542	0.0548750013113022	11.218774	3.57250022888184
11.235104	0.0547500029206276	11.241342	3.57175016403198
11.257661	0.0538750030100346	11.263899	3.57125020027161
11.280231	0.0546250008046627	11.286464	3.57137513160706
11.302789	0.0543750040233135	11.309021	3.57300019264221
11.325341	0.0545000024139881	11.331579	3.57425022125244
11.347899	0.0567500032484531	11.354136	3.5758752822876
11.370456	0.0551250018179417	11.376696	3.57662510871887
11.393019	0.0548750013113022	11.399251	3.57562518119812
11.415591	0.0545000024139881	11.421824	3.57500028610229
11.438145	0.0535000041127205	11.444382	3.57425022125244
11.460716	0.0546250008046627	11.466949	3.57487511634827
11.48327	0.0546250008046627	11.489502	3.57625007629395
11.505821	0.055500004440546	11.512053	3.5787501335144
11.528372	0.0567500032484531	11.534606	3.5787501335144
11.550931	0.0553750023245811	11.557164	3.57900023460388
11.573489	0.0545000024139881	11.579721	3.57825016975403
11.596041	0.0540000014007092	11.602279	3.57725024223328
11.618597	0.054125003516674	11.62483	3.57725024223328
11.64115	0.0542500019073486	11.647382	3.57775020599365
11.663718	0.0543750040233135	11.669956	3.57925009727478
11.686277	0.0556250028312206	11.692514	3.58100008964539
11.708836	0.0561250038444996	11.715068	3.58187508583069
11.731397	0.0556250028312206	11.737629	3.58187508583069
11.753953	0.0547500029206276	11.760186	3.58087515830994
11.776471	0.0546250008046627	11.782708	3.57962512969971
11.799074	0.0543750040233135	11.805311	3.58000016212463
11.821633	0.0583750009536743	11.82786	3.58075022697449
11.844187	0.0556250028312206	11.85042	3.58200025558472
11.86674	0.0552500039339066	11.872977	3.58325028419495
11.889297	0.0566250011324883	11.89553	3.5845000743866
11.911856	0.0553750023245811	11.918089	3.58400011062622
11.93443	0.0545000024139881	11.940663	3.58287525177002
11.956982	0.0540000014007092	11.963215	3.58250021934509
11.979535	0.0577500015497208	11.985773	3.58250021934509
12.002098	0.0556250028312206	12.00833	3.5833752155304
12.024654	0.0551250018179417	12.030887	3.58412528038025
12.047207	0.0562500022351742	12.053444	3.5862500667572
12.069763	0.0563750043511391	12.075996	3.58700013160706
12.092319	0.0542500019073486	12.098552	3.58662509918213
12.114911	0.0512500032782555	12.121144	3.58550024032593
12.137453	0.0540000014007092	12.143686	3.5845000743866
12.160005	0.0588750019669533	12.166278	3.58487510681152
12.182608	0.0546250008046627	12.188841	3.58575010299683
12.205162	0.0550000034272671	12.211399	3.58775019645691
12.227719	0.0558750033378601	12.233956	3.58825016021729
12.250275	0.0560000017285347	12.256507	3.58825016021729
12.27284	0.0551250018179417	12.279078	3.58800005912781
12.295418	0.0586250014603138	12.301656	3.58675026893616
12.317976	0.0545000024139881	12.324209	3.58675026893616
12.340531	0.0550000034272671	12.346765	3.58737516403198
12.36309	0.0551250018179417	12.369323	3.58750009536743
12.385643	0.054125003516674	12.39188	3.58937525749207
12.408199	0.0565000027418137	12.414437	3.58987522125244
12.430755	0.0546250008046627	12.436988	3.59062528610229
12.453312	0.0550000034272671	12.459543	3.59012508392334
12.475864	0.0592500045895576	12.482104	3.58900022506714
12.498427	0.0545000024139881	12.50466	3.58875012397766
12.520974	0.0540000014007092	12.527213	3.58850026130676
12.543534	0.0571250021457672	12.549766	3.58975005149841
12.566095	0.0556250028312206	12.572329	3.59087514877319
12.588647	0.0575000010430813	12.59488	3.5917501449585
12.611204	0.0561250038444996	12.617437	3.59187507629395
12.633756	0.0553750023245811	12.639989	3.59137511253357
12.656324	0.0556250028312206	12.662557	3.59037518501282
12.67888	0.0546250008046627	12.68512	3.58987522125244
12.701445	0.0561250038444996	12.707678	3.59025025367737
12.724003	0.0547500029206276	12.730235	3.5915002822876
12.746524	0.0557500012218952	12.752762	3.59362506866455
12.769082	0.0572500042617321	12.775315	3.59375023841858
12.79164	0.0558750033378601	12.797896	3.59337520599365
12.814232	0.0550000034272671	12.82046	3.59300017356873
12.836801	0.0538750030100346	12.843033	3.59125018119812
12.859358	0.0560000017285347	12.86559	3.59162521362305
12.881914	0.0551250018179417	12.888147	3.59200024604797
12.904471	0.0548750013113022	12.910715	3.59300017356873
12.927034	0.0582500025629997	12.933272	3.59512519836426
12.94959	0.0575000010430813	12.955823	3.59525012969971
12.972147	0.055500004440546	12.97838	3.59475016593933
12.994718	0.0552500039339066	13.000952	3.59400010108948
13.017287	0.055500004440546	13.023524	3.59287524223328
13.039845	0.0545000024139881	13.046072	3.59275007247925
13.062399	0.0567500032484531	13.068631	3.59375023841858
13.08495	0.0548750013113022	13.091203	3.59512519836426
13.107523	0.0585000030696392	13.11376	3.59612512588501
13.130079	0.0572500042617321	13.136312	3.59662508964539
13.152637	0.0570000037550926	13.158869	3.59600019454956
13.175212	0.0553750023245811	13.18145	3.59450006484985
13.19777	0.0540000014007092	13.204008	3.59412527084351
13.220344	0.0547500029206276	13.226583	3.59387516975403
13.242909	0.0556250028312206	13.249146	3.59487509727478
13.265484	0.0553750023245811	13.271721	3.59637522697449
13.288041	0.0572500042617321	13.294273	3.59750008583069
13.310609	0.0581250041723251	13.316841	3.59787511825562
13.333165	0.0553750023245811	13.339398	3.59687519073486
13.355719	0.0550000034272671	13.361957	3.59550023078918
13.378276	0.0592500045895576	13.384514	3.59525012969971
13.400833	0.0572500042617321	13.407066	3.59525012969971
13.42339	0.0558750033378601	13.429622	3.59550023078918
13.445966	0.0573750026524067	13.452199	3.59787511825562
13.468531	0.0580000020563602	13.474763	3.59950017929077
13.491094	0.0552500039339066	13.497327	3.59862518310547
13.513654	0.0556250028312206	13.519886	3.59750008583069
13.536205	0.0556250028312206	13.542442	3.59662508964539
13.558761	0.0548750013113022	13.564995	3.59537506103516
13.581318	0.0556250028312206	13.587551	3.59612512588501
13.603875	0.0545000024139881	13.610107	3.59725022315979
13.626422	0.0556250028312206	13.632661	3.59875011444092
13.648979	0.0573750026524067	13.655212	3.59925007820129
13.67155	0.0552500039339066	13.677783	3.59937524795532
13.694106	0.0546250008046627	13.700339	3.59825015068054
13.71666	0.055500004440546	13.722897	3.59737515449524
13.73922	0.051000002771616	13.745453	3.59650015830994
13.761773	0.0560000017285347	13.768006	3.59725022315979
13.784328	0.0552500039339066	13.790561	3.59887528419495
13.806897	0.0573750026524067	13.813131	3.59937524795532
13.829465	0.0576250031590462	13.8357	3.59975028038025
13.852025	0.0550000034272671	13.858252	3.6001250743866
13.87458	0.0556250028312206	13.880814	3.5990002155304
13.897133	0.0577500015497208	13.90337	3.59800028800964
13.919689	0.055500004440546	13.925922	3.59762525558472
13.942245	0.0546250008046627	13.948478	3.59800028800964
13.964813	0.0563750043511391	13.971046	3.59950017929077
13.987364	0.0577500015497208	13.993601	3.60062527656555
14.009921	0.0567500032484531	14.016154	3.600750207901
14.032479	0.0551250018179417	14.038712	3.6010000705719
14.055032	0.0553750023245811	14.06127	3.59950017929077
14.077589	0.0547500029206276	14.083827	3.59800028800964
14.100145	0.0577500015497208	14.106378	3.59775018692017
14.122702	0.0557500012218952	14.128934	3.59887528419495
14.145253	0.0567500032484531	14.151491	3.60025024414062
14.167864	0.0571250021457672	14.174108	3.60150027275085
14.190442	0.0568750016391277	14.196675	3.60137510299683
14.213002	0.0570000037550926	14.219234	3.600750207901
14.235556	0.0563750043511391	14.241794	3.59950017929077
14.258114	0.0543750040233135	14.264351	3.59837508201599
14.280672	0.0557500012218952	14.286904	3.59875011444092
14.303229	0.0533750019967556	14.309462	3.6001250743866
14.325781	0.0553750023245811	14.332019	3.600750207901
14.348353	0.0583750009536743	14.35459	3.60200023651123
14.370915	0.0565000027418137	14.377147	3.60200023651123
14.393472	0.0561250038444996	14.399704	3.60125017166138
14.416025	0.055500004440546	14.422263	3.6001250743866
14.438582	0.0550000034272671	14.444814	3.59937524795532
14.461133	0.0561250038444996	14.467366	3.59950017929077
14.483691	0.0568750016391277	14.489923	3.60025024414062
14.506263	0.0550000034272671	14.512501	3.6016252040863
14.528819	0.0577500015497208	14.535051	3.60237526893616
14.551375	0.0560000017285347	14.557608	3.6027500629425
14.573947	0.0568750016391277	14.580179	3.60125017166138
14.596472	0.0551250018179417	14.602705	3.6001250743866
14.619024	0.0558750033378601	14.625257	3.59975028038025
14.64158	0.055500004440546	14.647813	3.59950017929077
14.664138	0.0595000013709068	14.670375	3.600750207901
14.686696	0.0568750016391277	14.692934	3.60225009918213
14.709253	0.0596250034868717	14.715486	3.60325026512146
14.73181	0.055500004440546	14.738042	3.60225009918213
14.754364	0.0560000017285347	14.760606	3.60125017166138
14.776926	0.0556250028312206	14.78316	3.5998752117157
14.799531	0.0531250014901161	14.805792	3.5998752117157
14.822121	0.0560000017285347	14.828356	3.60050010681152
14.844687	0.0558750033378601	14.850921	3.60137510299683
14.867247	0.0577500015497208	14.873479	3.60250020027161
14.8898	0.0563750043511391	14.896029	3.60325026512146
14.912362	0.0565000027418137	14.918595	3.60212516784668
14.934938	0.0560000017285347	14.941171	3.6016252040863
14.957491	0.0556250028312206	14.963728	3.6001250743866
14.98005	0.0552500039339066	14.986284	3.6001250743866
15.002609	0.0566250011324883	15.008842	3.60125017166138
15.025162	0.0553750023245811	15.031399	3.6018750667572
15.047718	0.0580000020563602	15.053956	3.60337519645691
15.070276	0.0571250021457672	15.076509	3.60375022888184
15.092832	0.0565000027418137	15.099064	3.60250020027161
15.115393	0.0557500012218952	15.12163	3.60175013542175
15.137964	0.0545000024139881	15.144202	3.60050010681152
15.16052	0.0553750023245811	15.166772	3.5998752117157
15.183104	0.0563750043511391	15.189336	3.60087513923645
15.205657	0.0595000013709068	15.211894	3.60250020027161
15.228214	0.0582500025629997	15.234452	3.60337519645691
15.250771	0.0576250031590462	15.257004	3.60362505912781
15.27333	0.0560000017285347	15.279562	3.6027500629425
15.295882	0.0558750033378601	15.302119	3.60125017166138
15.318441	0.0553750023245811	15.324674	3.60050010681152
15.341007	0.0567500032484531	15.347239	3.60125017166138
15.363565	0.0556250028312206	15.369798	3.60125017166138
15.386118	0.0563750043511391	15.392355	3.6027500629425
15.408675	0.0573750026524067	15.414908	3.60362505912781
15.431233	0.0575000010430813	15.437465	3.60400009155273
15.453789	0.0561250038444996	15.460021	3.60300016403198
15.476352	0.0565000027418137	15.482584	3.60087513923645
15.498918	0.0553750023245811	15.505151	3.60062527656555
15.521476	0.0562500022351742	15.527709	3.6010000705719
15.544033	0.0562500022351742	15.550266	3.6018750667572
15.566586	0.0566250011324883	15.572824	3.60387516021729
15.589142	0.0576250031590462	15.595394	3.60350012779236
15.611719	0.0570000037550926	15.617951	3.60350012779236
15.634276	0.0557500012218952	15.640518	3.6027500629425
15.656837	0.0557500012218952	15.663074	3.6016252040863
15.679396	0.0582500025629997	15.685629	3.60037517547607
15.701944	0.0567500032484531	15.708177	3.60087513923645
15.724501	0.0575000010430813	15.730734	3.60212516784668
15.747054	0.0573750026524067	15.753291	3.6027500629425
15.76961	0.0588750019669533	15.775857	3.60412526130676
15.792185	0.0560000017285347	15.798442	3.60325026512146
15.814769	0.0565000027418137	15.821013	3.60237526893616
15.837338	0.0520000010728836	15.843575	3.60137510299683
15.859886	0.0561250038444996	15.866124	3.60112524032593
15.882454	0.0563750043511391	15.888687	3.60137510299683
15.905017	0.0557500012218952	15.911249	3.60300016403198
15.927573	0.0583750009536743	15.933807	3.60412526130676
15.95013	0.0577500015497208	15.956363	3.60437512397766
15.972686	0.0553750023245811	15.978919	3.60375022888184
15.99524	0.0563750043511391	16.001472	3.60175013542175
16.017792	0.0582500025629997	16.024024	3.60125017166138
16.040347	0.0561250038444996	16.04658	3.6010000705719
16.06292	0.0553750023245811	16.069152	3.60137510299683
16.085479	0.0565000027418137	16.091716	3.60300016403198
16.108037	0.0576250031590462	16.114275	3.60425019264221
16.13061	0.0573750026524067	16.136844	3.60475015640259
16.153169	0.0562500022351742	16.159401	3.60362505912781
16.175857	0.0543750040233135	16.182111	3.60212516784668
16.198515	0.0552500039339066	16.204809	3.60137510299683
16.221262	0.0560000017285347	16.227504	3.60112524032593
16.243846	0.0566250011324883	16.250073	3.60237526893616
16.266405	0.0573750026524067	16.272638	3.60362505912781
16.288962	0.0583750009536743	16.295198	3.60325026512146
16.311523	0.0556250028312206	16.317755	3.60437512397766
16.334079	0.0558750033378601	16.34032	3.60300016403198
16.35664	0.0560000017285347	16.362877	3.60200023651123
16.379196	0.0551250018179417	16.385429	3.60125017166138
16.401754	0.0562500022351742	16.407987	3.60112524032593
16.42431	0.0563750043511391	16.430544	3.60262513160706
16.446881	0.0573750026524067	16.453119	3.60337519645691
16.469441	0.0582500025629997	16.475682	3.60412526130676
16.492009	0.0561250038444996	16.498241	3.60450005531311
16.514565	0.0582500025629997	16.520806	3.6027500629425
16.537125	0.0548750013113022	16.543363	3.60212516784668
16.559681	0.0560000017285347	16.565914	3.60112524032593
16.582238	0.0553750023245811	16.58847	3.60137510299683
16.60479	0.0561250038444996	16.611023	3.6027500629425
16.627341	0.0576250031590462	16.633579	3.60325026512146
16.649911	0.0577500015497208	16.656145	3.60412526130676
16.672473	0.0565000027418137	16.6787	3.60400009155273
16.695022	0.0563750043511391	16.701259	3.60262513160706
16.71758	0.0545000024139881	16.723817	3.60175013542175
16.740137	0.0557500012218952	16.74637	3.60125017166138
16.762694	0.0557500012218952	16.768927	3.60175013542175
16.785245	0.0591250024735928	16.791483	3.6027500629425
16.807821	0.0577500015497208	16.814055	3.60350012779236
16.830384	0.0587500035762787	16.836623	3.60462522506714
16.852966	0.0558750033378601	16.859198	3.60362505912781
16.875518	0.0565000027418137	16.881751	3.60300016403198
16.898061	0.0558750033378601	16.904295	3.60150027275085
16.920616	0.0562500022351742	16.926849	3.60087513923645
16.943176	0.0567500032484531	16.949408	3.60225009918213
16.965729	0.0561250038444996	16.971966	3.60337519645691
16.988288	0.0585000030696392	16.994526	3.60412526130676
17.010848	0.0571250021457672	17.017086	3.60437512397766
17.033409	0.055500004440546	17.039642	3.60337519645691
17.055975	0.0566250011324883	17.062213	3.60287523269653
17.078533	0.055500004440546	17.084767	3.6016252040863
17.101092	0.0561250038444996	17.107325	3.60137510299683
17.123645	0.0563750043511391	17.129877	3.60262513160706
17.146196	0.0567500032484531	17.152428	3.60325026512146
17.168759	0.0582500025629997	17.174999	3.60362505912781
17.191341	0.0570000037550926	17.197574	3.60437512397766
17.213899	0.0563750043511391	17.220132	3.60337519645691
17.236456	0.0556250028312206	17.242693	3.6027500629425
17.259013	0.0548750013113022	17.265246	3.60150027275085
17.281571	0.0595000013709068	17.287805	3.60150027275085
17.30413	0.0596250034868717	17.310364	3.60250020027161
17.326683	0.0561250038444996	17.332921	3.60400009155273
17.349239	0.0572500042617321	17.355481	3.60487508773804
17.371809	0.0573750026524067	17.378041	3.60400009155273
17.394365	0.0563750043511391	17.400612	3.60287523269653
17.416932	0.0561250038444996	17.42317	3.60200023651123
17.439489	0.055500004440546	17.445721	3.60150027275085
17.462046	0.0561250038444996	17.468279	3.6016252040863
17.484603	0.0547500029206276	17.490836	3.60225009918213
17.507155	0.0578750036656857	17.513393	3.60362505912781
17.529713	0.0580000020563602	17.535964	3.60450005531311
17.552287	0.0561250038444996	17.558519	3.60425019264221
17.57484	0.0557500012218952	17.581073	3.60325026512146
17.597392	0.0558750033378601	17.60363	3.60200023651123
17.619949	0.0557500012218952	17.626182	3.60150027275085
17.642506	0.0556250028312206	17.648738	3.60200023651123
17.665064	0.0551250018179417	17.671302	3.60300016403198
17.687622	0.0565000027418137	17.693859	3.60412526130676
17.710178	0.0573750026524067	17.716411	3.60437512397766
17.732734	0.0560000017285347	17.738966	3.60387516021729
17.755299	0.0561250038444996	17.761537	3.60312509536743
17.777847	0.0550000034272671	17.784085	3.60200023651123
17.800454	0.0568750016391277	17.80669	3.60112524032593
17.823009	0.0551250018179417	17.829237	3.60200023651123
17.845593	0.0561250038444996	17.851831	3.60287523269653
17.868152	0.0573750026524067	17.87439	3.60437512397766
17.890717	0.0570000037550926	17.896949	3.60475015640259
17.913279	0.055500004440546	17.919511	3.60375022888184
17.935831	0.0558750033378601	17.942069	3.60287523269653
17.958394	0.0548750013113022	17.964632	3.6018750667572
17.980952	0.0557500012218952	17.987185	3.6016252040863
18.00351	0.0557500012218952	18.009743	3.60225009918213
18.026083	0.0556250028312206	18.03232	3.60287523269653
18.04864	0.0580000020563602	18.054873	3.60437512397766
18.071197	0.0573750026524067	18.07743	3.60462522506714
18.093752	0.0551250018179417	18.099984	3.60400009155273
18.116306	0.0567500032484531	18.122543	3.60200023651123
18.138854	0.0550000034272671	18.145116	3.60175013542175
18.161438	0.0553750023245811	18.167683	3.60125017166138
18.184008	0.0562500022351742	18.190247	3.60212516784668
18.206569	0.055500004440546	18.212802	3.60375022888184
18.229123	0.0591250024735928	18.235363	3.60487508773804
18.251702	0.0567500032484531	18.257934	3.60400009155273
18.274253	0.0552500039339066	18.280487	3.60350012779236
18.296806	0.0545000024139881	18.303043	3.6018750667572
18.319363	0.0560000017285347	18.325596	3.60175013542175
18.34192	0.0556250028312206	18.348153	3.60150027275085
18.364477	0.0557500012218952	18.370715	3.60250020027161
18.387033	0.0561250038444996	18.39327	3.60375022888184
18.409589	0.0577500015497208	18.415822	3.60437512397766
18.432174	0.055500004440546	18.438407	3.60400009155273
18.454728	0.0565000027418137	18.460961	3.60350012779236
18.477282	0.0551250018179417	18.48352	3.6018750667572
18.499838	0.0533750019967556	18.506071	3.60137510299683
18.522396	0.0557500012218952	18.528628	3.6018750667572
18.544947	0.0556250028312206	18.551199	3.60312509536743
18.567518	0.0571250021457672	18.573755	3.60387516021729
18.590074	0.0582500025629997	18.596307	3.60525012016296
18.612634	0.0537500008940697	18.618866	3.60400009155273
18.635198	0.0578750036656857	18.641435	3.60287523269653
18.657757	0.0556250028312206	18.66399	3.60212516784668
18.680322	0.0557500012218952	18.686555	3.6016252040863
18.702874	0.0557500012218952	18.709106	3.60212516784668
18.725425	0.0558750033378601	18.731662	3.60325026512146
18.747982	0.0578750036656857	18.754219	3.60400009155273
18.770538	0.0582500025629997	18.776771	3.60437512397766
18.793103	0.0560000017285347	18.799355	3.60462522506714
18.815689	0.0551250018179417	18.821933	3.60312509536743
18.838263	0.0548750013113022	18.844496	3.60175013542175
18.860818	0.0552500039339066	18.86705	3.60000014305115
18.883374	0.0565000027418137	18.889607	3.60237526893616
18.905925	0.0567500032484531	18.912163	3.60337519645691
18.928482	0.0573750026524067	18.934715	3.60387516021729
18.951033	0.0576250031590462	18.957266	3.60425019264221
18.973589	0.0558750033378601	18.979822	3.60412526130676
18.996163	0.0552500039339066	19.0024	3.60262513160706
19.018711	0.0556250028312206	19.024944	3.60212516784668
19.041269	0.0566250011324883	19.047501	3.60150027275085
19.063821	0.0571250021457672	19.070054	3.60212516784668
19.086374	0.0567500032484531	19.092611	3.60387516021729
19.108931	0.0573750026524067	19.115163	3.60462522506714
19.131487	0.0561250038444996	19.137719	3.60462522506714
19.154043	0.0570000037550926	19.160276	3.60425019264221
19.176625	0.0548750013113022	19.182862	3.60250020027161
19.199186	0.0567500032484531	19.20542	3.6016252040863
19.221744	0.0565000027418137	19.227977	3.6016252040863
19.2443	0.0566250011324883	19.250533	3.60287523269653
19.266852	0.0562500022351742	19.273085	3.60325026512146
19.289397	0.0583750009536743	19.29563	3.60450005531311
19.311947	0.0568750016391277	19.318179	3.60450005531311
19.334498	0.055500004440546	19.340731	3.60312509536743
19.357054	0.0553750023245811	19.363292	3.60250020027161
19.37961	0.0550000034272671	19.385864	3.6016252040863
19.40219	0.0600000023841858	19.408423	3.60137510299683
19.424741	0.0560000017285347	19.430974	3.60300016403198
19.447294	0.0568750016391277	19.453531	3.60387516021729
19.46985	0.0582500025629997	19.476083	3.60425019264221
19.492406	0.0571250021457672	19.498638	3.60450005531311
19.514957	0.0557500012218952	19.521195	3.6027500629425
19.537515	0.0560000017285347	19.543753	3.60237526893616
19.560071	0.055500004440546	19.566304	3.60175013542175
19.582629	0.0567500032484531	19.588862	3.60150027275085
19.605194	0.0591250024735928	19.611432	3.60337519645691
19.62775	0.0578750036656857	19.633987	3.60387516021729
19.650323	0.0578750036656857	19.656556	3.60450005531311
19.672884	0.0558750033378601	19.679116	3.60462522506714
19.695434	0.0563750043511391	19.701672	3.60350012779236
19.717994	0.0546250008046627	19.724231	3.60225009918213
19.74055	0.055500004440546	19.746783	3.60137510299683
19.763108	0.0563750043511391	19.76934	3.60137510299683
19.785656	0.0562500022351742	19.791889	3.60325026512146
19.808231	0.0575000010430813	19.814465	3.60400009155273
19.830778	0.0585000030696392	19.837016	3.60462522506714
19.853341	0.0566250011324883	19.859569	3.60437512397766
19.875888	0.0571250021457672	19.882126	3.6027500629425
19.898463	0.055500004440546	19.90472	3.60112524032593
19.92104	0.0563750043511391	19.927277	3.60175013542175
19.943604	0.0560000017285347	19.949837	3.60225009918213
19.966158	0.0558750033378601	19.972395	3.60312509536743
19.988714	0.0581250041723251	19.994947	3.60375022888184
20.011272	0.0578750036656857	20.017499	3.60462522506714
20.033826	0.0556250028312206	20.040058	3.60350012779236
20.056378	0.0562500022351742	20.062615	3.60312509536743
20.078937	0.0593750029802322	20.08517	3.60087513923645
20.101491	0.0552500039339066	20.107723	3.60137510299683
20.124049	0.0566250011324883	20.130282	3.60200023651123
20.146601	0.0560000017285347	20.152839	3.60350012779236
20.169194	0.0585000030696392	20.175434	3.60425019264221
20.191763	0.0568750016391277	20.197996	3.60462522506714
20.21432	0.0565000027418137	20.220553	3.60337519645691
20.236872	0.0557500012218952	20.243109	3.60262513160706
20.259428	0.0561250038444996	20.265667	3.6016252040863
20.281995	0.0571250021457672	20.288228	3.60125017166138
20.304548	0.0562500022351742	20.310781	3.60237526893616
20.327102	0.0561250038444996	20.33334	3.60375022888184
20.349663	0.0576250031590462	20.355902	3.60462522506714
20.372223	0.0565000027418137	20.378457	3.60450005531311
20.394775	0.0562500022351742	20.401009	3.60312509536743
20.417328	0.0552500039339066	20.423561	3.60212516784668
20.439896	0.0565000027418137	20.44613	3.60125017166138
20.462455	0.0566250011324883	20.468687	3.60150027275085
20.485009	0.0546250008046627	20.491247	3.60300016403198
20.507566	0.0567500032484531	20.513803	3.60362505912781
20.530122	0.0608750022947788	20.536356	3.60462522506714
20.55268	0.0557500012218952	20.558913	3.60412526130676
20.575232	0.055500004440546	20.58147	3.60325026512146
20.597789	0.0561250038444996	20.604027	3.60200023651123
20.620345	0.0568750016391277	20.626578	3.60150027275085
20.642915	0.0563750043511391	20.649148	3.60150027275085
20.665491	0.0573750026524067	20.671728	3.60262513160706
20.68805	0.0565000027418137	20.694287	3.60387516021729
20.71061	0.0571250021457672	20.716842	3.60462522506714
20.733167	0.0558750033378601	20.739401	3.60412526130676
20.755719	0.0540000014007092	20.761957	3.60287523269653
20.778276	0.0557500012218952	20.784514	3.60125017166138
20.800856	0.0552500039339066	20.807091	3.60137510299683
20.823421	0.0608750022947788	20.829654	3.60112524032593
20.845978	0.0557500012218952	20.852216	3.60300016403198
20.868539	0.0557500012218952	20.874771	3.60412526130676
20.891095	0.0572500042617321	20.897328	3.60462522506714
20.913652	0.0560000017285347	20.919885	3.60387516021729
20.936204	0.0561250038444996	20.942441	3.6027500629425
20.95876	0.0572500042617321	20.964996	3.60062527656555
20.981315	0.0552500039339066	20.987547	3.60137510299683
21.003872	0.0580000020563602	21.010104	3.6018750667572
21.026463	0.0560000017285347	21.0327	3.60300016403198
21.049019	0.0575000010430813	21.055247	3.60450005531311
21.071573	0.0578750036656857	21.077805	3.60425019264221
21.094129	0.0566250011324883	21.100362	3.60350012779236
21.116682	0.0558750033378601	21.12292	3.6027500629425
21.13923	0.0551250018179417	21.145498	3.6016252040863
21.161823	0.0557500012218952	21.168062	3.60125017166138
21.18439	0.0552500039339066	21.190623	3.60212516784668
21.206958	0.0560000017285347	21.213196	3.60350012779236
21.229516	0.0580000020563602	21.235754	3.60425019264221
21.25208	0.0572500042617321	21.258312	3.60425019264221
21.274635	0.0562500022351742	21.280869	3.60387516021729
21.297188	0.0562500022351742	21.303425	3.60137510299683
21.319745	0.0552500039339066	21.325978	3.60150027275085
21.342301	0.0561250038444996	21.348533	3.60125017166138
21.364853	0.0550000034272671	21.371094	3.60237526893616
21.387417	0.0561250038444996	21.39365	3.60325026512146
21.409972	0.0581250041723251	21.416205	3.60450005531311
21.432528	0.0572500042617321	21.438761	3.60412526130676
21.455098	0.0552500039339066	21.461331	3.60325026512146
21.477652	0.0558750033378601	21.483885	3.60225009918213
21.500224	0.0552500039339066	21.506457	3.60150027275085
21.522777	0.0565000027418137	21.529009	3.60137510299683
21.545333	0.0561250038444996	21.55157	3.60250020027161
21.567905	0.0568750016391277	21.574143	3.60362505912781
21.590463	0.0616250038146973	21.596696	3.60437512397766
21.613022	0.0563750043511391	21.619254	3.60437512397766
21.635588	0.0567500032484531	21.641825	3.60325026512146
21.658145	0.0556250028312206	21.664382	3.60200023651123
21.680719	0.0548750013113022	21.686952	3.60137510299683
21.703277	0.0558750033378601	21.709509	3.60200023651123
21.725828	0.0535000041127205	21.732066	3.60287523269653
21.748399	0.0585000030696392	21.754636	3.60375022888184
21.770955	0.0578750036656857	21.777182	3.60450005531311
21.793503	0.0567500032484531	21.799748	3.60425019264221
21.816073	0.0560000017285347	21.822306	3.60262513160706
21.838631	0.0547500029206276	21.844864	3.6016252040863
21.861204	0.0556250028312206	21.867437	3.60150027275085
21.88376	0.0543750040233135	21.889993	3.60212516784668
21.906312	0.0543750040233135	21.912549	3.60350012779236
21.928868	0.0572500042617321	21.935097	3.60387516021729
21.951427	0.0586250014603138	21.95766	3.60475015640259
21.973983	0.0561250038444996	21.980227	3.60400009155273
21.996548	0.055500004440546	22.002786	3.60250020027161
22.019104	0.0553750023245811	22.025337	3.60150027275085
22.041661	0.0558750033378601	22.047894	3.6016252040863
22.064216	0.0560000017285347	22.070449	3.60237526893616
22.086768	0.0560000017285347	22.093005	3.60337519645691
22.109327	0.0581250041723251	22.115584	3.60450005531311
22.131903	0.0573750026524067	22.138135	3.60475015640259
22.154474	0.0561250038444996	22.160715	3.60387516021729
22.177057	0.0563750043511391	22.183296	3.60225009918213
22.199623	0.0553750023245811	22.205866	3.6018750667572
22.222192	0.0542500019073486	22.228424	3.60175013542175
22.244748	0.0556250028312206	22.250982	3.6027500629425
22.267301	0.0543750040233135	22.273538	3.60375022888184
22.289856	0.0582500025629997	22.296089	3.60425019264221
22.312413	0.0562500022351742	22.318645	3.60450005531311
22.334967	0.0560000017285347	22.341205	3.60375022888184
22.357526	0.0552500039339066	22.363763	3.60237526893616
22.380084	0.0551250018179417	22.386317	3.60150027275085
22.402642	0.0562500022351742	22.408874	3.6016252040863
22.425195	0.0585000030696392	22.431432	3.60300016403198
22.447752	0.0566250011324883	22.453989	3.60400009155273
22.470322	0.0580000020563602	22.476554	3.60475015640259
22.492878	0.0561250038444996	22.499111	3.60450005531311
22.515429	0.0570000037550926	22.521667	3.60237526893616
22.537998	0.0558750033378601	22.544232	3.60237526893616
22.560546	0.0571250021457672	22.566779	3.60087513923645
22.583101	0.0561250038444996	22.589333	3.60200023651123
22.60566	0.0561250038444996	22.611894	3.6027500629425
22.628216	0.0588750019669533	22.634448	3.60437512397766
22.650769	0.0582500025629997	22.657002	3.60450005531311
22.673329	0.0558750033378601	22.679561	3.60412526130676
22.695889	0.0566250011324883	22.702127	3.60262513160706
22.718447	0.0563750043511391	22.724679	3.60212516784668
22.741008	0.0560000017285347	22.747241	3.6016252040863
22.763564	0.0568750016391277	22.769796	3.6018750667572
22.786116	0.0563750043511391	22.792349	3.60312509536743
22.808684	0.0576250031590462	22.814917	3.60425019264221
22.831259	0.0577500015497208	22.837493	3.60462522506714
22.853819	0.0557500012218952	22.860052	3.60437512397766
22.876382	0.0558750033378601	22.882619	3.60250020027161
22.898938	0.0561250038444996	22.905172	3.6018750667572
22.921497	0.0550000034272671	22.927729	3.60150027275085
22.944055	0.0557500012218952	22.950288	3.60200023651123
22.966607	0.0560000017285347	22.972845	3.60325026512146
22.989165	0.0577500015497208	22.995398	3.60400009155273
23.011722	0.0568750016391277	23.017954	3.60475015640259
23.034278	0.0572500042617321	23.040526	3.60325026512146
23.05686	0.0596250034868717	23.063097	3.60237526893616
23.079415	0.0546250008046627	23.085648	3.60175013542175
23.101972	0.0575000010430813	23.108204	3.60137510299683
23.124528	0.0568750016391277	23.130761	3.6027500629425
23.147082	0.0566250011324883	23.153319	3.60387516021729
23.169663	0.0582500025629997	23.175901	3.60412526130676
23.192229	0.0566250011324883	23.198461	3.60462522506714
23.214782	0.0567500032484531	23.221022	3.60225009918213
23.237353	0.0558750033378601	23.243591	3.60262513160706
23.259912	0.0556250028312206	23.266139	3.60150027275085
23.282465	0.0562500022351742	23.288698	3.60137510299683
23.305016	0.0553750023245811	23.311253	3.60325026512146
23.327572	0.0563750043511391	23.33381	3.60412526130676
23.350128	0.0573750026524067	23.356361	3.60525012016296
23.372685	0.0566250011324883	23.378917	3.60487508773804
23.395236	0.0560000017285347	23.401473	3.60287523269653
23.417794	0.0548750013113022	23.424031	3.60212516784668
23.440364	0.0557500012218952	23.446598	3.60175013542175
23.462914	0.0557500012218952	23.469146	3.6016252040863
23.485486	0.0556250028312206	23.491723	3.60312509536743
23.508042	0.0573750026524067	23.51428	3.60387516021729
23.530609	0.0567500032484531	23.536842	3.60450005531311
23.553169	0.0562500022351742	23.559401	3.60450005531311
23.57572	0.0566250011324883	23.581958	3.60312509536743
23.598276	0.0561250038444996	23.604514	3.60237526893616
23.620842	0.0560000017285347	23.627075	3.6018750667572
23.643396	0.055500004440546	23.649623	3.6016252040863
23.66597	0.0561250038444996	23.672208	3.60300016403198
23.688529	0.0576250031590462	23.694762	3.60450005531311
23.711091	0.0582500025629997	23.717323	3.60487508773804
23.733638	0.0557500012218952	23.73987	3.60375022888184
23.756195	0.0550000034272671	23.762433	3.60300016403198
23.778758	0.0553750023245811	23.785002	3.60137510299683
23.801353	0.0558750033378601	23.807581	3.60137510299683
23.823906	0.0570000037550926	23.830133	3.6018750667572
23.846461	0.0556250028312206	23.852698	3.60325026512146
23.869018	0.0616250038146973	23.875251	3.60375022888184
23.891576	0.0571250021457672	23.897808	3.60462522506714
23.914132	0.0581250041723251	23.920364	3.60362505912781
23.936683	0.0547500029206276	23.94292	3.60300016403198
23.959245	0.0557500012218952	23.965484	3.60212516784668
23.981825	0.0557500012218952	23.988058	3.60087513923645
24.004373	0.0552500039339066	24.010609	3.60225009918213
24.02693	0.0587500035762787	24.033167	3.60350012779236
24.049486	0.0578750036656857	24.055719	3.60500025749207
24.072042	0.0568750016391277	24.078274	3.60475015640259
24.094598	0.0563750043511391	24.100831	3.60350012779236
24.117149	0.0567500032484531	24.123387	3.60262513160706
24.139708	0.0553750023245811	24.145966	3.60125017166138
24.162289	0.0563750043511391	24.168529	3.60150027275085
24.184852	0.0562500022351742	24.191105	3.6018750667572
24.207426	0.0567500032484531	24.213664	3.60387516021729
24.229983	0.0598750039935112	24.236216	3.60512518882751
24.252539	0.0577500015497208	24.258767	3.60500025749207
24.275105	0.0563750043511391	24.281343	3.60400009155273
24.297662	0.0561250038444996	24.3039	3.60212516784668
24.320233	0.0556250028312206	24.326466	3.6016252040863
24.342805	0.0565000027418137	24.349037	3.60225009918213
24.365353	0.0558750033378601	24.371591	3.60262513160706
24.387911	0.0568750016391277	24.394149	3.60412526130676
24.410469	0.0595000013709068	24.416702	3.60500025749207
24.433026	0.0570000037550926	24.439259	3.60400009155273
24.455583	0.0560000017285347	24.46182	3.60350012779236
24.478139	0.0552500039339066	24.484376	3.60200023651123
24.500712	0.0558750033378601	24.506945	3.60125017166138
24.523281	0.0562500022351742	24.529514	3.60200023651123
24.545833	0.0560000017285347	24.55207	3.60300016403198
24.568392	0.0556250028312206	24.57463	3.60350012779236
24.590949	0.0577500015497208	24.597182	3.60512518882751
24.613507	0.055500004440546	24.619739	3.60462522506714
24.636066	0.0563750043511391	24.642304	3.6027500629425
24.658623	0.0558750033378601	24.664861	3.60150027275085
24.681207	0.0600000023841858	24.687439	3.60175013542175
24.703767	0.0566250011324883	24.71	3.6018750667572
24.726321	0.0525000020861626	24.732553	3.60325026512146
24.748875	0.0585000030696392	24.755109	3.60487508773804
24.771433	0.0576250031590462	24.777666	3.60487508773804
24.793987	0.0556250028312206	24.800226	3.60437512397766
24.816567	0.0563750043511391	24.822807	3.60312509536743
24.839127	0.0550000034272671	24.845365	3.60200023651123
24.861696	0.055500004440546	24.867928	3.60212516784668
24.884253	0.0568750016391277	24.890486	3.60237526893616
24.906814	0.0565000027418137	24.913052	3.60325026512146
24.929372	0.0583750009536743	24.935604	3.60475015640259
24.951928	0.0576250031590462	24.958161	3.60475015640259
24.974485	0.0567500032484531	24.980722	3.60387516021729
24.997041	0.0560000017285347	25.003278	3.60237526893616
25.019597	0.055500004440546	25.025829	3.60175013542175
25.042168	0.0558750033378601	25.048401	3.60175013542175
25.06472	0.0570000037550926	25.070953	3.6027500629425
25.087271	0.0562500022351742	25.093509	3.60425019264221
25.109828	0.0581250041723251	25.116063	3.60450005531311
25.132385	0.0568750016391277	25.138619	3.60475015640259
25.154937	0.0563750043511391	25.161169	3.60400009155273
25.177517	0.0556250028312206	25.183755	3.60225009918213
25.200077	0.0556250028312206	25.20631	3.6018750667572
25.222638	0.0570000037550926	25.228871	3.60200023651123
25.245205	0.0570000037550926	25.251443	3.60287523269653
25.267764	0.055500004440546	25.274002	3.60325026512146
25.290323	0.0577500015497208	25.296551	3.60525012016296
25.312874	0.0572500042617321	25.319107	3.60475015640259
25.335427	0.0565000027418137	25.341665	3.60425019264221
25.357984	0.0563750043511391	25.364221	3.60262513160706
25.38054	0.0565000027418137	25.386772	3.60175013542175
25.403096	0.0565000027418137	25.409329	3.60175013542175
25.425651	0.0561250038444996	25.431883	3.60300016403198
25.448202	0.0615000016987324	25.454439	3.60437512397766
25.470759	0.0580000020563602	25.476992	3.60487508773804
25.493315	0.0562500022351742	25.499547	3.60437512397766
25.515867	0.0560000017285347	25.522105	3.60375022888184
25.538423	0.0560000017285347	25.54466	3.6018750667572
25.560981	0.0551250018179417	25.567214	3.60137510299683
25.583537	0.0562500022351742	25.589769	3.60212516784668
25.606089	0.0558750033378601	25.612326	3.60375022888184
25.628658	0.0622500032186508	25.634905	3.60450005531311
25.651226	0.0572500042617321	25.657458	3.60550022125244
25.673786	0.0562500022351742	25.680019	3.60462522506714
25.696349	0.0570000037550926	25.702586	3.60250020027161
25.718907	0.0586250014603138	25.72514	3.60225009918213
25.741463	0.0567500032484531	25.747695	3.60212516784668
25.764018	0.0581250041723251	25.770251	3.60250020027161
25.78657	0.0565000027418137	25.792803	3.60412526130676
25.809139	0.0578750036656857	25.815403	3.60475015640259
25.83173	0.0587500035762787	25.837963	3.60487508773804
25.854285	0.0568750016391277	25.860519	3.60425019264221
25.876839	0.0557500012218952	25.883071	3.60262513160706
25.899394	0.0550000034272671	25.905627	3.60212516784668
25.92194	0.0566250011324883	25.928168	3.6016252040863
25.944485	0.0560000017285347	25.950718	3.60262513160706
25.967038	0.0561250038444996	25.973276	3.60387516021729
25.989611	0.0581250041723251	25.995864	3.60475015640259
26.012184	0.0565000027418137	26.018416	3.60500025749207
26.034737	0.0565000027418137	26.04097	3.60425019264221
26.057289	0.0561250038444996	26.063526	3.6027500629425
26.079845	0.0551250018179417	26.086078	3.60175013542175
26.102394	0.0558750033378601	26.108626	3.60212516784668
26.124945	0.0560000017285347	26.131197	3.6027500629425
26.147515	0.0565000027418137	26.153753	3.60400009155273
26.170123	0.0600000023841858	26.176365	3.60512518882751
26.192693	0.0563750043511391	26.198925	3.60500025749207
26.215256	0.0561250038444996	26.221494	3.60337519645691
26.237815	0.0566250011324883	26.244052	3.60300016403198
26.260364	0.0562500022351742	26.266603	3.60137510299683
26.282928	0.0587500035762787	26.289161	3.60212516784668
26.305485	0.0567500032484531	26.311723	3.60287523269653
26.328042	0.0576250031590462	26.334279	3.60437512397766
26.350613	0.0587500035762787	26.356846	3.60487508773804
26.37317	0.0560000017285347	26.379402	3.60487508773804
26.395729	0.0557500012218952	26.401966	3.60375022888184
26.418286	0.0565000027418137	26.424523	3.60250020027161
26.440843	0.0553750023245811	26.447075	3.6027500629425
26.463398	0.0566250011324883	26.46963	3.60212516784668
26.485967	0.0565000027418137	26.492205	3.60325026512146
26.508524	0.0593750029802322	26.514756	3.60425019264221
26.531094	0.0576250031590462	26.537327	3.60525012016296
26.553664	0.0565000027418137	26.559897	3.60487508773804
26.576212	0.055500004440546	26.582449	3.60337519645691
26.598769	0.0572500042617321	26.605001	3.60225009918213
26.621325	0.0553750023245811	26.627557	3.60200023651123
26.643881	0.0570000037550926	26.650113	3.60225009918213
26.666462	0.0563750043511391	26.672699	3.60387516021729
26.68902	0.0583750009536743	26.695252	3.60462522506714
26.711576	0.0583750009536743	26.717808	3.60537528991699
26.73413	0.0593750029802322	26.740364	3.60462522506714
26.756696	0.0563750043511391	26.762933	3.60312509536743
26.779252	0.0553750023245811	26.785486	3.60112524032593
26.801836	0.0557500012218952	26.808064	3.60175013542175
26.824389	0.0537500008940697	26.830646	3.60212516784668
26.846971	0.0562500022351742	26.85321	3.60375022888184
26.869528	0.0545000024139881	26.875773	3.60512518882751
26.892097	0.0570000037550926	26.898329	3.60512518882751
26.914653	0.0561250038444996	26.920886	3.60400009155273
26.937209	0.055500004440546	26.943442	3.60287523269653
26.959768	0.0556250028312206	26.965997	3.60212516784668
26.98232	0.0566250011324883	26.988547	3.60200023651123
27.004875	0.0573750026524067	27.011108	3.60312509536743
27.02743	0.0571250021457672	27.033663	3.60387516021729
27.049985	0.0611250028014183	27.056212	3.60525012016296
27.072533	0.0570000037550926	27.078765	3.60462522506714
27.095107	0.0570000037550926	27.101345	3.60362505912781
27.117678	0.055500004440546	27.123916	3.60300016403198
27.140234	0.0567500032484531	27.146467	3.60175013542175
27.162791	0.0563750043511391	27.169029	3.60200023651123
27.185353	0.0562500022351742	27.191591	3.60287523269653
27.207911	0.0568750016391277	27.214148	3.60425019264221
27.230466	0.0582500025629997	27.236699	3.60475015640259
27.253025	0.0570000037550926	27.259257	3.60475015640259
27.275593	0.0571250021457672	27.28183	3.60425019264221
27.298156	0.0561250038444996	27.30439	3.6027500629425
27.320715	0.055500004440546	27.326947	3.60200023651123
27.343273	0.0558750033378601	27.349506	3.60237526893616
27.365827	0.0566250011324883	27.372064	3.60362505912781
27.388388	0.0580000020563602	27.394625	3.60475015640259
27.410945	0.0573750026524067	27.417177	3.60525012016296
27.433501	0.0557500012218952	27.439735	3.60400009155273
27.456065	0.055500004440546	27.462302	3.60362505912781
27.478622	0.055500004440546	27.484855	3.60250020027161
27.501195	0.0563750043511391	27.507427	3.60200023651123
27.523743	0.0551250018179417	27.529975	3.60212516784668
27.5463	0.0568750016391277	27.552538	3.60375022888184
27.568858	0.0605000033974648	27.575104	3.60425019264221
27.591428	0.0571250021457672	27.59766	3.60525012016296
27.613985	0.0560000017285347	27.620228	3.60475015640259
27.636547	0.0566250011324883	27.642785	3.60337519645691
27.659104	0.0560000017285347	27.665342	3.60175013542175
27.681668	0.0566250011324883	27.6879	3.60212516784668
27.704238	0.0571250021457672	27.710471	3.60237526893616
27.72679	0.0563750043511391	27.733027	3.60387516021729
27.749347	0.0576250031590462	27.75559	3.60450005531311
27.771915	0.0543750040233135	27.778142	3.60550022125244
27.794486	0.0562500022351742	27.800767	3.60500025749207
27.817092	0.0561250038444996	27.823324	3.60350012779236
27.839647	0.0548750013113022	27.84588	3.60250020027161
27.862204	0.0556250028312206	27.868437	3.60200023651123
27.884773	0.0550000034272671	27.891007	3.60300016403198
27.907317	0.0562500022351742	27.91355	3.60425019264221
27.92987	0.0583750009536743	27.936103	3.60512518882751
27.952425	0.0582500025629997	27.958657	3.60500025749207
27.974994	0.0601250045001507	27.981232	3.60450005531311
27.99755	0.0547500029206276	28.003788	3.60287523269653
28.020107	0.0558750033378601	28.026356	3.60212516784668
28.04268	0.0571250021457672	28.048912	3.60237526893616
28.06524	0.0540000014007092	28.071474	3.60350012779236
28.087794	0.0566250011324883	28.094026	3.60475015640259
28.110346	0.0576250031590462	28.11658	3.60537528991699
28.132902	0.0581250041723251	28.139135	3.60525012016296
28.155456	0.0568750016391277	28.161688	3.60412526130676
28.178024	0.0556250028312206	28.184263	3.60300016403198
28.200612	0.0553750023245811	28.206845	3.60225009918213
28.223187	0.0563750043511391	28.229419	3.60250020027161
28.245737	0.0550000034272671	28.251975	3.60300016403198
28.268298	0.0573750026524067	28.274535	3.60500025749207
28.290855	0.0582500025629997	28.297088	3.60525012016296
28.313411	0.0567500032484531	28.319644	3.60500025749207
28.33597	0.0568750016391277	28.342208	3.60412526130676
28.358529	0.0552500039339066	28.364773	3.60200023651123
28.381109	0.054125003516674	28.387341	3.60225009918213
28.403667	0.0560000017285347	28.409899	3.6027500629425
28.42622	0.0585000030696392	28.432458	3.60387516021729
28.448779	0.0626250058412552	28.455011	3.60500025749207
28.471336	0.0581250041723251	28.477568	3.60537528991699
28.493893	0.0570000037550926	28.500126	3.60512518882751
28.51645	0.0565000027418137	28.522688	3.60375022888184
28.539008	0.0556250028312206	28.545241	3.60250020027161
28.561564	0.0563750043511391	28.567796	3.60212516784668
28.584121	0.0606250017881393	28.590355	3.60325026512146
28.606676	0.0563750043511391	28.612913	3.60387516021729
28.629232	0.0580000020563602	28.635482	3.60512518882751
28.651807	0.0577500015497208	28.658039	3.60575008392334
28.674367	0.0558750033378601	28.680606	3.60487508773804
28.696926	0.0562500022351742	28.703163	3.60250020027161
28.719483	0.0551250018179417	28.725716	3.60250020027161
28.74204	0.0557500012218952	28.748272	3.60175013542175
28.764595	0.0556250028312206	28.770828	3.60325026512146
28.78716	0.0560000017285347	28.793399	3.60437512397766
28.80974	0.0578750036656857	28.815976	3.60525012016296
28.832313	0.0581250041723251	28.838552	3.60500025749207
28.854874	0.0565000027418137	28.861107	3.60462522506714
28.877429	0.0592500045895576	28.883667	3.60325026512146
28.899986	0.0560000017285347	28.906219	3.60262513160706
28.922543	0.0547500029206276	28.928775	3.60225009918213
28.945104	0.0562500022351742	28.951341	3.60337519645691
28.967666	0.0562500022351742	28.973903	3.60437512397766
28.990232	0.0577500015497208	28.996465	3.60537528991699
29.01279	0.0566250011324883	29.019023	3.60562515258789
29.035343	0.0571250021457672	29.04158	3.60450005531311
29.0579	0.0552500039339066	29.064138	3.60337519645691
29.080458	0.0550000034272671	29.08669	3.60237526893616
29.103014	0.0563750043511391	29.109247	3.60287523269653
29.12559	0.0560000017285347	29.131827	3.60375022888184
29.148162	0.0572500042617321	29.1544	3.60487508773804
29.170748	0.0588750019669533	29.176981	3.60550022125244
29.193304	0.055500004440546	29.199537	3.60525012016296
29.215868	0.0560000017285347	29.222109	3.60350012779236
29.238431	0.0553750023245811	29.244663	3.60312509536743
29.260977	0.0551250018179417	29.267205	3.6016252040863
29.283526	0.0562500022351742	29.289757	3.60300016403198
29.306082	0.0567500032484531	29.31232	3.60462522506714
29.328639	0.0580000020563602	29.334871	3.60512518882751
29.351197	0.0580000020563602	29.35743	3.60512518882751
29.373756	0.0557500012218952	29.379983	3.60500025749207
29.396306	0.0561250038444996	29.402544	3.60362505912781
29.418864	0.0556250028312206	29.425105	3.60300016403198
29.44143	0.0557500012218952	29.447662	3.60200023651123
29.463983	0.0565000027418137	29.470231	3.60262513160706
29.486551	0.0560000017285347	29.492789	3.60387516021729
29.509123	0.0586250014603138	29.515356	3.60512518882751
29.531671	0.0577500015497208	29.537905	3.60575008392334
29.554231	0.0560000017285347	29.560464	3.60525012016296
29.576782	0.0565000027418137	29.583019	3.60362505912781
29.599339	0.0556250028312206	29.605586	3.6027500629425
29.621911	0.0563750043511391	29.628143	3.60225009918213
29.644468	0.0550000034272671	29.650715	3.60312509536743
29.667035	0.0573750026524067	29.673273	3.60450005531311
29.689606	0.0583750009536743	29.695839	3.60525012016296
29.712158	0.0575000010430813	29.71839	3.60575008392334
29.73472	0.0561250038444996	29.740955	3.60500025749207
29.757274	0.0563750043511391	29.763511	3.60375022888184
29.77982	0.0548750013113022	29.786082	3.6027500629425
29.802424	0.0557500012218952	29.808652	3.60237526893616
29.82497	0.0568750016391277	29.831228	3.60362505912781
29.847549	0.0570000037550926	29.853786	3.60475015640259
