Time_sec1	Voltage_A0TG	Time_sec2	Voltage_A1TG
0	0.898125052452087	0.006233	3.62550020217896
0.022552	0.898375034332275	0.028784	3.62687516212463
0.045103	0.897625029087067	0.05134	3.62762522697449
0.067663	0.897625029087067	0.073896	3.62712526321411
0.090233	0.898000061511993	0.096484	3.62662506103516
0.112813	0.898000061511993	0.119051	3.62500023841858
0.135374	0.898375034332275	0.141627	3.62462520599365
0.157952	0.898125052452087	0.164184	3.62512516975403
0.180509	0.898625016212463	0.186752	3.62662506103516
0.203071	0.899625062942505	0.209308	3.62800025939941
0.225628	0.898375034332275	0.231861	3.62812519073486
0.248186	0.89900004863739	0.254418	3.62687516212463
0.270744	0.897875070571899	0.276976	3.6256251335144
0.293303	0.897250056266785	0.299536	3.6247501373291
0.31586	0.897500038146973	0.322106	3.62425017356873
0.338428	0.898125052452087	0.34466	3.6256251335144
0.36098	0.897875070571899	0.367213	3.62650012969971
0.383534	0.898625016212463	0.389766	3.62762522697449
0.406087	0.898375034332275	0.412315	3.62750005722046
0.428635	0.898125052452087	0.434868	3.62700009346008
0.451192	0.898625016212463	0.457429	3.62525010108948
0.473749	0.896000027656555	0.479986	3.6247501373291
0.496306	0.897500038146973	0.502533	3.6247501373291
0.518871	0.898500025272369	0.525104	3.62550020217896
0.541427	0.898000061511993	0.547664	3.62737512588501
0.563984	0.898000061511993	0.570221	3.62737512588501
0.58654	0.898750066757202	0.592778	3.62737512588501
0.609108	0.898875057697296	0.61534	3.62625026702881
0.631676	0.897375047206879	0.637914	3.62537527084351
0.654235	0.899375021457672	0.660472	3.62462520599365
0.676794	0.897000014781952	0.683027	3.62525010108948
0.699351	0.897875070571899	0.705584	3.62550020217896
0.721946	0.89900004863739	0.728195	3.62700009346008
0.744518	0.899375021457672	0.750757	3.62775015830994
0.767089	0.898250043392181	0.773321	3.62725019454956
0.789647	0.898750066757202	0.795879	3.62575006484985
0.812225	0.896125018596649	0.818464	3.62500023841858
0.834782	0.898000061511993	0.841016	3.62487506866455
0.857344	0.898000061511993	0.863576	3.62487506866455
0.8799	0.897000014781952	0.886133	3.62587523460388
0.902454	0.898250043392181	0.908693	3.62712526321411
0.925013	0.903625071048737	0.93125	3.62775015830994
0.947574	0.897750020027161	0.953806	3.62737512588501
0.97013	0.898500025272369	0.976375	3.62550020217896
0.992696	0.898000061511993	0.998934	3.6247501373291
1.015268	0.901250064373016	1.021501	3.62437510490417
1.037821	0.897500038146973	1.044053	3.62487506866455
1.060379	0.897750020027161	1.066612	3.62587523460388
1.082931	0.898125052452087	1.089168	3.62725019454956
1.105517	0.897750020027161	1.11175	3.62775015830994
1.128078	0.898875057697296	1.134311	3.62675023078918
1.150635	0.898625016212463	1.156868	3.6256251335144
1.173187	0.898250043392181	1.179425	3.62500023841858
1.195743	0.898000061511993	1.201975	3.62437510490417
1.218295	0.897375047206879	1.224527	3.6247501373291
1.240874	0.897750020027161	1.247108	3.62650012969971
1.263429	0.898500025272369	1.269666	3.62737512588501
1.285985	0.897625029087067	1.292218	3.62750005722046
1.308537	0.898375034332275	1.314769	3.62662506103516
1.33109	0.897625029087067	1.337343	3.62550020217896
1.353662	0.897250056266785	1.3599	3.62437510490417
1.376218	0.898000061511993	1.382451	3.6247501373291
1.398776	0.897375047206879	1.405008	3.62550020217896
1.421346	0.898250043392181	1.427579	3.62662506103516
1.443902	0.898500025272369	1.450134	3.62750005722046
1.466466	0.897625029087067	1.472694	3.62750005722046
1.48902	0.898000061511993	1.495254	3.62600016593933
1.511576	0.897250056266785	1.51781	3.62512516975403
1.534122	0.897125065326691	1.540354	3.62462520599365
1.556674	0.898625016212463	1.562912	3.6245002746582
1.57925	0.897000014781952	1.585482	3.62537527084351
1.601805	0.897500038146973	1.608038	3.62725019454956
1.624359	0.900375068187714	1.630597	3.62737512588501
1.646917	0.898125052452087	1.653149	3.62737512588501
1.669474	0.896750032901764	1.675706	3.62637519836426
1.692026	0.897875070571899	1.698263	3.62462520599365
1.714586	0.89662504196167	1.720838	3.62062525749207
1.737163	0.885125041007996	1.743397	3.61925005912781
1.759737	0.773375034332275	1.76597	3.54000020027161
1.782285	0.672500014305115	1.788524	3.32975006103516
1.804845	0.587625026702881	1.811078	3.03000020980835
1.827402	0.50600004196167	1.833635	2.73787522315979
1.84996	0.432875007390976	1.856192	2.46700000762939
1.872517	0.368250012397766	1.878754	2.26325011253357
1.895074	0.307500004768372	1.901307	2.10287499427795
1.917632	0.258625000715256	1.923864	1.99425005912781
1.940203	0.213000014424324	1.946431	1.91475009918213
1.962757	0.177375003695488	1.96899	1.86137509346008
1.98531	0.143375009298325	1.991544	1.8243750333786
2.007869	0.111625008285046	2.014101	1.80000007152557
2.030423	0.0817500054836273	2.036668	1.78587508201599
2.052988	0.0538750030100346	2.059225	1.7783750295639
2.075544	0.0273750014603138	2.081777	1.77600014209747
2.09814	0.00862500071525574	2.10438	1.77737510204315
2.120709	0.00275000021792948	2.126964	1.7783750295639
2.143301	0.00362500012852252	2.149539	1.77987504005432
2.165859	0.00662500038743019	2.172113	1.77887511253357
2.188441	0.00475000031292439	2.194673	1.77550005912781
2.210993	0.000750000006519258	2.21724	1.77062511444092
2.23356	0.00175000005401671	2.239798	1.76462507247925
2.256118	0.00262500019744039	2.26235	1.75775003433228
2.278674	0.002125000115484	2.284907	1.75150012969971
2.301243	0.00275000021792948	2.307481	1.744500041008
2.3238	0.00412499997764826	2.330037	1.7370001077652
2.346378	0.00712500046938658	2.352612	1.72850012779236
2.368937	0.00237500015646219	2.37517	1.71900010108948
2.39149	0.00112500006798655	2.397727	1.71000003814697
2.414046	0.00100000004749745	2.420284	1.70225012302399
2.436604	0.00112500006798655	2.442836	1.69612503051758
2.45916	0.000375000003259629	2.465392	1.69175004959106
2.481737	0.00300000002607703	2.487974	1.68737506866455
2.504293	0.00337500008754432	2.510531	1.68362510204315
2.526864	0.00262500019744039	2.533097	1.67937505245209
2.549424	0.00137500010896474	2.555657	1.67500007152557
2.571975	0.000125000005937181	2.578213	1.67087507247925
2.594539	0.00162500003352761	2.600776	1.6681250333786
2.617102	0.00587500026449561	2.623335	1.66775012016296
2.639655	0.000875000027008355	2.645887	1.6672500371933
2.66221	0.00362500012852252	2.668442	1.66775012016296
2.684767	0.004250000230968	2.691	1.6672500371933
2.707338	0.00237500015646219	2.713571	1.66650009155273
2.729916	0.00112500006798655	2.73615	1.6672500371933
2.752481	0.00112500006798655	2.758721	1.66875004768372
2.775043	0.00137500010896474	2.781275	1.67000007629395
2.797606	0.00112500006798655	2.803838	1.67437505722046
2.820164	0.00187500007450581	2.826397	1.67975008487701
2.842717	0.00362500012852252	2.848954	1.68687510490417
2.865273	0.00362500012852252	2.871506	1.69437503814697
2.887836	0.00125000008847564	2.894068	1.70350003242493
2.910409	0.00175000005401671	2.916669	1.71387505531311
2.932989	0.000875000027008355	2.939226	1.72787511348724
2.955547	0.00112500006798655	2.96178	1.74550008773804
2.978104	0.00175000005401671	2.984331	1.77062511444092
3.000658	0.00187500007450581	3.006891	1.80075013637543
3.023212	0.00487500010058284	3.029449	1.84412503242493
3.045769	0.00350000010803342	3.05201	1.89675009250641
3.068331	0.00150000001303852	3.074563	1.96487510204315
3.0909	0.000375000003259629	3.09716	2.04500007629395
3.113491	0.000125000005937181	3.119729	2.12737512588501
3.136049	0.0020000000949949	3.142283	2.21600008010864
3.15861	0.00150000001303852	3.164842	2.29500007629395
3.181161	0.00237500015646219	3.187399	2.36950016021729
3.20372	0.00450000027194619	3.209957	2.43075013160706
3.226275	0.0020000000949949	3.232508	2.48462510108948
3.248831	0.00162500003352761	3.255064	2.52762508392334
3.271383	0.00112500006798655	3.27762	2.56512522697449
3.29394	0.000250000011874363	3.300178	2.59600019454956
3.316513	0.00187500007450581	3.322746	2.6238751411438
3.339071	0.000875000027008355	3.345298	2.64712524414062
3.361627	0.00350000010803342	3.367865	2.66775012016296
3.384185	0.00450000027194619	3.390417	2.68350005149841
3.406754	0.002125000115484	3.412987	2.69662523269653
3.429309	0.00112500006798655	3.435542	2.70725011825562
3.451862	0.00100000004749745	3.458099	2.7167501449585
3.474418	0.000750000006519258	3.480656	2.72437524795532
3.496977	0.000750000006519258	3.50321	2.73300004005432
3.519534	0.00187500007450581	3.525766	2.74087524414062
3.542109	0.00325000006705523	3.548347	2.74837517738342
3.564666	0.00325000006705523	3.570898	2.75262522697449
3.587218	0.00187500007450581	3.593455	2.75587511062622
3.609781	0.00162500003352761	3.616014	2.75775003433228
3.632333	0.00162500003352761	3.638571	2.76000022888184
3.654891	0.00162500003352761	3.661141	2.76075005531311
3.677473	0.00125000008847564	3.683705	2.76250004768372
3.700025	0.00100000004749745	3.706254	2.76350021362305
3.722637	0.00500000035390258	3.728878	2.76487517356873
3.745203	0.00312500004656613	3.751437	2.76387524604797
3.76776	0.00150000001303852	3.773993	2.76237511634827
3.790313	0.000750000006519258	3.796546	2.76000022888184
3.812866	-0.000125000005937181	3.819103	2.75487518310547
3.835434	0.000375000003259629	3.841668	2.76262521743774
3.857991	0.000625000044237822	3.864219	2.76350021362305
3.880541	0.00362500012852252	3.886775	2.7662501335144
3.903094	0.00625000009313226	3.909331	2.77000021934509
3.92565	0.00600000005215406	3.931883	2.77537512779236
3.948208	0.00537500018253922	3.95444	2.77937507629395
3.970764	0.00562500022351742	3.976997	2.78575015068054
3.993315	0.00762500055134296	3.999553	2.79325008392334
4.015874	0.008500000461936	4.022114	2.80337524414062
4.038453	0.00950000062584877	4.044686	2.81387519836426
4.061001	0.0107500003650784	4.067241	2.82587504386902
4.083563	0.0141250006854534	4.089803	2.83787512779236
4.106123	0.0133750010281801	4.112361	2.85025024414062
4.12869	0.012750000692904	4.134923	2.86200022697449
4.15125	0.0135000003501773	4.157487	2.87450003623962
4.173807	0.0145000005140901	4.180044	2.8886251449585
4.196378	0.016499999910593	4.20261	2.90412521362305
4.218934	0.0171250011771917	4.225166	2.92000007629395
4.2415	0.0200000014156103	4.247737	2.93750023841858
4.264056	0.0202500000596046	4.270289	2.95325016975403
4.286612	0.0190000012516975	4.292847	2.96887516975403
4.309171	0.0198750011622906	4.315403	2.98350024223328
4.331738	0.0206250008195639	4.337976	2.99837517738342
4.354297	0.0210000015795231	4.360535	3.01337504386902
4.376864	0.0217500012367964	4.383096	3.02950024604797
4.399421	0.0231250002980232	4.405653	3.04637503623962
4.421972	0.0258750021457672	4.42821	3.06112504005432
4.444542	0.0257500018924475	4.45078	3.07550024986267
4.467099	0.0265000015497208	4.473331	3.08875012397766
4.489655	0.0270000007003546	4.495887	3.1001250743866
4.512211	0.0261250007897615	4.518448	3.11212515830994
4.534768	0.0265000015497208	4.541	3.12412524223328
4.557344	0.0262500010430813	4.563576	3.13675022125244
4.5799	0.0281250011175871	4.586132	3.14900016784668
4.602454	0.0301250014454126	4.608692	3.16050004959106
4.625015	0.0307500008493662	4.631252	3.17087507247925
4.647577	0.0302500016987324	4.653809	3.17925024032593
4.670129	0.0303750019520521	4.676378	3.18762516975403
4.692697	0.0298750009387732	4.698934	3.1953752040863
4.715252	0.031750001013279	4.721505	3.20450019836426
4.73783	0.031750001013279	4.744058	3.21312522888184
4.760389	0.0325000025331974	4.766623	3.22237515449524
4.782943	0.0352500006556511	4.78918	3.23012518882751
4.80551	0.033500000834465	4.811743	3.23662519454956
4.828065	0.0333750024437904	4.834298	3.24275016784668
4.850622	0.0345000028610229	4.85687	3.24775004386902
4.873189	0.0346250012516975	4.879421	3.25337505340576
4.895742	0.035375002771616	4.901975	3.2590000629425
4.918296	0.0356250032782555	4.924529	3.26650023460388
4.940864	0.0381250008940697	4.947097	3.272625207901
4.963428	0.0383750014007092	4.969665	3.27837514877319
4.986	0.0370000004768372	4.992238	3.28250026702881
5.008559	0.0375000014901161	5.014791	3.28600025177002
5.031113	0.037125002592802	5.03735	3.29012513160706
5.05367	0.0373750030994415	5.059908	3.29387521743774
5.076231	0.0391250029206276	5.082464	3.29887509346008
5.098806	0.0386250019073486	5.105039	3.3050000667572
5.121361	0.0416250005364418	5.127599	3.30900025367737
5.143909	0.0421250015497208	5.150147	3.31350016593933
5.166474	0.0397500023245811	5.172707	3.31675004959106
5.189046	0.0401250012218952	5.195279	3.31850004196167
5.211599	0.0411250032484531	5.217836	3.32212519645691
5.234156	0.0402500033378601	5.240394	3.32537508010864
5.256713	0.0410000011324883	5.262946	3.32987523078918
5.279269	0.0422500036656857	5.285501	3.33462524414062
5.301831	0.0436250008642673	5.308069	3.33900022506714
5.324389	0.0437500029802322	5.330626	3.34287524223328
5.346953	0.0436250008642673	5.353186	3.34562516212463
5.36951	0.0431250035762787	5.375742	3.34762525558472
5.392075	0.0431250035762787	5.398313	3.35025024414062
5.414632	0.0426250025629997	5.420864	3.35425019264221
5.437186	0.0438750013709068	5.443419	3.35775017738342
5.459744	0.0446250028908253	5.465977	3.36250019073486
5.482297	0.0455000028014183	5.488535	3.36712527275085
5.504853	0.0441250018775463	5.511085	3.37050008773804
5.52741	0.0441250018775463	5.533642	3.37325024604797
5.549966	0.0428750030696392	5.556199	3.37550020217896
5.572517	0.0448750033974648	5.578754	3.37875008583069
5.59508	0.0451250039041042	5.601314	3.3813750743866
5.617639	0.0450000017881393	5.623871	3.38650012016296
5.640198	0.0470000021159649	5.64643	3.39075016975403
5.662749	0.0467500016093254	5.668987	3.39512515068054
5.685306	0.0460000038146973	5.69154	3.39812517166138
5.707856	0.0465000011026859	5.714089	3.40050005912781
5.730439	0.0447500012814999	5.73668	3.40275025367737
5.752995	0.0461250022053719	5.759234	3.4057502746582
5.775555	0.0465000011026859	5.781788	3.40925025939941
5.798129	0.0467500016093254	5.804362	3.41450023651123
5.820678	0.0488750040531158	5.826911	3.41825008392334
5.843232	0.0490000024437904	5.84947	3.4225001335144
5.865789	0.0475000031292439	5.872022	3.42525005340576
5.888347	0.0468750037252903	5.894579	3.42725014686584
5.910898	0.0471250005066395	5.917152	3.4297502040863
5.933472	0.047375001013279	5.939709	3.43275022506714
5.956029	0.0481250025331974	5.962262	3.43625020980835
5.978584	0.0483750030398369	5.984818	3.44125008583069
6.001138	0.049625001847744	6.007371	3.44512510299683
6.023694	0.0502500012516975	6.029927	3.44875025749207
6.046247	0.0486250035464764	6.052497	3.4508752822876
6.068818	0.049125000834465	6.075051	3.45275020599365
6.091394	0.0485000014305115	6.097634	3.45512509346008
6.11396	0.049125000834465	6.120198	3.45775008201599
6.136524	0.049125000834465	6.142757	3.46112513542175
6.159082	0.0502500012516975	6.165314	3.46550011634827
6.181635	0.055500004440546	6.187874	3.46912527084351
6.204196	0.0501250028610229	6.210433	3.47237515449524
6.226756	0.0503750033676624	6.232989	3.4740002155304
6.249313	0.048750001937151	6.255545	3.47562527656555
6.27187	0.0490000024437904	6.278108	3.4768750667572
6.294428	0.0488750040531158	6.300665	3.48050022125244
6.316985	0.0500000007450581	6.323217	3.4841251373291
6.339545	0.0513750016689301	6.345777	3.48800015449524
6.362116	0.0525000020861626	6.368354	3.49025011062622
6.384675	0.0497500039637089	6.390908	3.4933750629425
6.407241	0.0503750033676624	6.413473	3.49487519264221
6.429797	0.0502500012516975	6.43603	3.49612522125244
6.452349	0.0506250038743019	6.458587	3.49762511253357
6.474907	0.0511250011622906	6.48114	3.50025010108948
6.497464	0.051000002771616	6.503696	3.50362515449524
6.52002	0.0573750026524067	6.526252	3.5072500705719
6.542608	0.0530000030994415	6.548845	3.50937509536743
6.565164	0.0512500032782555	6.571397	3.51137518882751
6.587723	0.0517500042915344	6.593962	3.51225018501282
6.610287	0.051000002771616	6.61652	3.51312518119812
6.63284	0.050500001758337	6.639078	3.51475024223328
6.655399	0.0512500032782555	6.661631	3.51712512969971
6.677955	0.0526250042021275	6.684187	3.52037525177002
6.70051	0.054125003516674	6.706751	3.52275013923645
6.723088	0.053250003606081	6.729324	3.52562522888184
6.745652	0.0515000037848949	6.751892	3.52637505531311
6.768224	0.0508750006556511	6.774457	3.52687525749207
6.790782	0.0516250021755695	6.797015	3.52687525749207
6.813335	0.0521250031888485	6.819572	3.52875018119812
6.835891	0.0515000037848949	6.842125	3.53150010108948
6.858449	0.052750002592802	6.864682	3.53350019454956
6.881002	0.0538750030100346	6.887241	3.53612518310547
6.90356	0.052750002592802	6.909792	3.53787517547607
6.926112	0.0521250031888485	6.932345	3.53800010681152
6.948683	0.0516250021755695	6.954916	3.5385000705719
6.971258	0.0520000010728836	6.977496	3.53862524032593
6.993816	0.0525000020861626	7.000054	3.54012513160706
7.016378	0.052750002592802	7.022611	3.54212522506714
7.038934	0.0533750019967556	7.045167	3.54450011253357
7.061485	0.0550000034272671	7.067723	3.54625010490417
7.084041	0.0537500008940697	7.090281	3.5475001335144
7.106607	0.053250003606081	7.11284	3.54762506484985
7.129163	0.051000002771616	7.135396	3.5475001335144
7.151748	0.0533750019967556	7.157981	3.54737520217896
7.174306	0.0533750019967556	7.180543	3.54900026321411
7.196864	0.0525000020861626	7.203096	3.55087518692017
7.219419	0.0533750019967556	7.225647	3.55262517929077
7.241969	0.0552500039339066	7.248202	3.5547502040863
7.264522	0.0540000014007092	7.270754	3.55537509918213
7.287078	0.052375003695488	7.293311	3.55512523651123
7.309635	0.052750002592802	7.315867	3.55462527275085
7.33221	0.0528750009834766	7.338447	3.55487513542175
7.354766	0.0533750019967556	7.360999	3.55600023269653
7.377317	0.0536250025033951	7.38355	3.55762505531311
7.399873	0.0552500039339066	7.406105	3.55950021743774
7.422424	0.0550000034272671	7.428662	3.56125020980835
7.444981	0.0538750030100346	7.451213	3.5613751411438
7.467537	0.0538750030100346	7.47377	3.56037521362305
7.490093	0.052750002592802	7.496325	3.56012511253357
7.512623	0.0548750013113022	7.51886	3.5605001449585
7.535179	0.0542500019073486	7.541411	3.56275010108948
7.557736	0.054125003516674	7.563968	3.56337523460388
7.580292	0.0557500012218952	7.586525	3.56525015830994
7.602846	0.0552500039339066	7.609083	3.56625008583069
7.625402	0.0530000030994415	7.631635	3.56575012207031
7.647959	0.0537500008940697	7.654191	3.56500005722046
7.670515	0.0528750009834766	7.676751	3.56462526321411
7.69307	0.0538750030100346	7.699308	3.56537508964539
7.715642	0.0542500019073486	7.721904	3.56637525558472
7.738238	0.0537500008940697	7.744472	3.56787514686584
7.760796	0.0562500022351742	7.76703	3.56875014305115
7.783349	0.0551250018179417	7.789588	3.5703752040863
7.805909	0.0548750013113022	7.812142	3.56937527656555
7.828466	0.054125003516674	7.834699	3.56912517547607
7.851019	0.0530000030994415	7.857252	3.56787514686584
7.87357	0.054125003516674	7.879807	3.56850028038025
7.896143	0.0545000024139881	7.902375	3.56987524032593
7.918694	0.0550000034272671	7.924927	3.57112526893616
7.941251	0.0567500032484531	7.947488	3.57262516021729
7.963807	0.0556250028312206	7.970044	3.57350015640259
7.986378	0.0548750013113022	7.992611	3.57225012779236
8.008935	0.0536250025033951	8.015167	3.57200026512146
8.031483	0.0537500008940697	8.037719	3.57075023651123
8.054038	0.0547500029206276	8.060275	3.57162523269653
8.076596	0.0528750009834766	8.082829	3.57312512397766
8.099176	0.0560000017285347	8.10541	3.57437515258789
8.121748	0.0566250011324883	8.127986	3.57550024986267
8.144306	0.0548750013113022	8.150543	3.57562518119812
8.166865	0.0592500045895576	8.173098	3.57512521743774
8.189418	0.054125003516674	8.195651	3.57337522506714
8.211972	0.0547500029206276	8.218209	3.57362508773804
8.234528	0.0550000034272671	8.240762	3.57450008392334
8.25709	0.0551250018179417	8.263322	3.57562518119812
8.279647	0.0565000027418137	8.285879	3.57737517356873
8.302214	0.0562500022351742	8.308451	3.5778751373291
8.324778	0.0580000020563602	8.33101	3.57737517356873
8.347351	0.0553750023245811	8.353583	3.5767502784729
8.3699	0.0545000024139881	8.376132	3.57562518119812
8.392452	0.0542500019073486	8.398689	3.57550024986267
8.415022	0.0551250018179417	8.421255	3.5761251449585
8.43758	0.0545000024139881	8.443813	3.57812523841858
8.460139	0.0515000037848949	8.466375	3.57937526702881
8.482695	0.0560000017285347	8.488927	3.58000016212463
8.505247	0.0558750033378601	8.51148	3.57937526702881
8.527803	0.055500004440546	8.534036	3.57900023460388
8.55036	0.0573750026524067	8.556593	3.57775020599365
8.572912	0.0556250028312206	8.579145	3.57800006866455
8.595483	0.0552500039339066	8.601736	3.57825016975403
8.618061	0.0547500029206276	8.6243	3.58012509346008
8.640627	0.0558750033378601	8.646862	3.58125019073486
8.663182	0.0566250011324883	8.669414	3.58162522315979
8.685735	0.0547500029206276	8.691968	3.58125019073486
8.708291	0.0563750043511391	8.714523	3.58050012588501
8.730894	0.0538750030100346	8.737124	3.57950019836426
8.753452	0.0548750013113022	8.75969	3.57950019836426
8.776017	0.054125003516674	8.78225	3.58062505722046
8.798575	0.0552500039339066	8.804808	3.58187508583069
8.821143	0.0567500032484531	8.827381	3.58312511444092
8.843701	0.0556250028312206	8.849939	3.58300018310547
8.866258	0.0546250008046627	8.872496	3.58225011825562
8.88882	0.0538750030100346	8.895054	3.58137512207031
8.911374	0.0546250008046627	8.917612	3.58100008964539
8.93393	0.0546250008046627	8.940168	3.58162522315979
8.956486	0.0560000017285347	8.962719	3.58250021934509
8.979045	0.0551250018179417	8.985277	3.58325028419495
9.001596	0.0580000020563602	9.007834	3.58487510681152
9.024155	0.0557500012218952	9.030393	3.58487510681152
9.046713	0.0560000017285347	9.052946	3.58362507820129
9.06927	0.0545000024139881	9.075502	3.58262515068054
9.091848	0.055500004440546	9.098093	3.58212518692017
9.114415	0.052375003695488	9.120653	3.58287525177002
9.136973	0.0560000017285347	9.143205	3.58400011062622
9.159529	0.0567500032484531	9.165767	3.5853750705719
9.182121	0.0572500042617321	9.188359	3.58675026893616
9.204669	0.0551250018179417	9.210902	3.5860002040863
9.227213	0.0551250018179417	9.233451	3.58525013923645
9.249776	0.0535000041127205	9.256009	3.58412528038025
9.272327	0.0553750023245811	9.278565	3.58387517929077
9.294884	0.0545000024139881	9.301111	3.58475017547607
9.317438	0.0575000010430813	9.323671	3.58575010299683
9.339995	0.0566250011324883	9.346228	3.58725023269653
9.362551	0.0575000010430813	9.368784	3.58850026130676
9.385105	0.0552500039339066	9.39134	3.5871250629425
9.407665	0.0546250008046627	9.413897	3.58525013923645
9.430217	0.0546250008046627	9.436465	3.585125207901
9.452788	0.0550000034272671	9.45902	3.58462524414062
9.475342	0.0557500012218952	9.481576	3.5860002040863
9.4979	0.0593750029802322	9.504132	3.58775019645691
9.520472	0.0575000010430813	9.526704	3.58837509155273
9.543024	0.0572500042617321	9.549256	3.58837509155273
9.565578	0.055500004440546	9.571829	3.58800005912781
9.588154	0.0552500039339066	9.594392	3.58687520027161
9.610712	0.0547500029206276	9.616955	3.58575010299683
9.633274	0.0551250018179417	9.639511	3.58637523651123
9.65583	0.0553750023245811	9.662063	3.58750009536743
9.678386	0.0561250038444996	9.684618	3.58875012397766
9.700961	0.0582500025629997	9.707189	3.58950018882751
9.723534	0.0565000027418137	9.72977	3.58950018882751
9.746091	0.055500004440546	9.752319	3.58900022506714
9.768642	0.0548750013113022	9.774876	3.58775019645691
9.791196	0.0547500029206276	9.797433	3.5871250629425
9.813754	0.0557500012218952	9.819991	3.58775019645691
9.83631	0.0556250028312206	9.842543	3.58875012397766
9.858866	0.0572500042617321	9.865098	3.58987522125244
9.881421	0.0582500025629997	9.887659	3.59087514877319
9.903978	0.0551250018179417	9.910215	3.59062528610229
9.926536	0.0552500039339066	9.932774	3.58975005149841
9.949099	0.0536250025033951	9.955331	3.58850026130676
9.971651	0.0553750023245811	9.977889	3.58812522888184
9.994208	0.0556250028312206	10.000446	3.58875012397766
10.016764	0.0556250028312206	10.022997	3.58975005149841
10.039321	0.0573750026524067	10.045555	3.59137511253357
10.061877	0.0583750009536743	10.068114	3.5923752784729
10.084447	0.0563750043511391	10.090698	3.59112524986267
10.107031	0.0550000034272671	10.113265	3.59062528610229
10.12959	0.0550000034272671	10.135822	3.58975005149841
10.152143	0.0552500039339066	10.158381	3.58850026130676
10.1747	0.0561250038444996	10.180933	3.58975005149841
10.197253	0.0546250008046627	10.203485	3.5915002822876
10.219809	0.0572500042617321	10.226042	3.59200024604797
10.242362	0.0568750016391277	10.248594	3.5926251411438
10.264919	0.0557500012218952	10.271156	3.5923752784729
10.287482	0.0553750023245811	10.293715	3.59100008010864
10.31004	0.0547500029206276	10.316273	3.59025025367737
10.332596	0.0545000024139881	10.338833	3.59025025367737
10.355154	0.0551250018179417	10.361388	3.59075021743774
10.377712	0.0556250028312206	10.383944	3.5923752784729
10.400267	0.0587500035762787	10.4065	3.5935001373291
10.42282	0.0568750016391277	10.429057	3.59387516975403
10.44538	0.0550000034272671	10.451626	3.59275007247925
10.467948	0.0565000027418137	10.47418	3.59137511253357
10.490504	0.0546250008046627	10.49676	3.59100008010864
10.513083	0.0562500022351742	10.519315	3.59100008010864
10.535638	0.0560000017285347	10.541866	3.59137511253357
10.558181	0.0566250011324883	10.564414	3.5935001373291
10.580732	0.0575000010430813	10.586966	3.59375023841858
10.603293	0.0558750033378601	10.609531	3.59412527084351
10.625867	0.0572500042617321	10.63212	3.59212517738342
10.648438	0.0556250028312206	10.65467	3.59200024604797
10.670991	0.0551250018179417	10.677241	3.59125018119812
10.693559	0.0556250028312206	10.699797	3.59162521362305
10.716116	0.0578750036656857	10.722369	3.5932502746582
10.738695	0.0561250038444996	10.744922	3.59450006484985
10.761273	0.0583750009536743	10.767511	3.59475016593933
10.783831	0.0563750043511391	10.790069	3.59487509727478
10.806396	0.0560000017285347	10.812629	3.5932502746582
10.828953	0.0556250028312206	10.835186	3.5926251411438
10.851508	0.0552500039339066	10.857746	3.59200024604797
10.874065	0.055500004440546	10.880302	3.59250020980835
10.896621	0.0563750043511391	10.902854	3.59362506866455
10.919178	0.0571250021457672	10.925411	3.59500026702881
10.941736	0.0573750026524067	10.947973	3.59525012969971
10.964291	0.0573750026524067	10.970528	3.59525012969971
10.986864	0.0560000017285347	10.993097	3.59362506866455
11.009435	0.0551250018179417	11.015667	3.59337520599365
11.031983	0.0557500012218952	11.03822	3.59250020980835
11.054541	0.0562500022351742	11.060778	3.59375023841858
11.077097	0.055500004440546	11.08333	3.59512519836426
11.099677	0.0567500032484531	11.10591	3.59600019454956
11.122231	0.0565000027418137	11.128468	3.59612512588501
11.144787	0.0560000017285347	11.15102	3.59587526321411
11.167344	0.055500004440546	11.173576	3.59412527084351
11.189914	0.0560000017285347	11.196147	3.59362506866455
11.212467	0.0563750043511391	11.218704	3.59287524223328
11.235025	0.0561250038444996	11.241259	3.59425020217896
11.257583	0.0570000037550926	11.263816	3.59612512588501
11.28014	0.0577500015497208	11.286375	3.59650015830994
11.302685	0.0562500022351742	11.308924	3.59662508964539
11.325245	0.0557500012218952	11.331478	3.59512519836426
11.347802	0.0545000024139881	11.354035	3.59450006484985
11.370361	0.0542500019073486	11.376593	3.59387516975403
11.39293	0.0561250038444996	11.399167	3.59375023841858
11.415487	0.0562500022351742	11.421734	3.59537506103516
11.43806	0.0570000037550926	11.444293	3.59637522697449
11.460616	0.0575000010430813	11.466861	3.59737515449524
11.48318	0.0548750013113022	11.489417	3.59675025939941
11.505736	0.055500004440546	11.511969	3.59550023078918
11.528293	0.0550000034272671	11.534526	3.59500026702881
11.550865	0.0552500039339066	11.557097	3.59387516975403
11.573416	0.055500004440546	11.57965	3.59425020217896
11.595974	0.0556250028312206	11.602211	3.59600019454956
11.618536	0.0577500015497208	11.624768	3.59712505340576
11.641088	0.0572500042617321	11.647341	3.59750008583069
11.663662	0.0600000023841858	11.669895	3.59737515449524
11.686215	0.0562500022351742	11.692448	3.59562516212463
11.708764	0.0556250028312206	11.714997	3.59512519836426
11.731379	0.0557500012218952	11.737613	3.59462523460388
11.753947	0.055500004440546	11.760186	3.59500026702881
11.776507	0.0566250011324883	11.78274	3.59637522697449
11.799066	0.0580000020563602	11.8053	3.59737515449524
11.821631	0.0567500032484531	11.827868	3.59775018692017
11.844188	0.055500004440546	11.850426	3.59687519073486
11.866755	0.0560000017285347	11.872987	3.59637522697449
11.889312	0.0550000034272671	11.895545	3.59512519836426
11.911863	0.0567500032484531	11.918101	3.59512519836426
11.93442	0.0560000017285347	11.940653	3.59625005722046
11.956999	0.0568750016391277	11.963232	3.59725022315979
11.979558	0.0581250041723251	11.985796	3.59837508201599
12.002122	0.0567500032484531	12.00836	3.59887528419495
12.024679	0.055500004440546	12.030911	3.59700012207031
12.047241	0.0552500039339066	12.053473	3.59662508964539
12.069798	0.0580000020563602	12.07603	3.59537506103516
12.092368	0.0565000027418137	12.098612	3.59537506103516
12.114935	0.0552500039339066	12.121173	3.59637522697449
12.137513	0.0558750033378601	12.143745	3.59762525558472
12.160065	0.0573750026524067	12.166297	3.59850025177002
12.182625	0.0561250038444996	12.188858	3.59850025177002
12.205178	0.0557500012218952	12.211411	3.59750008583069
12.227737	0.0552500039339066	12.233969	3.59675025939941
12.250293	0.0550000034272671	12.256526	3.59550023078918
12.272845	0.0558750033378601	12.279082	3.59600019454956
12.295402	0.0553750023245811	12.301635	3.59700012207031
12.317973	0.0567500032484531	12.324205	3.59825015068054
12.340529	0.0570000037550926	12.346767	3.59937524795532
12.363096	0.0582500025629997	12.369334	3.59925007820129
12.385653	0.0562500022351742	12.391887	3.59787511825562
12.408211	0.0562500022351742	12.414444	3.59675025939941
12.430765	0.0535000041127205	12.436998	3.59612512588501
12.453319	0.0561250038444996	12.459556	3.59675025939941
12.475875	0.0565000027418137	12.482119	3.59762525558472
12.498446	0.0575000010430813	12.504678	3.59887528419495
12.520998	0.0573750026524067	12.52724	3.59912514686584
12.543561	0.0562500022351742	12.549798	3.59837508201599
12.566118	0.0558750033378601	12.572351	3.59787511825562
12.588676	0.0536250025033951	12.594908	3.59650015830994
12.611244	0.0558750033378601	12.617481	3.59637522697449
12.633801	0.0557500012218952	12.640039	3.59737515449524
12.656377	0.0562500022351742	12.66261	3.59825015068054
12.678935	0.0628750026226044	12.685169	3.59937524795532
12.701504	0.0578750036656857	12.707737	3.59937524795532
12.724071	0.0550000034272671	12.73031	3.59812521934509
12.746629	0.0561250038444996	12.752875	3.59775018692017
12.7692	0.0550000034272671	12.775439	3.59687519073486
12.791757	0.055500004440546	12.797991	3.59662508964539
12.814324	0.0556250028312206	12.820561	3.59787511825562
12.836897	0.0563750043511391	12.843129	3.59837508201599
12.859449	0.0576250031590462	12.865682	3.5998752117157
12.882009	0.0561250038444996	12.888246	3.60000014305115
12.904566	0.0551250018179417	12.910798	3.59875011444092
12.927118	0.0565000027418137	12.933351	3.59787511825562
12.949674	0.0556250028312206	12.955907	3.59687519073486
12.972228	0.0568750016391277	12.978466	3.59712505340576
12.994784	0.0562500022351742	13.001016	3.59800028800964
13.017341	0.0560000017285347	13.023573	3.59937524795532
13.03991	0.0571250021457672	13.046143	3.60037517547607
13.062459	0.0566250011324883	13.068692	3.59950017929077
13.085012	0.0551250018179417	13.091268	3.5990002155304
13.107604	0.0548750013113022	13.113836	3.59750008583069
13.130163	0.055500004440546	13.136395	3.59700012207031
13.152714	0.0561250038444996	13.158952	3.59762525558472
13.175271	0.0560000017285347	13.181504	3.59862518310547
13.197834	0.0592500045895576	13.204067	3.59975028038025
13.220392	0.0572500042617321	13.226625	3.60037517547607
13.242944	0.0561250038444996	13.249181	3.5998752117157
13.2655	0.0560000017285347	13.271733	3.59887528419495
13.288057	0.0562500022351742	13.294289	3.59737515449524
13.310615	0.0552500039339066	13.316861	3.59700012207031
13.33318	0.0558750033378601	13.339418	3.59762525558472
13.355738	0.0560000017285347	13.36197	3.59887528419495
13.378294	0.0578750036656857	13.384521	3.5998752117157
13.400867	0.0578750036656857	13.4071	3.600750207901
13.423419	0.0565000027418137	13.429652	3.59962511062622
13.445972	0.0563750043511391	13.452209	3.59887528419495
13.468529	0.0553750023245811	13.474762	3.59787511825562
13.491082	0.055500004440546	13.497316	3.59775018692017
13.513637	0.0563750043511391	13.519874	3.59850025177002
13.536194	0.0563750043511391	13.542427	3.59937524795532
13.558751	0.0626250058412552	13.564983	3.6001250743866
13.581305	0.0570000037550926	13.587537	3.600750207901
13.603859	0.0558750033378601	13.610096	3.60025024414062
13.626416	0.0560000017285347	13.632648	3.5990002155304
13.648973	0.0552500039339066	13.655205	3.59775018692017
13.671543	0.0558750033378601	13.67778	3.59737515449524
13.694099	0.0551250018179417	13.700336	3.59887528419495
13.716667	0.0562500022351742	13.722925	3.59950017929077
13.739252	0.0572500042617321	13.74548	3.60050010681152
13.761803	0.0575000010430813	13.768041	3.60087513923645
13.784364	0.0557500012218952	13.790597	3.60025024414062
13.80692	0.0557500012218952	13.813147	3.59762525558472
13.82947	0.055500004440546	13.835698	3.59787511825562
13.852038	0.0562500022351742	13.858273	3.59787511825562
13.874595	0.0556250028312206	13.880828	3.59912514686584
13.897155	0.0558750033378601	13.903382	3.60050010681152
13.919712	0.0583750009536743	13.925944	3.6010000705719
13.942262	0.0606250017881393	13.948499	3.60050010681152
13.964821	0.0562500022351742	13.971059	3.59975028038025
13.987383	0.0548750013113022	13.993615	3.59837508201599
14.009938	0.0551250018179417	14.01617	3.59800028800964
14.032495	0.0557500012218952	14.038733	3.59800028800964
14.055051	0.0550000034272671	14.061283	3.59912514686584
14.077608	0.0586250014603138	14.08384	3.6016252040863
14.100189	0.0586250014603138	14.106429	3.60137510299683
14.12277	0.0562500022351742	14.129007	3.600750207901
14.145318	0.0565000027418137	14.151556	3.5998752117157
14.167881	0.0565000027418137	14.174114	3.59825015068054
14.190439	0.0561250038444996	14.196676	3.59812521934509
14.212996	0.0561250038444996	14.219233	3.59850025177002
14.235553	0.0566250011324883	14.241786	3.59950017929077
14.258111	0.0590000040829182	14.264338	3.60050010681152
14.280666	0.0575000010430813	14.286898	3.60125017166138
14.303217	0.0560000017285347	14.309454	3.60037517547607
14.325773	0.0570000037550926	14.33201	3.59875011444092
14.348335	0.0561250038444996	14.354567	3.59837508201599
14.370886	0.0552500039339066	14.377119	3.59800028800964
14.393438	0.0556250028312206	14.399676	3.59912514686584
14.415994	0.0572500042617321	14.422222	3.60025024414062
14.438547	0.0582500025629997	14.44478	3.60112524032593
14.461099	0.0575000010430813	14.467357	3.60112524032593
14.48369	0.0562500022351742	14.489927	3.600750207901
14.506237	0.0565000027418137	14.512476	3.59912514686584
14.528802	0.0582500025629997	14.535034	3.59850025177002
14.551353	0.0565000027418137	14.557585	3.59837508201599
14.573904	0.0572500042617321	14.580142	3.5990002155304
14.59647	0.0562500022351742	14.602703	3.60037517547607
14.619026	0.0576250031590462	14.625258	3.600750207901
14.641578	0.0573750026524067	14.647816	3.6010000705719
14.664134	0.0563750043511391	14.670366	3.600750207901
14.686699	0.0566250011324883	14.692932	3.59950017929077
14.709256	0.0560000017285347	14.71549	3.59825015068054
14.731864	0.0552500039339066	14.738097	3.59862518310547
14.754429	0.0563750043511391	14.760668	3.59925007820129
14.776992	0.0562500022351742	14.783225	3.60087513923645
14.79955	0.0585000030696392	14.805782	3.60137510299683
14.822119	0.055500004440546	14.828356	3.60137510299683
14.844676	0.0558750033378601	14.850915	3.60025024414062
14.867239	0.0546250008046627	14.873472	3.59875011444092
14.889795	0.0557500012218952	14.896028	3.59850025177002
14.91235	0.0566250011324883	14.918587	3.59862518310547
14.93491	0.0553750023245811	14.941143	3.6001250743866
14.957464	0.0585000030696392	14.963697	3.6010000705719
14.980017	0.0577500015497208	14.986249	3.60200023651123
15.00257	0.0550000034272671	15.008807	3.6016252040863
15.025131	0.0563750043511391	15.031365	3.59950017929077
15.047688	0.0557500012218952	15.053921	3.59887528419495
15.070247	0.0558750033378601	15.07648	3.59887528419495
15.092816	0.0565000027418137	15.099061	3.5990002155304
15.115385	0.0565000027418137	15.12163	3.59975028038025
15.137956	0.0577500015497208	15.144188	3.6016252040863
15.160513	0.0571250021457672	15.166751	3.60212516784668
15.183071	0.055500004440546	15.189308	3.60150027275085
15.205644	0.0561250038444996	15.211876	3.5990002155304
15.228202	0.0557500012218952	15.234429	3.59850025177002
15.250756	0.0551250018179417	15.256989	3.59812521934509
15.273311	0.0567500032484531	15.279548	3.59912514686584
15.295868	0.0563750043511391	15.302118	3.60025024414062
15.318443	0.0552500039339066	15.324676	3.60175013542175
15.340996	0.0603750012814999	15.347246	3.60175013542175
15.363564	0.0553750023245811	15.369801	3.60087513923645
15.38612	0.0561250038444996	15.392353	3.59925007820129
15.408679	0.0553750023245811	15.414911	3.59887528419495
15.431249	0.0553750023245811	15.437482	3.5990002155304
15.453803	0.0552500039339066	15.46004	3.59925007820129
15.476379	0.0576250031590462	15.482612	3.60112524032593
15.498937	0.0585000030696392	15.505169	3.60150027275085
15.521489	0.0566250011324883	15.527727	3.6016252040863
15.544036	0.055500004440546	15.550274	3.60062527656555
15.566597	0.0531250014901161	15.57283	3.59912514686584
15.589156	0.0551250018179417	15.595388	3.59800028800964
15.611744	0.0552500039339066	15.617982	3.59925007820129
15.634302	0.0560000017285347	15.640539	3.6001250743866
15.656864	0.0582500025629997	15.663096	3.60125017166138
15.679419	0.0585000030696392	15.685652	3.60087513923645
15.701971	0.0565000027418137	15.708209	3.60150027275085
15.724555	0.0558750033378601	15.730791	3.600750207901
15.747116	0.0543750040233135	15.753349	3.59950017929077
15.769678	0.0582500025629997	15.77591	3.59837508201599
15.792238	0.055500004440546	15.798478	3.59887528419495
15.814798	0.0561250038444996	15.821051	3.60025024414062
15.837375	0.0578750036656857	15.843608	3.6016252040863
15.859932	0.0575000010430813	15.866165	3.60175013542175
15.882498	0.0557500012218952	15.888736	3.60125017166138
15.905054	0.0561250038444996	15.911287	3.5998752117157
15.92761	0.0553750023245811	15.933843	3.59887528419495
15.95017	0.0567500032484531	15.956403	3.59837508201599
15.972723	0.0562500022351742	15.978955	3.59912514686584
15.995276	0.0567500032484531	16.001509	3.6010000705719
16.017832	0.0578750036656857	16.024065	3.60175013542175
16.040387	0.0563750043511391	16.04662	3.60200023651123
16.06294	0.0563750043511391	16.069172	3.6016252040863
16.085492	0.0552500039339066	16.091747	3.59950017929077
16.108095	0.0553750023245811	16.114327	3.5990002155304
16.130653	0.0556250028312206	16.136886	3.59837508201599
16.153209	0.0570000037550926	16.159446	3.5998752117157
16.175766	0.0571250021457672	16.18201	3.6010000705719
16.198335	0.0571250021457672	16.204568	3.60087513923645
16.220886	0.0562500022351742	16.227119	3.60212516784668
16.243439	0.0560000017285347	16.249676	3.600750207901
16.265995	0.052750002592802	16.272228	3.59975028038025
16.288555	0.0557500012218952	16.294788	3.59925007820129
16.311108	0.0566250011324883	16.31734	3.59850025177002
16.33366	0.0556250028312206	16.339898	3.60000014305115
16.356253	0.0572500042617321	16.362513	3.6010000705719
16.378855	0.0578750036656857	16.385094	3.60212516784668
16.401426	0.0560000017285347	16.407666	3.60200023651123
16.423996	0.0556250028312206	16.430234	3.60050010681152
16.446566	0.0545000024139881	16.452805	3.59937524795532
16.469145	0.0545000024139881	16.475378	3.59775018692017
16.4917	0.0557500012218952	16.497937	3.5990002155304
16.514262	0.055500004440546	16.5205	3.60037517547607
16.53682	0.0567500032484531	16.543053	3.60125017166138
16.559378	0.0576250031590462	16.56561	3.6018750667572
16.58193	0.0565000027418137	16.588168	3.60200023651123
16.604491	0.0566250011324883	16.610729	3.60037517547607
16.627048	0.055500004440546	16.633281	3.59925007820129
16.649606	0.0568750016391277	16.655838	3.59875011444092
16.672174	0.0550000034272671	16.678412	3.59925007820129
16.694731	0.0558750033378601	16.700964	3.60087513923645
16.717285	0.0577500015497208	16.72353	3.60137510299683
16.739861	0.0576250031590462	16.746089	3.60287523269653
16.762432	0.0565000027418137	16.768664	3.60125017166138
16.784987	0.0560000017285347	16.791245	3.60062527656555
16.80757	0.0552500039339066	16.813803	3.59925007820129
16.830127	0.0560000017285347	16.836396	3.5990002155304
16.85272	0.0558750033378601	16.858958	3.60025024414062
16.875277	0.0556250028312206	16.881511	3.6010000705719
16.897836	0.0582500025629997	16.904069	3.60225009918213
16.920394	0.0565000027418137	16.926627	3.60250020027161
16.942947	0.0563750043511391	16.949185	3.60112524032593
16.965505	0.055500004440546	16.971737	3.6001250743866
16.988061	0.0557500012218952	16.994294	3.59812521934509
17.010618	0.0557500012218952	17.016861	3.59850025177002
17.03318	0.0560000017285347	17.039413	3.6001250743866
17.055735	0.0562500022351742	17.061967	3.60150027275085
17.078294	0.0578750036656857	17.084527	3.60200023651123
17.100877	0.0563750043511391	17.10711	3.60250020027161
17.123434	0.0547500029206276	17.129667	3.60125017166138
17.145987	0.0558750033378601	17.15222	3.5998752117157
17.16854	0.0560000017285347	17.174772	3.59887528419495
17.191097	0.0563750043511391	17.197364	3.5998752117157
17.2137	0.0558750033378601	17.219938	3.60037517547607
17.236256	0.0566250011324883	17.242493	3.6018750667572
17.258819	0.0586250014603138	17.265051	3.60237526893616
17.281371	0.0565000027418137	17.287609	3.6016252040863
17.303929	0.0565000027418137	17.310166	3.6010000705719
17.326487	0.0556250028312206	17.33272	3.59925007820129
17.349044	0.055500004440546	17.355276	3.59937524795532
17.371594	0.0567500032484531	17.377832	3.59925007820129
17.394154	0.0557500012218952	17.400391	3.600750207901
17.416723	0.0577500015497208	17.422956	3.60175013542175
17.439275	0.0572500042617321	17.445508	3.60237526893616
17.461829	0.0571250021457672	17.468067	3.60150027275085
17.484385	0.0558750033378601	17.490623	3.60087513923645
17.506954	0.0560000017285347	17.513187	3.59937524795532
17.529511	0.0556250028312206	17.535744	3.59937524795532
17.552065	0.0587500035762787	17.558303	3.60025024414062
17.574624	0.0556250028312206	17.580867	3.6010000705719
17.5972	0.0573750026524067	17.603433	3.60225009918213
17.619757	0.0572500042617321	17.625984	3.60262513160706
17.642309	0.0561250038444996	17.648546	3.60175013542175
17.664866	0.0573750026524067	17.671098	3.60037517547607
17.687424	0.0546250008046627	17.693656	3.5990002155304
17.709972	0.0557500012218952	17.716204	3.59925007820129
17.732555	0.0575000010430813	17.738788	3.60037517547607
17.755106	0.0556250028312206	17.761381	3.60125017166138
17.777713	0.0578750036656857	17.783945	3.6018750667572
17.800271	0.0606250017881393	17.806504	3.6018750667572
17.822825	0.0548750013113022	17.829062	3.6016252040863
17.845382	0.0557500012218952	17.851628	3.60000014305115
17.867953	0.0561250038444996	17.874185	3.59937524795532
17.890509	0.0557500012218952	17.896752	3.59962511062622
17.913072	0.0552500039339066	17.919309	3.60025024414062
17.935628	0.0557500012218952	17.941861	3.60175013542175
17.958199	0.0575000010430813	17.964432	3.60237526893616
17.980746	0.0571250021457672	17.986979	3.60225009918213
18.003301	0.0557500012218952	18.009538	3.60112524032593
18.025857	0.0556250028312206	18.032112	3.60000014305115
18.048437	0.0560000017285347	18.054669	3.59925007820129
18.070988	0.0553750023245811	18.07722	3.5998752117157
18.093557	0.0561250038444996	18.099801	3.600750207901
18.116128	0.0567500032484531	18.122363	3.60137510299683
18.138685	0.0583750009536743	18.144918	3.60250020027161
18.161252	0.0565000027418137	18.167485	3.60175013542175
18.183803	0.0557500012218952	18.190041	3.6010000705719
18.206375	0.0551250018179417	18.212608	3.59887528419495
18.228929	0.0556250028312206	18.235161	3.59912514686584
18.251481	0.0565000027418137	18.257714	3.59962511062622
18.274037	0.0563750043511391	18.280274	3.60062527656555
18.296592	0.0571250021457672	18.302825	3.60175013542175
18.31915	0.0586250014603138	18.325383	3.60237526893616
18.341702	0.055500004440546	18.347939	3.60175013542175
18.364258	0.0557500012218952	18.370496	3.600750207901
18.386815	0.0561250038444996	18.393048	3.59925007820129
18.409428	0.0556250028312206	18.415663	3.59962511062622
18.431983	0.0562500022351742	18.438221	3.60025024414062
18.454543	0.0563750043511391	18.46078	3.60137510299683
18.477122	0.0590000040829182	18.483354	3.60237526893616
18.499678	0.0565000027418137	18.50591	3.60237526893616
18.52223	0.0566250011324883	18.528468	3.6018750667572
18.544787	0.0560000017285347	18.55102	3.6001250743866
18.567345	0.0557500012218952	18.573576	3.5998752117157
18.589898	0.0560000017285347	18.596137	3.59937524795532
18.612458	0.0557500012218952	18.618695	3.6001250743866
18.635024	0.0561250038444996	18.641258	3.6016252040863
18.657593	0.0587500035762787	18.66382	3.60262513160706
18.680144	0.0568750016391277	18.686384	3.60237526893616
18.702706	0.0561250038444996	18.708943	3.60125017166138
18.725302	0.0558750033378601	18.731573	3.5998752117157
18.747904	0.0556250028312206	18.754138	3.59925007820129
18.770468	0.0578750036656857	18.776702	3.59962511062622
18.793021	0.0551250018179417	18.799258	3.60025024414062
18.815578	0.0572500042617321	18.821829	3.60175013542175
18.838161	0.0586250014603138	18.844393	3.60250020027161
18.860717	0.0568750016391277	18.866951	3.60237526893616
18.883272	0.0563750043511391	18.88951	3.60150027275085
18.905829	0.0556250028312206	18.912062	3.5998752117157
18.928388	0.0551250018179417	18.934621	3.59962511062622
18.95096	0.0557500012218952	18.957192	3.59962511062622
18.973511	0.0566250011324883	18.979749	3.6010000705719
18.996068	0.0581250041723251	19.0023	3.6018750667572
19.01864	0.0575000010430813	19.024873	3.60237526893616
19.041192	0.0558750033378601	19.04743	3.60200023651123
19.063752	0.0562500022351742	19.069989	3.60062527656555
19.086308	0.055500004440546	19.092559	3.59975028038025
19.108896	0.0556250028312206	19.115129	3.59912514686584
19.131451	0.0556250028312206	19.137689	3.59975028038025
19.154012	0.0557500012218952	19.160249	3.600750207901
19.176569	0.0587500035762787	19.182807	3.6018750667572
19.199135	0.0572500042617321	19.205368	3.60250020027161
19.221688	0.0580000020563602	19.227921	3.6018750667572
19.244241	0.0552500039339066	19.25048	3.60000014305115
19.266809	0.0548750013113022	19.273043	3.5998752117157
19.289363	0.055500004440546	19.295596	3.59975028038025
19.311919	0.0565000027418137	19.318151	3.6001250743866
19.334471	0.0563750043511391	19.340709	3.60175013542175
19.357043	0.0577500015497208	19.363276	3.60250020027161
19.379601	0.0565000027418137	19.385834	3.60237526893616
19.402154	0.0562500022351742	19.408392	3.6018750667572
19.424711	0.0552500039339066	19.43096	3.60025024414062
19.44728	0.0576250031590462	19.453513	3.59975028038025
19.469837	0.0576250031590462	19.47607	3.59950017929077
19.492407	0.0567500032484531	19.498645	3.60000014305115
19.514964	0.0605000033974648	19.521197	3.60200023651123
19.537525	0.0587500035762787	19.543758	3.60225009918213
19.560083	0.0560000017285347	19.566315	3.60250020027161
19.582616	0.0566250011324883	19.588854	3.60137510299683
19.605176	0.0552500039339066	19.611409	3.6001250743866
19.62773	0.0547500029206276	19.633962	3.59925007820129
19.650287	0.0556250028312206	19.65652	3.59962511062622
19.672838	0.0560000017285347	19.679076	3.60125017166138
19.695396	0.0606250017881393	19.701629	3.60212516784668
19.717958	0.0583750009536743	19.72419	3.60225009918213
19.740559	0.0561250038444996	19.746793	3.60237526893616
19.763113	0.0560000017285347	19.769351	3.600750207901
19.785681	0.055500004440546	19.791921	3.5998752117157
19.808245	0.0560000017285347	19.814477	3.59937524795532
19.830804	0.0563750043511391	19.837037	3.5998752117157
19.853356	0.0560000017285347	19.859594	3.60112524032593
19.875913	0.0575000010430813	19.882145	3.60212516784668
19.898469	0.0582500025629997	19.904701	3.60250020027161
19.921031	0.0562500022351742	19.927264	3.60262513160706
19.943582	0.0561250038444996	19.949815	3.60037517547607
19.966136	0.0556250028312206	19.972368	3.59962511062622
19.988691	0.0562500022351742	19.994924	3.5998752117157
20.01125	0.0566250011324883	20.017488	3.60037517547607
20.033806	0.0571250021457672	20.040044	3.60150027275085
20.056377	0.0596250034868717	20.06261	3.60237526893616
20.078934	0.0568750016391277	20.085166	3.60250020027161
20.101558	0.0561250038444996	20.107801	3.6010000705719
20.124114	0.0553750023245811	20.130347	3.6010000705719
20.146671	0.0551250018179417	20.152903	3.60025024414062
20.169228	0.0560000017285347	20.17546	3.5998752117157
20.19178	0.0561250038444996	20.198018	3.60062527656555
20.214336	0.0562500022351742	20.220573	3.6018750667572
20.236892	0.0581250041723251	20.243125	3.60237526893616
20.259449	0.0560000017285347	20.265681	3.60300016403198
20.282018	0.0557500012218952	20.288252	3.60125017166138
20.304575	0.0553750023245811	20.310807	3.60037517547607
20.327128	0.0565000027418137	20.333361	3.59912514686584
20.349682	0.0545000024139881	20.355914	3.5998752117157
20.372235	0.0563750043511391	20.378468	3.60062527656555
20.394788	0.0572500042617321	20.401021	3.6018750667572
20.417346	0.0581250041723251	20.423578	3.6027500629425
20.439907	0.0560000017285347	20.446141	3.6027500629425
20.46246	0.055500004440546	20.468692	3.60112524032593
20.485013	0.0546250008046627	20.49125	3.600750207901
20.507566	0.0552500039339066	20.513799	3.59925007820129
20.530123	0.0553750023245811	20.536368	3.5998752117157
20.552687	0.0565000027418137	20.558925	3.60125017166138
20.575243	0.0585000030696392	20.581475	3.60225009918213
20.597803	0.0583750009536743	20.604035	3.60325026512146
20.62036	0.0563750043511391	20.626593	3.60225009918213
20.642927	0.0565000027418137	20.649164	3.6010000705719
20.665479	0.0552500039339066	20.671753	3.60062527656555
20.688081	0.0546250008046627	20.694313	3.59925007820129
20.710636	0.0553750023245811	20.71687	3.60025024414062
20.733206	0.0565000027418137	20.73944	3.6016252040863
20.755768	0.0576250031590462	20.762029	3.60262513160706
20.778355	0.0570000037550926	20.784588	3.60300016403198
20.800908	0.0563750043511391	20.807153	3.60200023651123
20.823477	0.0552500039339066	20.829714	3.60112524032593
20.846034	0.0551250018179417	20.852267	3.6001250743866
20.868593	0.0556250028312206	20.874826	3.6001250743866
20.891147	0.0556250028312206	20.897384	3.6010000705719
20.913705	0.0563750043511391	20.919942	3.6016252040863
20.93626	0.0580000020563602	20.942496	3.60300016403198
20.958821	0.0562500022351742	20.965054	3.60287523269653
20.981379	0.0562500022351742	20.987617	3.60150027275085
21.003951	0.0547500029206276	21.010188	3.600750207901
21.026509	0.0551250018179417	21.032741	3.59912514686584
21.049067	0.0560000017285347	21.0553	3.6001250743866
21.071631	0.0561250038444996	21.077868	3.60125017166138
21.094194	0.0547500029206276	21.100432	3.6018750667572
21.116756	0.0582500025629997	21.122988	3.60262513160706
21.139312	0.0563750043511391	21.145545	3.60312509536743
21.161864	0.0566250011324883	21.168109	3.60150027275085
21.184447	0.055500004440546	21.190684	3.60050010681152
21.207004	0.0560000017285347	21.213236	3.59975028038025
21.229562	0.0561250038444996	21.235794	3.60025024414062
21.252121	0.0556250028312206	21.258359	3.60087513923645
21.274678	0.0580000020563602	21.280911	3.60200023651123
21.297241	0.0573750026524067	21.303473	3.60287523269653
21.319797	0.0566250011324883	21.326029	3.60250020027161
21.342348	0.0571250021457672	21.348586	3.60150027275085
21.364907	0.055500004440546	21.371142	3.60037517547607
21.387464	0.0557500012218952	21.393696	3.5998752117157
21.410053	0.0563750043511391	21.416287	3.60000014305115
21.432612	0.0552500039339066	21.438847	3.6018750667572
21.455178	0.0570000037550926	21.461412	3.60287523269653
21.477741	0.0563750043511391	21.483974	3.60312509536743
21.500293	0.0561250038444996	21.506526	3.60262513160706
21.522851	0.0576250031590462	21.529089	3.60112524032593
21.545408	0.0542500019073486	21.551642	3.5998752117157
21.567968	0.0550000034272671	21.574201	3.59950017929077
21.590526	0.0563750043511391	21.596761	3.600750207901
21.613082	0.0575000010430813	21.619319	3.6016252040863
21.635639	0.0586250014603138	21.641872	3.60175013542175
21.658196	0.0572500042617321	21.664428	3.60312509536743
21.680752	0.0561250038444996	21.686985	3.60175013542175
21.703298	0.0561250038444996	21.709536	3.600750207901
21.725909	0.0517500042915344	21.732148	3.5998752117157
21.748472	0.0550000034272671	21.7547	3.5998752117157
21.771029	0.0561250038444996	21.777262	3.60112524032593
21.793601	0.0572500042617321	21.799839	3.60200023651123
21.816159	0.0583750009536743	21.82241	3.60287523269653
21.838733	0.0562500022351742	21.844966	3.60312509536743
21.861286	0.0566250011324883	21.867523	3.60137510299683
21.883848	0.0558750033378601	21.890086	3.60062527656555
21.906404	0.0557500012218952	21.912637	3.59975028038025
21.928962	0.0556250028312206	21.935195	3.60000014305115
21.951537	0.0553750023245811	21.957775	3.60112524032593
21.974094	0.055500004440546	21.980331	3.60237526893616
21.996667	0.0580000020563602	22.0029	3.60287523269653
22.019224	0.0567500032484531	22.025456	3.60262513160706
22.041774	0.0568750016391277	22.048011	3.6016252040863
22.064333	0.0553750023245811	22.07057	3.60062527656555
22.08689	0.0551250018179417	22.093141	3.59950017929077
22.109475	0.0568750016391277	22.115708	3.60037517547607
22.132029	0.055500004440546	22.138267	3.60137510299683
22.154587	0.0575000010430813	22.16082	3.6027500629425
22.177154	0.0586250014603138	22.183386	3.60325026512146
22.199711	0.0558750033378601	22.205943	3.60225009918213
22.222263	0.0567500032484531	22.2285	3.60150027275085
22.244821	0.0545000024139881	22.251054	3.60000014305115
22.267379	0.0563750043511391	22.273611	3.59975028038025
22.289931	0.0606250017881393	22.296164	3.60050010681152
22.312499	0.0568750016391277	22.318736	3.6018750667572
22.335056	0.0576250031590462	22.341289	3.6027500629425
22.357613	0.0572500042617321	22.363846	3.60337519645691
22.38017	0.0561250038444996	22.386403	3.60250020027161
22.402722	0.0551250018179417	22.40896	3.60175013542175
22.425279	0.0548750013113022	22.431512	3.6001250743866
22.447835	0.0561250038444996	22.454068	3.5998752117157
22.470389	0.0553750023245811	22.476621	3.60125017166138
22.492941	0.0563750043511391	22.499173	3.60200023651123
22.515493	0.0577500015497208	22.521737	3.60362505912781
22.538059	0.0562500022351742	22.544291	3.60337519645691
22.560612	0.0558750033378601	22.566863	3.60225009918213
22.583174	0.0592500045895576	22.589406	3.600750207901
22.605754	0.0556250028312206	22.611987	3.6001250743866
22.628307	0.0552500039339066	22.634539	3.60000014305115
22.650865	0.054125003516674	22.657098	3.60137510299683
22.673418	0.0558750033378601	22.679655	3.60287523269653
22.695975	0.0577500015497208	22.702211	3.60300016403198
22.718529	0.0561250038444996	22.724786	3.60262513160706
22.741111	0.0557500012218952	22.747401	3.60225009918213
22.763747	0.0548750013113022	22.769985	3.60025024414062
22.786304	0.0547500029206276	22.792536	3.60050010681152
22.808863	0.0558750033378601	22.815096	3.60050010681152
22.831417	0.0566250011324883	22.837656	3.60150027275085
22.853977	0.0572500042617321	22.860214	3.60262513160706
22.876534	0.0600000023841858	22.882767	3.60337519645691
22.899091	0.0563750043511391	22.905319	3.60262513160706
22.92164	0.0567500032484531	22.927877	3.6018750667572
22.944197	0.0552500039339066	22.950435	3.6010000705719
22.966756	0.0563750043511391	22.972988	3.60025024414062
22.989314	0.0562500022351742	22.995547	3.6001250743866
23.011867	0.0557500012218952	23.018105	3.6016252040863
23.034424	0.0573750026524067	23.040662	3.6027500629425
23.056981	0.0582500025629997	23.063214	3.60300016403198
23.079537	0.0576250031590462	23.085769	3.6027500629425
23.102135	0.0566250011324883	23.108373	3.60112524032593
23.1247	0.0546250008046627	23.130933	3.60062527656555
23.147268	0.0553750023245811	23.153501	3.59975028038025
23.169816	0.0563750043511391	23.176048	3.60112524032593
23.19237	0.0562500022351742	23.198608	3.6027500629425
23.214928	0.0583750009536743	23.22116	3.6027500629425
23.237499	0.0572500042617321	23.243732	3.60337519645691
23.260056	0.0548750013113022	23.266289	3.6027500629425
23.282613	0.0556250028312206	23.28885	3.60137510299683
23.30517	0.0543750040233135	23.311402	3.60050010681152
23.327728	0.0557500012218952	23.333961	3.60037517547607
23.350301	0.0560000017285347	23.356534	3.60125017166138
23.372844	0.0557500012218952	23.379077	3.60262513160706
23.395397	0.0570000037550926	23.40163	3.60312509536743
23.417955	0.0576250031590462	23.424187	3.60300016403198
23.440513	0.0553750023245811	23.446752	3.60262513160706
23.463071	0.0557500012218952	23.469316	3.60087513923645
23.485648	0.0553750023245811	23.491881	3.60037517547607
23.508206	0.0578750036656857	23.514438	3.600750207901
23.530763	0.0558750033378601	23.536997	3.60125017166138
23.553321	0.0562500022351742	23.559553	3.60287523269653
23.575879	0.0617500022053719	23.582129	3.60337519645691
23.598511	0.0568750016391277	23.604776	3.60312509536743
23.621105	0.0556250028312206	23.627371	3.60175013542175
23.643717	0.0545000024139881	23.649977	3.60087513923645
23.666405	0.0553750023245811	23.672671	3.5998752117157
23.689027	0.0556250028312206	23.695256	3.60112524032593
23.711578	0.0553750023245811	23.717811	3.60237526893616
23.734152	0.0578750036656857	23.740386	3.60287523269653
23.756702	0.0581250041723251	23.762935	3.60362505912781
23.779261	0.0560000017285347	23.785489	3.60362505912781
23.80183	0.0560000017285347	23.808067	3.60175013542175
23.824387	0.0550000034272671	23.830624	3.60125017166138
23.846954	0.0545000024139881	23.853188	3.60025024414062
23.869512	0.0556250028312206	23.875745	3.60125017166138
23.892081	0.0566250011324883	23.898319	3.6027500629425
23.914637	0.0581250041723251	23.92087	3.60325026512146
23.937191	0.0598750039935112	23.943423	3.60337519645691
23.959747	0.0576250031590462	23.965979	3.60262513160706
23.982298	0.055500004440546	23.988536	3.60137510299683
24.004855	0.055500004440546	24.011087	3.6001250743866
24.027411	0.0550000034272671	24.033644	3.60025024414062
24.049966	0.0558750033378601	24.056199	3.6018750667572
24.072532	0.0571250021457672	24.078769	3.60262513160706
24.095106	0.0617500022053719	24.101354	3.60412526130676
24.117683	0.0553750023245811	24.123916	3.60350012779236
24.140241	0.0557500012218952	24.146474	3.60212516784668
24.162794	0.054125003516674	24.169031	3.60125017166138
24.18535	0.0543750040233135	24.191583	3.5998752117157
24.207909	0.0561250038444996	24.214141	3.60062527656555
24.230469	0.0560000017285347	24.236702	3.60125017166138
24.253021	0.0568750016391277	24.259258	3.6027500629425
24.275579	0.0575000010430813	24.28183	3.60375022888184
24.298154	0.0557500012218952	24.304387	3.60325026512146
24.32071	0.0553750023245811	24.326952	3.6018750667572
24.34327	0.0558750033378601	24.349508	3.60062527656555
24.365828	0.0550000034272671	24.372061	3.6001250743866
24.388385	0.0562500022351742	24.394617	3.600750207901
24.410936	0.0567500032484531	24.417169	3.60225009918213
24.433504	0.0577500015497208	24.439741	3.60325026512146
24.45606	0.0582500025629997	24.462294	3.60387516021729
24.478619	0.0558750033378601	24.484852	3.60337519645691
24.501171	0.0568750016391277	24.507409	3.60175013542175
24.523728	0.0551250018179417	24.529965	3.6010000705719
24.546284	0.0561250038444996	24.552516	3.60062527656555
24.568841	0.0558750033378601	24.575073	3.60062527656555
24.591397	0.0550000034272671	24.597635	3.60250020027161
24.613958	0.0575000010430813	24.620191	3.60337519645691
24.636513	0.0581250041723251	24.642746	3.60362505912781
24.659069	0.0556250028312206	24.665296	3.60337519645691
24.681632	0.0551250018179417	24.687865	3.60175013542175
24.704186	0.0575000010430813	24.710419	3.59975028038025
24.726789	0.0566250011324883	24.733025	3.60050010681152
24.749356	0.0557500012218952	24.755589	3.6018750667572
24.771965	0.0561250038444996	24.778203	3.60287523269653
24.794537	0.0580000020563602	24.800774	3.60387516021729
24.817097	0.0598750039935112	24.823324	3.60425019264221
24.839651	0.0565000027418137	24.845883	3.60212516784668
24.862208	0.0561250038444996	24.868446	3.60175013542175
24.884767	0.0557500012218952	24.891	3.60025024414062
24.90731	0.0563750043511391	24.913547	3.60087513923645
24.929872	0.055500004440546	24.936104	3.60212516784668
24.952429	0.0570000037550926	24.958666	3.6027500629425
24.974999	0.0597500018775463	24.981251	3.60362505912781
24.997567	0.0570000037550926	25.0038	3.60350012779236
25.020126	0.0553750023245811	25.026375	3.60237526893616
25.042694	0.0548750013113022	25.048932	3.6016252040863
25.065252	0.0551250018179417	25.071485	3.60025024414062
25.087808	0.0557500012218952	25.094059	3.60050010681152
25.11039	0.0565000027418137	25.116623	3.60212516784668
25.132942	0.0571250021457672	25.13918	3.60300016403198
25.155499	0.0577500015497208	25.161742	3.60375022888184
25.178081	0.0562500022351742	25.184313	3.60250020027161
25.200628	0.0561250038444996	25.206868	3.60200023651123
25.223186	0.055500004440546	25.229424	3.60050010681152
25.245742	0.0551250018179417	25.251975	3.60062527656555
25.268298	0.0556250028312206	25.27453	3.60112524032593
25.290869	0.0560000017285347	25.297102	3.60237526893616
25.313425	0.0585000030696392	25.319662	3.60350012779236
25.335981	0.0576250031590462	25.342213	3.60412526130676
25.358542	0.0543750040233135	25.364775	3.60287523269653
25.381106	0.0551250018179417	25.387343	3.60175013542175
25.403662	0.0553750023245811	25.409899	3.60112524032593
25.426219	0.0548750013113022	25.432452	3.600750207901
25.448776	0.0563750043511391	25.455008	3.60150027275085
25.471343	0.0570000037550926	25.47758	3.60287523269653
25.493898	0.0591250024735928	25.500136	3.60350012779236
25.516467	0.0571250021457672	25.5227	3.60400009155273
25.539024	0.0571250021457672	25.545256	3.60312509536743
25.561575	0.0553750023245811	25.567813	3.60200023651123
25.584133	0.0606250017881393	25.59037	3.60087513923645
25.60669	0.0558750033378601	25.612923	3.600750207901
25.629241	0.0553750023245811	25.635474	3.60175013542175
25.651792	0.0565000027418137	25.658029	3.60287523269653
25.674348	0.0571250021457672	25.680585	3.60400009155273
25.696966	0.0565000027418137	25.703199	3.60375022888184
25.719542	0.0556250028312206	25.72579	3.60287523269653
25.742122	0.0550000034272671	25.748355	3.60112524032593
25.764674	0.0553750023245811	25.770912	3.60062527656555
25.787241	0.0563750043511391	25.79348	3.600750207901
25.80981	0.0567500032484531	25.816043	3.60237526893616
25.832367	0.0581250041723251	25.838604	3.60387516021729
25.854915	0.0590000040829182	25.861151	3.60375022888184
25.877478	0.0563750043511391	25.883711	3.60312509536743
25.900054	0.0553750023245811	25.906287	3.60237526893616
25.92261	0.0548750013113022	25.928843	3.60087513923645
25.945155	0.0558750033378601	25.951393	3.60087513923645
25.967719	0.0560000017285347	25.973951	3.60125017166138
25.990276	0.0550000034272671	25.996509	3.60225009918213
26.012829	0.0578750036656857	26.019066	3.60387516021729
26.035385	0.0578750036656857	26.041627	3.60412526130676
26.057952	0.0557500012218952	26.064184	3.6027500629425
26.080511	0.0567500032484531	26.086752	3.60237526893616
26.103103	0.055500004440546	26.109337	3.6010000705719
26.125665	0.0557500012218952	26.131898	3.60062527656555
26.148223	0.055500004440546	26.154457	3.60150027275085
26.170783	0.0556250028312206	26.177016	3.60212516784668
26.193336	0.0573750026524067	26.199574	3.60325026512146
26.215893	0.0570000037550926	26.222126	3.60425019264221
26.238451	0.055500004440546	26.244684	3.6027500629425
26.261013	0.0561250038444996	26.267246	3.60200023651123
26.283567	0.0562500022351742	26.289805	3.60062527656555
26.306124	0.0542500019073486	26.312357	3.60062527656555
26.328682	0.0565000027418137	26.334914	3.60175013542175
26.351251	0.0560000017285347	26.357489	3.60287523269653
26.373809	0.0581250041723251	26.380047	3.60375022888184
26.396377	0.0570000037550926	26.40261	3.60300016403198
26.418935	0.0577500015497208	26.425168	3.60250020027161
26.441487	0.0561250038444996	26.447725	3.60112524032593
26.464059	0.0561250038444996	26.470297	3.6010000705719
26.486608	0.0558750033378601	26.492841	3.60125017166138
26.509167	0.0563750043511391	26.5154	3.6018750667572
26.531735	0.0572500042617321	26.537973	3.60325026512146
26.554292	0.0578750036656857	26.560529	3.60362505912781
26.576866	0.0571250021457672	26.583098	3.60350012779236
26.599426	0.0538750030100346	26.605659	3.60287523269653
26.621979	0.0556250028312206	26.628217	3.60137510299683
26.64455	0.0552500039339066	26.650788	3.6010000705719
26.667098	0.0556250028312206	26.673331	3.60087513923645
26.689657	0.0571250021457672	26.695889	3.60225009918213
26.712211	0.0571250021457672	26.718444	3.60337519645691
26.734785	0.0571250021457672	26.741019	3.60387516021729
26.757406	0.0552500039339066	26.763645	3.60325026512146
26.779972	0.0563750043511391	26.786204	3.60250020027161
26.802524	0.0553750023245811	26.808763	3.6010000705719
26.825084	0.0565000027418137	26.831323	3.60087513923645
26.847645	0.0561250038444996	26.853872	3.6018750667572
26.870204	0.0563750043511391	26.876438	3.60237526893616
26.892765	0.0580000020563602	26.898998	3.60362505912781
26.915322	0.0578750036656857	26.921556	3.60375022888184
26.937876	0.0553750023245811	26.944108	3.60325026512146
26.960428	0.0556250028312206	26.966671	3.6018750667572
26.982985	0.0558750033378601	26.989223	3.60150027275085
27.005544	0.0553750023245811	27.011777	3.6010000705719
27.028104	0.0565000027418137	27.034336	3.6018750667572
27.050659	0.0566250011324883	27.056891	3.60312509536743
27.073211	0.0581250041723251	27.079449	3.60400009155273
27.095792	0.0573750026524067	27.102031	3.60325026512146
27.118359	0.0562500022351742	27.124592	3.60375022888184
27.140912	0.0565000027418137	27.147152	3.60212516784668
27.163471	0.0548750013113022	27.169708	3.60137510299683
27.186031	0.055500004440546	27.192264	3.600750207901
27.208589	0.0561250038444996	27.214821	3.60237526893616
27.231143	0.0576250031590462	27.237381	3.60325026512146
27.253701	0.0582500025629997	27.259939	3.60425019264221
27.276259	0.0571250021457672	27.282496	3.60425019264221
27.29882	0.0557500012218952	27.305054	3.60312509536743
27.321374	0.0552500039339066	27.327611	3.6016252040863
27.34393	0.0550000034272671	27.350168	3.60112524032593
27.366491	0.0565000027418137	27.372724	3.60137510299683
27.389049	0.0563750043511391	27.395282	3.60225009918213
27.4116	0.0570000037550926	27.417838	3.60287523269653
27.434157	0.0572500042617321	27.440395	3.60412526130676
27.456714	0.0570000037550926	27.462947	3.60337519645691
27.479273	0.0583750009536743	27.485505	3.60325026512146
27.50183	0.0546250008046627	27.508067	3.60137510299683
27.524385	0.0553750023245811	27.530622	3.60125017166138
27.546958	0.0560000017285347	27.55319	3.60137510299683
27.569505	0.0560000017285347	27.575738	3.60287523269653
27.592063	0.0568750016391277	27.598301	3.60400009155273
27.61462	0.0582500025629997	27.620863	3.60475015640259
27.637183	0.0560000017285347	27.643416	3.60375022888184
27.659739	0.0565000027418137	27.665971	3.6027500629425
27.682291	0.0551250018179417	27.688528	3.60150027275085
27.70484	0.0558750033378601	27.711072	3.6010000705719
27.727415	0.0558750033378601	27.733643	3.60212516784668
27.749965	0.0560000017285347	27.756193	3.60287523269653
27.772515	0.0573750026524067	27.778752	3.60425019264221
27.795073	0.0575000010430813	27.801306	3.60400009155273
27.817631	0.0558750033378601	27.823863	3.60337519645691
27.840188	0.0557500012218952	27.84642	3.60212516784668
27.862739	0.0552500039339066	27.868976	3.60137510299683
27.885299	0.0567500032484531	27.891542	3.60050010681152
27.907873	0.0551250018179417	27.914105	3.6018750667572
27.930427	0.0563750043511391	27.936672	3.60350012779236
27.952994	0.0575000010430813	27.959227	3.60412526130676
27.975549	0.0576250031590462	27.981782	3.60425019264221
27.998103	0.0570000037550926	28.004336	3.60362505912781
28.020656	0.0562500022351742	28.026883	3.6027500629425
28.043209	0.0556250028312206	28.049447	3.60112524032593
28.065767	0.055500004440546	28.07201	3.60137510299683
28.088335	0.0598750039935112	28.094575	3.60212516784668
28.110899	0.0563750043511391	28.117153	3.60362505912781
28.133475	0.0581250041723251	28.139712	3.60400009155273
28.156032	0.0566250011324883	28.162265	3.60462522506714
28.17859	0.0563750043511391	28.184823	3.60325026512146
28.201141	0.0548750013113022	28.207379	3.6018750667572
28.223703	0.0587500035762787	28.229941	3.60150027275085
28.246261	0.0567500032484531	28.252496	3.6016252040863
28.268822	0.0508750006556511	28.275055	3.60300016403198
28.291376	0.0575000010430813	28.297613	3.60362505912781
28.313933	0.0583750009536743	28.320166	3.60425019264221
28.336485	0.0563750043511391	28.342717	3.60412526130676
28.359042	0.055500004440546	28.365275	3.6018750667572
28.381594	0.0557500012218952	28.387832	3.60150027275085
28.404165	0.0542500019073486	28.410403	3.60137510299683
28.426723	0.052750002592802	28.432955	3.60175013542175
28.449279	0.0553750023245811	28.455513	3.60362505912781
28.471832	0.0581250041723251	28.47807	3.60362505912781
28.49439	0.0575000010430813	28.500628	3.60450005531311
28.516953	0.0552500039339066	28.523186	3.60425019264221
28.539509	0.0560000017285347	28.545741	3.60225009918213
28.56206	0.0561250038444996	28.568297	3.6016252040863
28.584619	0.0557500012218952	28.590867	3.6018750667572
28.607201	0.0561250038444996	28.613434	3.60212516784668
28.629753	0.0561250038444996	28.635986	3.60325026512146
28.652316	0.0575000010430813	28.658548	3.60425019264221
28.674877	0.0583750009536743	28.68111	3.60412526130676
28.697435	0.0566250011324883	28.703668	3.60412526130676
28.720015	0.0558750033378601	28.726274	3.60237526893616
28.74262	0.0556250028312206	28.74886	3.60137510299683
28.765192	0.0567500032484531	28.771431	3.6018750667572
28.787774	0.0575000010430813	28.794006	3.60200023651123
28.81033	0.0568750016391277	28.816564	3.60375022888184
28.832885	0.0580000020563602	28.839123	3.60437512397766
28.855442	0.0562500022351742	28.861675	3.60462522506714
28.877999	0.0570000037550926	28.884232	3.60287523269653
28.900555	0.0551250018179417	28.906787	3.60200023651123
28.923106	0.0561250038444996	28.929344	3.6010000705719
28.945663	0.0561250038444996	28.951896	3.6016252040863
28.968219	0.0560000017285347	28.974452	3.60287523269653
28.990773	0.0611250028014183	28.997007	3.60362505912781
29.013329	0.0577500015497208	29.019566	3.60450005531311
29.035887	0.0566250011324883	29.042121	3.60437512397766
29.058443	0.0563750043511391	29.064671	3.60262513160706
29.080993	0.0520000010728836	29.087241	3.60200023651123
29.103583	0.0558750033378601	29.109821	3.60137510299683
29.126156	0.0562500022351742	29.132418	3.6018750667572
29.148757	0.0562500022351742	29.154989	3.60350012779236
29.171315	0.0581250041723251	29.177553	3.60450005531311
29.193872	0.0582500025629997	29.200109	3.60412526130676
29.216428	0.0570000037550926	29.222661	3.60425019264221
29.238987	0.0560000017285347	29.245219	3.60262513160706
29.261548	0.0561250038444996	29.267786	3.60212516784668
29.284106	0.0565000027418137	29.290343	3.60112524032593
29.306668	0.0563750043511391	29.312901	3.60212516784668
29.329239	0.0567500032484531	29.335471	3.60337519645691
29.351791	0.0580000020563602	29.358028	3.60437512397766
29.374349	0.0573750026524067	29.380587	3.60475015640259
29.396906	0.0558750033378601	29.403138	3.60387516021729
29.419463	0.0607500039041042	29.425695	3.60262513160706
29.442014	0.0551250018179417	29.448251	3.60112524032593
29.46457	0.0571250021457672	29.470808	3.60175013542175
29.487127	0.0568750016391277	29.493359	3.60225009918213
29.509683	0.0567500032484531	29.515916	3.60375022888184
29.532237	0.0580000020563602	29.538474	3.60437512397766
29.554793	0.0565000027418137	29.561025	3.60450005531311
29.577357	0.0565000027418137	29.583589	3.60350012779236
29.599918	0.0561250038444996	29.606151	3.60250020027161
29.622474	0.0548750013113022	29.628711	3.6016252040863
29.64503	0.0566250011324883	29.651263	3.6016252040863
29.667587	0.0565000027418137	29.673819	3.60262513160706
29.690143	0.0568750016391277	29.696376	3.60387516021729
29.71271	0.0582500025629997	29.718948	3.60475015640259
29.735286	0.0563750043511391	29.741548	3.60462522506714
29.757873	0.0560000017285347	29.764106	3.60375022888184
29.780431	0.0556250028312206	29.786665	3.60237526893616
29.802988	0.0562500022351742	29.809226	3.60137510299683
29.825546	0.0557500012218952	29.831779	3.6018750667572
29.848104	0.0561250038444996	29.854337	3.6027500629425
29.870661	0.0563750043511391	29.876894	3.60400009155273
