Time_sec1	Voltage_A0TG	Time_sec2	Voltage_A1TG
0	0.913375020027161	0.006239	3.62625026702881
0.022566	0.914250016212463	0.028799	3.62712526321411
0.045138	0.914500057697296	0.051376	3.62787508964539
0.067696	0.913750052452087	0.073933	3.62837505340576
0.090268	0.913875043392181	0.096501	3.62737512588501
0.112821	0.915375053882599	0.119054	3.62650012969971
0.135376	0.913500070571899	0.141613	3.62525010108948
0.157933	0.914250016212463	0.16417	3.62550020217896
0.180489	0.914250016212463	0.186722	3.62650012969971
0.203046	0.914500057697296	0.209278	3.62775015830994
0.22561	0.914375066757202	0.231847	3.62887525558472
0.248167	0.914000034332275	0.254406	3.62875008583069
0.270746	0.914125025272369	0.276979	3.62687516212463
0.293299	0.913375020027161	0.299532	3.62650012969971
0.315851	0.913125038146973	0.322089	3.62512516975403
0.338411	0.913375020027161	0.344639	3.62575006484985
0.360971	0.913750052452087	0.367204	3.62700009346008
0.383524	0.914500057697296	0.389757	3.62750005722046
0.406088	0.913750052452087	0.412321	3.62837505340576
0.428656	0.913500070571899	0.434889	3.62825012207031
0.451209	0.912500023841858	0.457442	3.62675023078918
0.473768	0.913125038146973	0.480006	3.62612509727478
0.496327	0.913625061511993	0.502559	3.62512516975403
0.518881	0.91462504863739	0.525139	3.62575006484985
0.541464	0.913625061511993	0.547696	3.62725019454956
0.564022	0.915000021457672	0.570261	3.62787508964539
0.586571	0.913500070571899	0.592815	3.62862515449524
0.609193	0.913750052452087	0.615457	3.62875008583069
0.631777	0.913500070571899	0.638011	3.62687516212463
0.654341	0.913875043392181	0.660575	3.62500023841858
0.676893	0.913625061511993	0.683131	3.6256251335144
0.699452	0.915500044822693	0.705709	3.62612509727478
0.722033	0.913875043392181	0.728278	3.62725019454956
0.744603	0.914875030517578	0.750851	3.62812519073486
0.767171	0.915125072002411	0.773404	3.62862515449524
0.789729	0.914250016212463	0.795962	3.62737512588501
0.812285	0.910875022411346	0.818518	3.62637519836426
0.83485	0.913875043392181	0.841087	3.6256251335144
0.857405	0.913500070571899	0.863638	3.62537527084351
0.879975	0.914375066757202	0.886208	3.6256251335144
0.90253	0.913750052452087	0.908763	3.62712526321411
0.925082	0.914500057697296	0.93132	3.62800025939941
0.947639	0.914250016212463	0.953877	3.62837505340576
0.970208	0.914875030517578	0.97646	3.62712526321411
0.992782	0.913875043392181	0.999014	3.62675023078918
1.015336	0.913750052452087	1.021574	3.62537527084351
1.037894	0.912625014781952	1.044132	3.62525010108948
1.060461	0.916375041007996	1.066694	3.62650012969971
1.083017	0.91462504863739	1.089249	3.62737512588501
1.105568	0.913625061511993	1.111805	3.62787508964539
1.128128	0.913875043392181	1.134365	3.62887525558472
1.150683	0.913375020027161	1.156916	3.62712526321411
1.173234	0.913750052452087	1.179467	3.62637519836426
1.195784	0.913500070571899	1.202022	3.62225008010864
1.21834	0.866500020027161	1.224573	3.61325025558472
1.240892	0.751375019550323	1.247124	3.48750019073486
1.263447	0.656500041484833	1.26968	3.21737504005432
1.286006	0.571000039577484	1.292243	2.90862512588501
1.308562	0.495000034570694	1.314795	2.59612512588501
1.331116	0.423375010490417	1.337349	2.3498752117157
1.353671	0.361625015735626	1.359905	2.15100002288818
1.376232	0.300000011920929	1.382466	2.01487517356873
1.398787	0.251875013113022	1.405019	1.91387510299683
1.421336	0.207125008106232	1.427564	1.84950006008148
1.443884	0.170000001788139	1.450118	1.80437505245209
1.466452	0.138250008225441	1.47269	1.7766250371933
1.489052	0.107625007629395	1.49532	1.75887513160706
1.511647	0.0790000036358833	1.517877	1.74962508678436
1.534194	0.0522500015795231	1.540423	1.74587512016296
1.556748	0.025000000372529	1.562986	1.7462500333786
1.579305	0.00575000047683716	1.585538	1.74837505817413
1.601861	0.00150000001303852	1.60812	1.7506251335144
1.624474	0.00387500016950071	1.630704	1.75200009346008
1.647044	0.00450000027194619	1.653282	1.75100004673004
1.669613	0.00237500015646219	1.675846	1.74750006198883
1.692172	0.00250000017695129	1.698404	1.74200010299683
1.714738	-0.000375000003259629	1.720975	1.7350001335144
1.737295	0.00150000001303852	1.743532	1.72800004482269
1.759851	0.00100000004749745	1.766093	1.71962511539459
1.782418	0.00162500003352761	1.78865	1.71250009536743
1.80497	0.00450000027194619	1.811208	1.70512509346008
1.827541	0.00625000009313226	1.833778	1.69512510299683
1.850098	0.00187500007450581	1.856331	1.68712508678436
1.872655	0.00150000001303852	1.878887	1.67750012874603
1.895224	0.00162500003352761	1.901461	1.67100012302399
1.917781	0.00312500004656613	1.924018	1.6643750667572
1.940352	0.00162500003352761	1.946585	1.65987503528595
1.962907	0.00187500007450581	1.96914	1.65525007247925
1.985483	0.00400000018998981	1.991721	1.65325009822845
2.008043	0.00312500004656613	2.014281	1.64925003051758
2.030618	0.0020000000949949	2.03685	1.64575004577637
2.053166	0.002125000115484	2.059399	1.6423751115799
2.075725	0.00112500006798655	2.081963	1.64012503623962
2.098283	-0.000250000011874363	2.104516	1.63875007629395
2.120839	0.000500000023748726	2.127071	1.63900005817413
2.143395	0.00275000021792948	2.149628	1.63962507247925
2.165948	0.00387500016950071	2.172186	1.64187502861023
2.188505	0.00300000002607703	2.194738	1.64250004291534
2.211063	0.00150000001303852	2.217296	1.64362502098083
2.233635	0.00137500010896474	2.239867	1.64562511444092
2.256208	0.000250000011874363	2.262446	1.64912509918213
2.278767	0.00150000001303852	2.285	1.65437507629395
2.301325	0.00137500010896474	2.307557	1.66175007820129
2.323882	0.00325000006705523	2.330115	1.67262506484985
2.346435	0.00400000018998981	2.352679	1.6846250295639
2.369002	0.00187500007450581	2.375236	1.69875013828278
2.39156	0.000875000027008355	2.397792	1.7141250371933
2.414115	0.000750000006519258	2.420414	1.73525011539459
2.436737	0.00150000001303852	2.442969	1.76262509822845
2.459293	0.00175000005401671	2.465526	1.79737508296967
2.481856	0.000750000006519258	2.488089	1.84562504291534
2.504409	0.00512500014156103	2.510642	1.90362513065338
2.526963	0.00450000027194619	2.5332	1.97650003433228
2.549536	0.00175000005401671	2.55577	2.05337500572205
2.572088	-0.000250000011874363	2.578321	2.13925004005432
2.594673	0.000625000044237822	2.600907	2.2176251411438
2.617243	0.00137500010896474	2.623477	2.29525017738342
2.639791	0.00262500019744039	2.646024	2.36187505722046
2.662349	0.000500000023748726	2.668577	2.42850017547607
2.684901	0.00387500016950071	2.691139	2.47562503814697
2.707458	0.00500000035390258	2.713696	2.51875019073486
2.730021	0.00437500001862645	2.736254	2.55425024032593
2.752592	0.00562500022351742	2.758824	2.58675003051758
2.775145	0.00587500026449561	2.781382	2.61425018310547
2.797701	0.00937500037252903	2.803938	2.64137506484985
2.820264	0.0106250001117587	2.826497	2.66587519645691
2.84282	0.0135000003501773	2.849053	2.69125008583069
2.865372	0.016125001013279	2.871609	2.71237516403198
2.887928	0.0162500012665987	2.894165	2.73362517356873
2.910483	0.0168750006705523	2.916716	2.75150012969971
2.93304	0.0166250001639128	2.939272	2.76825022697449
2.955608	0.0190000012516975	2.961845	2.78550004959106
2.978169	0.0212500002235174	2.984407	2.80125021934509
3.000753	0.023250000551343	3.006985	2.81912517547607
3.02331	0.0243750009685755	3.029543	2.83362507820129
3.045862	0.0307500008493662	3.052099	2.84875011444092
3.06842	0.0271250009536743	3.074652	2.86062502861023
3.090978	0.0286250021308661	3.09721	2.87137508392334
3.113529	0.0295000020414591	3.119762	2.88125014305115
3.136095	0.0301250014454126	3.142333	2.89050006866455
3.158651	0.0305000022053719	3.164884	2.90000009536743
3.18121	0.0323750004172325	3.187443	2.91025018692017
3.203767	0.0358750000596046	3.21	2.91825008392334
3.22631	0.0375000014901161	3.23256	2.92675018310547
3.248913	0.037125002592802	3.255152	2.93350005149841
3.271481	0.0351250022649765	3.277715	2.93850016593933
3.294038	0.0382500030100346	3.300272	2.94550013542175
3.316599	0.0383750014007092	3.322832	2.95187520980835
3.339181	0.0411250032484531	3.345442	2.95825004577637
3.361765	0.0423750020563602	3.367998	2.96687507629395
3.384327	0.0445000007748604	3.39056	2.97500014305115
3.406881	0.0458750016987324	3.413118	2.98337507247925
3.429439	0.0442500002682209	3.435667	2.99112510681152
3.451992	0.0442500002682209	3.458225	2.99850010871887
3.474563	0.0445000007748604	3.480796	3.00650024414062
3.497114	0.0457500033080578	3.503351	3.01562523841858
3.519671	0.0481250025331974	3.525905	3.02712512016296
3.542226	0.0478750020265579	3.548454	3.03875017166138
3.564813	0.0525000020861626	3.571047	3.05237507820129
3.587367	0.0515000037848949	3.593605	3.06325006484985
3.609926	0.051000002771616	3.616159	3.07562518119812
3.63252	0.0535000041127205	3.638755	3.08700013160706
3.655075	0.0480000004172325	3.661303	3.09875011444092
3.677633	0.0531250014901161	3.683871	3.11187505722046
3.700206	0.0535000041127205	3.706439	3.12612509727478
3.722761	0.0542500019073486	3.728994	3.14087510108948
3.745337	0.0562500022351742	3.751574	3.15575003623962
3.767893	0.0560000017285347	3.77413	3.16850018501282
3.790463	0.0558750033378601	3.796695	3.18125009536743
3.813018	0.0567500032484531	3.819251	3.19225025177002
3.83557	0.0566250011324883	3.841808	3.20425009727478
3.858126	0.0578750036656857	3.864363	3.21575021743774
3.880681	0.0585000030696392	3.886914	3.22875022888184
3.903251	0.0590000040829182	3.909483	3.23987507820129
3.925809	0.0633750036358833	3.932042	3.25237512588501
3.948361	0.0613750033080578	3.954594	3.26212525367737
3.970913	0.0612500011920929	3.977164	3.27075004577637
3.993495	0.0605000033974648	3.999728	3.27875018119812
4.016047	0.0613750033080578	4.022284	3.28687524795532
4.038603	0.0617500022053719	4.044848	3.29500007629395
4.061175	0.0621250011026859	4.067408	3.30400013923645
4.083733	0.0667500048875809	4.089972	3.31325006484985
4.106292	0.0662500038743019	4.11253	3.32075023651123
4.128849	0.0635000020265579	4.135081	3.32750010490417
4.151406	0.0656250044703484	4.157638	3.33362507820129
4.173962	0.0646250024437904	4.180195	3.33800005912781
4.196514	0.0657500028610229	4.202752	3.34400010108948
4.219071	0.0661250054836273	4.225328	3.3501250743866
4.241653	0.0665000006556511	4.247886	3.35612511634827
4.264223	0.0683750063180923	4.270458	3.36337518692017
4.286776	0.0686250030994415	4.293014	3.3683750629425
4.309334	0.0681250020861626	4.315567	3.3730001449585
4.331892	0.0688749998807907	4.338124	3.37662506103516
4.354459	0.0681250020861626	4.360692	3.38075017929077
4.377011	0.0686250030994415	4.383248	3.38450026512146
4.399569	0.069750003516674	4.405806	3.38975024223328
4.42213	0.0686250030994415	4.428362	3.39450025558472
4.444682	0.0708750039339066	4.450915	3.40000009536743
4.467235	0.0713750049471855	4.473473	3.40400004386902
4.489795	0.0708750039339066	4.496027	3.40762519836426
4.512343	0.0692500025033951	4.518576	3.41037511825562
4.534896	0.0701250061392784	4.541133	3.41275024414062
4.557452	0.0683750063180923	4.563689	3.41550016403198
4.580009	0.0712500065565109	4.586236	3.41950011253357
4.602559	0.0726250037550926	4.608811	3.42362523078918
4.625144	0.0746250003576279	4.63138	3.4280002117157
4.647706	0.0740000009536743	4.653938	3.43162512779236
4.670274	0.0722500011324883	4.676513	3.43362522125244
4.692839	0.0732500031590462	4.699072	3.4352502822876
4.715397	0.073000006377697	4.721632	3.43650007247925
4.737944	0.0737500041723251	4.744177	3.43962526321411
4.760493	0.0737500041723251	4.766726	3.44237518310547
4.783045	0.0742500051856041	4.789278	3.44575023651123
4.805615	0.0761250033974648	4.811852	3.44887518882751
4.828172	0.0745000019669533	4.834409	3.45137524604797
4.850759	0.0748750045895576	4.856992	3.45225024223328
4.873316	0.0731250047683716	4.879569	3.4528751373291
4.895896	0.075250007212162	4.902134	3.45437526702881
4.918454	0.075250007212162	4.924687	3.45537519454956
4.941011	0.0751250013709068	4.947243	3.45862507820129
4.963567	0.078125	4.969801	3.46162509918213
4.986145	0.0782500058412552	4.992383	3.46437525749207
5.008708	0.0768750011920929	5.014942	3.46512508392334
5.031267	0.0766250044107437	5.037499	3.46662521362305
5.053823	0.0763750001788139	5.060062	3.46662521362305
5.076381	0.0763750001788139	5.082619	3.46775007247925
5.098938	0.0765000060200691	5.105171	3.46987509727478
5.121495	0.0767500028014183	5.127727	3.47187519073486
5.144051	0.078125	5.150284	3.47500014305115
5.166603	0.0785000026226044	5.17284	3.4768750667572
5.189159	0.078125	5.195392	3.47787523269653
5.211718	0.0782500058412552	5.21795	3.47862505912781
5.234275	0.0768750011920929	5.240508	3.47812509536743
5.256827	0.0770000070333481	5.263065	3.47950005531311
5.279384	0.078125	5.285616	3.48125004768372
5.301942	0.0780000016093254	5.308175	3.48350024223328
5.324495	0.0802500024437904	5.33075	3.48675012588501
5.34707	0.0812500044703484	5.353307	3.48800015449524
5.369626	0.0775000005960464	5.375859	3.48937511444092
5.392184	0.0792500004172325	5.398416	3.48900008201599
5.414748	0.0796250030398369	5.420986	3.48925018310547
5.437306	0.0793750062584877	5.443543	3.4907500743866
5.459863	0.0790000036358833	5.466096	3.49312520027161
5.482423	0.0796250030398369	5.488656	3.49550008773804
5.504976	0.0807500034570694	5.511214	3.49812507629395
5.527533	0.0810000002384186	5.533771	3.49900007247925
5.550091	0.0796250030398369	5.556323	3.50037527084351
5.572647	0.0791250020265579	5.57888	3.5006251335144
5.595227	0.0791250020265579	5.601464	3.50162506103516
5.617803	0.0790000036358833	5.624036	3.50287508964539
5.640391	0.0795000046491623	5.64663	3.50450015068054
5.662957	0.0780000016093254	5.669189	3.50775027275085
5.685521	0.0822500064969063	5.691759	3.50987505912781
5.708069	0.0816250070929527	5.714306	3.51175022125244
5.730628	0.080875001847744	5.73686	3.51225018501282
5.753184	0.080375000834465	5.759417	3.51250004768372
5.775735	0.0802500024437904	5.781969	3.51300024986267
5.7983	0.0805000066757202	5.804539	3.51500010490417
5.820861	0.0806250050663948	5.827094	3.51687526702881
5.84342	0.0835000053048134	5.849652	3.51912522315979
5.865978	0.0827500075101852	5.872212	3.52150011062622
5.888535	0.0806250050663948	5.894772	3.52312517166138
5.911088	0.0807500034570694	5.917321	3.5237500667572
5.933645	0.0792500004172325	5.939877	3.52362513542175
5.956235	0.0802500024437904	5.962473	3.52450013160706
5.978824	0.0815000012516975	5.985064	3.52587509155273
6.00139	0.0818750038743019	6.007623	3.52875018119812
6.023947	0.0821250006556511	6.03018	3.5307502746582
6.0465	0.0833750069141388	6.052738	3.53312516212463
6.069057	0.0822500064969063	6.075289	3.53412508964539
6.091613	0.0817500054836273	6.097845	3.53412508964539
6.114169	0.0806250050663948	6.120404	3.53437519073486
6.136737	0.0818750038743019	6.142974	3.53475022315979
6.159293	0.0823750048875809	6.165526	3.53675007820129
6.181849	0.0821250006556511	6.188082	3.53925013542175
6.204406	0.0833750069141388	6.210639	3.54137516021729
6.226958	0.083625003695488	6.233196	3.54312515258789
6.249514	0.0822500064969063	6.255747	3.54400014877319
6.27207	0.0820000022649765	6.278302	3.54375028610229
6.294622	0.0815000012516975	6.300855	3.54400014877319
6.317175	0.0800000056624413	6.323407	3.54500007629395
6.339727	0.083625003695488	6.345959	3.54625010490417
6.362283	0.0828750059008598	6.368516	3.54850006103516
6.384846	0.0837500020861626	6.391083	3.55037522315979
6.407401	0.0843750014901161	6.413639	3.55162525177002
6.429973	0.0827500075101852	6.436206	3.55250024795532
6.452531	0.0823750048875809	6.458764	3.55187511444092
6.475101	0.0823750048875809	6.481338	3.55237507820129
6.497658	0.0830000042915344	6.503895	3.55262517929077
6.520268	0.0835000053048134	6.526501	3.55487513542175
6.542826	0.0833750069141388	6.549059	3.55662512779236
6.56538	0.0851250067353249	6.571617	3.55875015258789
6.587928	0.0843750014901161	6.594175	3.55987524986267
6.610519	0.083125002682209	6.616752	3.55875015258789
6.633069	0.0828750059008598	6.639297	3.55925011634827
6.655617	0.0825000032782555	6.661854	3.55912518501282
6.678179	0.0821250006556511	6.684412	3.55975008010864
6.700751	0.0827500075101852	6.706983	3.56175017356873
6.723302	0.0837500020861626	6.729535	3.56350016593933
6.745851	0.0847500041127205	6.752084	3.56525015830994
6.768404	0.083625003695488	6.774647	3.56600022315979
6.790972	0.0832500010728836	6.797205	3.56550025939941
6.813529	0.0830000042915344	6.819761	3.56512522697449
6.836111	0.0817500054836273	6.842349	3.56487512588501
6.858669	0.0865000039339066	6.864902	3.56575012207031
6.881226	0.0840000063180923	6.88746	3.56737518310547
6.903789	0.0841250047087669	6.910023	3.56900024414062
6.926335	0.0861250013113022	6.932573	3.5703752040863
6.948896	0.0840000063180923	6.955137	3.57125020027161
6.971459	0.0840000063180923	6.977705	3.5706250667572
6.994029	0.083125002682209	7.000269	3.57000017166138
7.016593	0.0832500010728836	7.022827	3.57000017166138
7.039147	0.0837500020861626	7.045379	3.5706250667572
7.061708	0.0850000008940697	7.067941	3.57225012779236
7.084264	0.0852500051259995	7.090497	3.57362508773804
7.106819	0.0857500061392784	7.113056	3.57487511634827
7.129376	0.0833750069141388	7.135609	3.57562518119812
7.151933	0.0841250047087669	7.158165	3.57425022125244
7.174484	0.0818750038743019	7.180717	3.57362508773804
7.197036	0.0830000042915344	7.203274	3.57375025749207
7.219592	0.0827500075101852	7.225825	3.57450008392334
7.242152	0.083625003695488	7.248385	3.57625007629395
7.264704	0.0837500020861626	7.270942	3.57750010490417
7.287262	0.085375003516674	7.2935	3.57900023460388
7.309818	0.0843750014901161	7.316051	3.57850027084351
7.332374	0.083625003695488	7.338606	3.57775020599365
7.354937	0.0832500010728836	7.361174	3.57650017738342
7.377493	0.0845000073313713	7.38373	3.57737517356873
7.400068	0.0841250047087669	7.4063	3.5778751373291
7.422638	0.0846250057220459	7.428871	3.57950019836426
7.445191	0.0857500061392784	7.451428	3.58112525939941
7.467748	0.0848750025033951	7.473986	3.58187508583069
7.490308	0.0835000053048134	7.496541	3.58125019073486
7.512864	0.0846250057220459	7.519096	3.58075022697449
7.535428	0.083625003695488	7.541665	3.58025026321411
7.557983	0.0845000073313713	7.564221	3.58000016212463
7.58055	0.0838750004768372	7.586783	3.58175015449524
7.603116	0.0848750025033951	7.609373	3.58287525177002
7.625722	0.0861250013113022	7.631962	3.5842502117157
7.648296	0.085375003516674	7.65453	3.58475017547607
7.670851	0.0823750048875809	7.677083	3.58350014686584
7.693409	0.0841250047087669	7.699642	3.58312511444092
7.715961	0.0843750014901161	7.722199	3.58250021934509
7.738518	0.083625003695488	7.744751	3.58325028419495
7.761075	0.083625003695488	7.767308	3.58362507820129
7.783632	0.0852500051259995	7.78986	3.58525013923645
7.806218	0.0865000039339066	7.812456	3.5862500667572
7.828776	0.0845000073313713	7.835009	3.58650016784668
7.851336	0.0842500030994415	7.857568	3.5853750705719
7.87389	0.0856250077486038	7.880123	3.5842502117157
7.896443	0.0857500061392784	7.90268	3.58412528038025
7.919001	0.085375003516674	7.925234	3.58487510681152
7.941558	0.0848750025033951	7.947791	3.58562517166138
7.964115	0.0847500041127205	7.970349	3.58737516403198
7.986697	0.0862500071525574	7.992935	3.58850026130676
8.009261	0.083625003695488	8.015498	3.58787512779236
8.031819	0.0848750025033951	8.038051	3.58750009536743
8.054378	0.0870000049471855	8.060611	3.5862500667572
8.076932	0.0847500041127205	8.083165	3.58612513542175
8.099485	0.0857500061392784	8.105718	3.58637523651123
8.122039	0.0850000008940697	8.128271	3.58775019645691
8.144591	0.085375003516674	8.150839	3.58887505531311
8.167174	0.0876250043511391	8.173412	3.58987522125244
8.189731	0.0848750025033951	8.195964	3.58987522125244
8.212288	0.0855000019073486	8.218521	3.58887505531311
8.234849	0.0840000063180923	8.241086	3.58800005912781
8.257406	0.0847500041127205	8.263643	3.58750009536743
8.279979	0.0852500051259995	8.286212	3.58825016021729
8.302537	0.0852500051259995	8.308769	3.58912515640259
8.325089	0.0867500007152557	8.331326	3.59062528610229
8.347641	0.0867500007152557	8.353887	3.59112524986267
8.370237	0.0851250067353249	8.376471	3.59112524986267
8.392792	0.0860000029206276	8.399024	3.58975005149841
8.415347	0.0843750014901161	8.421586	3.58925008773804
8.437905	0.0840000063180923	8.444142	3.58925008773804
8.460462	0.0851250067353249	8.466695	3.58975005149841
8.483023	0.085875004529953	8.489255	3.5917501449585
8.505575	0.0866250023245811	8.511812	3.59250020980835
8.528131	0.088625006377697	8.534369	3.59275007247925
8.550688	0.085875004529953	8.55692	3.59187507629395
8.573245	0.0841250047087669	8.579478	3.59062528610229
8.595827	0.0830000042915344	8.60206	3.59062528610229
8.618395	0.0850000008940697	8.62465	3.59012508392334
8.640981	0.085375003516674	8.647214	3.59137511253357
8.663539	0.0895000025629997	8.669767	3.59225010871887
8.686103	0.0887500047683716	8.692341	3.59375023841858
8.708662	0.0893750041723251	8.714894	3.59400010108948
8.731219	0.0847500041127205	8.737451	3.5932502746582
8.753776	0.0816250070929527	8.760009	3.59162521362305
8.776327	0.0852500051259995	8.782564	3.59137511253357
8.798888	0.0867500007152557	8.805137	3.5915002822876
8.821461	0.0857500061392784	8.827689	3.5923752784729
8.844017	0.0862500071525574	8.850263	3.59400010108948
8.866582	0.0862500071525574	8.87282	3.59475016593933
8.889139	0.085375003516674	8.895372	3.59475016593933
8.911693	0.0846250057220459	8.917926	3.59412527084351
8.93425	0.0843750014901161	8.940483	3.59287524223328
8.956802	0.0851250067353249	8.963039	3.5923752784729
8.979352	0.0861250013113022	8.985617	3.59275007247925
9.001951	0.0850000008940697	9.008184	3.59362506866455
9.024503	0.0868750065565109	9.030747	3.59525012969971
9.04707	0.0868750065565109	9.053307	3.59600019454956
9.069627	0.0852500051259995	9.075859	3.59562516212463
9.092183	0.0842500030994415	9.098415	3.59400010108948
9.114741	0.0848750025033951	9.120979	3.5935001373291
9.137297	0.086375005543232	9.14353	3.59337520599365
9.159856	0.0850000008940697	9.166092	3.59375023841858
9.182418	0.0852500051259995	9.188651	3.59487509727478
9.204977	0.0866250023245811	9.211214	3.59637522697449
9.227534	0.0902500078082085	9.233767	3.59675025939941
9.250089	0.0901250019669533	9.256322	3.59687519073486
9.272638	0.085375003516674	9.27887	3.59537506103516
9.29519	0.0832500010728836	9.301428	3.59450006484985
9.317763	0.0855000019073486	9.324001	3.5943751335144
9.34032	0.0851250067353249	9.346553	3.5943751335144
9.362878	0.0861250013113022	9.369111	3.59662508964539
9.38543	0.0870000049471855	9.391668	3.59712505340576
9.407988	0.0862500071525574	9.414226	3.59775018692017
9.43055	0.0848750025033951	9.436783	3.59700012207031
9.453107	0.085875004529953	9.459339	3.59587526321411
9.475666	0.0847500041127205	9.481904	3.59525012969971
9.498214	0.085875004529953	9.504467	3.59475016593933
9.52079	0.0848750025033951	9.527022	3.59575009346008
9.543347	0.085875004529953	9.549579	3.59725022315979
9.565898	0.0872500017285347	9.572136	3.59812521934509
9.588456	0.0860000029206276	9.594689	3.59862518310547
9.611037	0.0875000059604645	9.617265	3.59725022315979
9.633589	0.0855000019073486	9.639823	3.59687519073486
9.656149	0.0847500041127205	9.662387	3.59487509727478
9.678712	0.0850000008940697	9.684946	3.59587526321411
9.701288	0.085375003516674	9.70752	3.59700012207031
9.72384	0.0862500071525574	9.730074	3.59850025177002
9.746397	0.0897500067949295	9.752634	3.59887528419495
9.768953	0.0842500030994415	9.775185	3.5990002155304
9.79151	0.0855000019073486	9.797742	3.59787511825562
9.814066	0.085375003516674	9.820299	3.59725022315979
9.836618	0.0846250057220459	9.842855	3.59625005722046
9.859175	0.0828750059008598	9.86542	3.59650015830994
9.881747	0.0833750069141388	9.887979	3.59787511825562
9.904308	0.0856250077486038	9.910549	3.59925007820129
9.926868	0.0871250033378601	9.933105	3.59950017929077
9.949416	0.0848750025033951	9.955655	3.5998752117157
9.97198	0.0861250013113022	9.978219	3.59800028800964
9.994569	0.0840000063180923	10.000802	3.59812521934509
10.017122	0.0838750004768372	10.023359	3.59712505340576
10.039678	0.085375003516674	10.045911	3.59737515449524
10.062235	0.0857500061392784	10.068467	3.5990002155304
10.084791	0.0866250023245811	10.091029	3.60000014305115
10.107349	0.0867500007152557	10.113586	3.60112524032593
10.129908	0.0856250077486038	10.136141	3.6001250743866
10.152466	0.0843750014901161	10.158698	3.5990002155304
10.175017	0.0841250047087669	10.181254	3.59837508201599
10.197574	0.0850000008940697	10.203811	3.59762525558472
10.22013	0.0862500071525574	10.226362	3.59850025177002
10.242686	0.0850000008940697	10.248918	3.59950017929077
10.265238	0.0872500017285347	10.271472	3.60087513923645
10.287794	0.0870000049471855	10.294026	3.60150027275085
10.310417	0.0852500051259995	10.316656	3.60062527656555
10.332983	0.0848750025033951	10.339215	3.59962511062622
10.355538	0.0848750025033951	10.36177	3.59862518310547
10.378091	0.0856250077486038	10.384324	3.59800028800964
10.400643	0.0855000019073486	10.406875	3.59975028038025
10.423199	0.0860000029206276	10.429432	3.60050010681152
10.445766	0.0873750075697899	10.452004	3.60125017166138
10.468323	0.086375005543232	10.474562	3.6018750667572
10.490883	0.0842500030994415	10.497115	3.60050010681152
10.513439	0.0848750025033951	10.519676	3.59950017929077
10.536004	0.0817500054836273	10.542241	3.59912514686584
10.55856	0.0855000019073486	10.564792	3.5990002155304
10.581116	0.0828750059008598	10.587343	3.59962511062622
10.603682	0.083625003695488	10.609917	3.60087513923645
10.626301	0.0903750061988831	10.632533	3.60225009918213
10.648855	0.0862500071525574	10.655094	3.60250020027161
10.671419	0.0856250077486038	10.677652	3.60150027275085
10.693976	0.0851250067353249	10.700209	3.60037517547607
10.716528	0.0848750025033951	10.722766	3.59950017929077
10.739085	0.085375003516674	10.745333	3.59937524795532
10.761657	0.0846250057220459	10.767889	3.60037517547607
10.784208	0.0841250047087669	10.790459	3.60175013542175
10.806791	0.0880000069737434	10.813028	3.6027500629425
10.829346	0.0855000019073486	10.835585	3.60200023651123
10.851912	0.0848750025033951	10.858144	3.60175013542175
10.874464	0.0856250077486038	10.880697	3.60125017166138
10.897016	0.085375003516674	10.903253	3.5998752117157
10.919575	0.0852500051259995	10.925808	3.6010000705719
10.942132	0.0860000029206276	10.948365	3.6016252040863
10.964683	0.0867500007152557	10.970915	3.60262513160706
10.987256	0.0847500041127205	10.993495	3.60325026512146
11.009816	0.0850000008940697	11.016049	3.60287523269653
11.032377	0.0868750065565109	11.03861	3.60175013542175
11.054942	0.0851250067353249	11.06118	3.60025024414062
11.077499	0.0852500051259995	11.083737	3.60000014305115
11.100065	0.0860000029206276	11.106298	3.60125017166138
11.122621	0.0860000029206276	11.128853	3.6018750667572
11.145172	0.0865000039339066	11.151409	3.60300016403198
11.167778	0.0861250013113022	11.174053	3.60375022888184
11.190408	0.086375005543232	11.196642	3.60325026512146
11.212963	0.0860000029206276	11.219191	3.60237526893616
11.235562	0.0848750025033951	11.2418	3.600750207901
11.25812	0.0860000029206276	11.264358	3.60087513923645
11.280678	0.085875004529953	11.286911	3.60137510299683
11.303236	0.0852500051259995	11.309468	3.60287523269653
11.325806	0.0870000049471855	11.332043	3.60362505912781
11.348366	0.0868750065565109	11.354599	3.60375022888184
11.370944	0.0857500061392784	11.377177	3.60325026512146
11.393504	0.0856250077486038	11.399736	3.60175013542175
11.416057	0.0846250057220459	11.422291	3.60112524032593
11.438613	0.0855000019073486	11.444846	3.6010000705719
11.461163	0.0867500007152557	11.467395	3.60175013542175
11.483741	0.0860000029206276	11.489981	3.60262513160706
11.506321	0.0876250043511391	11.512553	3.60412526130676
11.528873	0.0862500071525574	11.535106	3.60475015640259
11.551433	0.0843750014901161	11.557665	3.60387516021729
11.573989	0.0890000015497208	11.580222	3.6018750667572
11.596543	0.0848750025033951	11.602775	3.60137510299683
11.619116	0.0867500007152557	11.625351	3.6016252040863
11.641683	0.0855000019073486	11.647916	3.60225009918213
11.664242	0.0856250077486038	11.670476	3.60362505912781
11.686812	0.0872500017285347	11.69305	3.60475015640259
11.709369	0.0821250006556511	11.715604	3.60425019264221
11.731931	0.085375003516674	11.738164	3.60337519645691
11.754484	0.0848750025033951	11.760717	3.60237526893616
11.777037	0.0838750004768372	11.783274	3.60150027275085
11.799593	0.0855000019073486	11.805825	3.60175013542175
11.822149	0.0855000019073486	11.828382	3.60337519645691
11.844702	0.0872500017285347	11.850939	3.60437512397766
11.867272	0.0882500037550926	11.873511	3.60487508773804
11.889821	0.0843750014901161	11.896054	3.60437512397766
11.912379	0.085875004529953	11.918611	3.60287523269653
11.934939	0.0852500051259995	11.941177	3.60237526893616
11.9575	0.0852500051259995	11.963737	3.60150027275085
11.980081	0.0896250009536743	11.986314	3.60250020027161
12.002641	0.0855000019073486	12.008874	3.60375022888184
12.025194	0.0876250043511391	12.031433	3.60475015640259
12.047769	0.0906250029802322	12.054007	3.60512518882751
12.070327	0.0835000053048134	12.07656	3.60500025749207
12.092886	0.0846250057220459	12.099118	3.60387516021729
12.115438	0.0861250013113022	12.121676	3.6027500629425
12.137995	0.085875004529953	12.144233	3.60175013542175
12.160552	0.0870000049471855	12.166784	3.60287523269653
12.183109	0.0832500010728836	12.189342	3.60437512397766
12.205675	0.0875000059604645	12.211912	3.60525012016296
12.228223	0.0876250043511391	12.234465	3.60500025749207
12.250785	0.0861250013113022	12.257017	3.60487508773804
12.273335	0.085375003516674	12.279568	3.60350012779236
12.295888	0.0823750048875809	12.302125	3.60312509536743
12.318445	0.0856250077486038	12.324678	3.60250020027161
12.341002	0.0861250013113022	12.347235	3.60337519645691
12.363559	0.0865000039339066	12.369791	3.60462522506714
12.386118	0.0871250033378601	12.392351	3.60525012016296
12.408674	0.0856250077486038	12.414906	3.60575008392334
12.431229	0.085375003516674	12.437461	3.60500025749207
12.453787	0.0847500041127205	12.46002	3.60375022888184
12.476354	0.0855000019073486	12.482593	3.60262513160706
12.498942	0.085375003516674	12.505208	3.60312509536743
12.521596	0.085875004529953	12.527856	3.60387516021729
12.544241	0.0867500007152557	12.550542	3.60487508773804
12.566885	0.0892500057816505	12.573119	3.60550022125244
12.589438	0.085375003516674	12.595677	3.60562515258789
12.612023	0.0823750048875809	12.618257	3.60437512397766
12.634579	0.0850000008940697	12.640806	3.60375022888184
12.657125	0.0840000063180923	12.663363	3.6027500629425
12.679684	0.085375003516674	12.685917	3.60287523269653
12.702241	0.085875004529953	12.708478	3.60425019264221
12.724849	0.0872500017285347	12.731087	3.60525012016296
12.747398	0.085875004529953	12.753631	3.60625028610229
12.769974	0.086375005543232	12.776208	3.60575008392334
12.792532	0.0852500051259995	12.798763	3.60475015640259
12.815084	0.085375003516674	12.821321	3.60375022888184
12.83764	0.0865000039339066	12.843878	3.60300016403198
12.860198	0.0867500007152557	12.866431	3.60375022888184
12.882753	0.0856250077486038	12.888986	3.60500025749207
12.905334	0.0870000049471855	12.911572	3.60550022125244
12.92789	0.085875004529953	12.934127	3.60662508010864
12.950462	0.0855000019073486	12.956694	3.60612511634827
12.973009	0.0855000019073486	12.97926	3.60462522506714
12.995631	0.0850000008940697	13.001869	3.60375022888184
13.01819	0.085375003516674	13.024424	3.60362505912781
13.04075	0.085375003516674	13.046983	3.60350012779236
13.063307	0.0857500061392784	13.069535	3.60475015640259
13.085857	0.0868750065565109	13.092095	3.60612511634827
13.108415	0.0860000029206276	13.114648	3.60675024986267
13.130977	0.0856250077486038	13.13721	3.60575008392334
13.153534	0.085875004529953	13.159767	3.60487508773804
13.176101	0.0845000073313713	13.182339	3.60400009155273
13.198658	0.086375005543232	13.204891	3.60350012779236
13.221215	0.0855000019073486	13.227448	3.60412526130676
13.243774	0.0851250067353249	13.250006	3.60562515258789
13.266326	0.0916250050067902	13.272563	3.60687518119812
13.288882	0.0866250023245811	13.295138	3.6071252822876
13.311467	0.0856250077486038	13.3177	3.60625028610229
13.334025	0.0852500051259995	13.340271	3.60437512397766
13.356592	0.0851250067353249	13.36283	3.60350012779236
13.37915	0.0856250077486038	13.385382	3.60412526130676
13.401708	0.0855000019073486	13.40794	3.60450005531311
13.424265	0.0883750021457672	13.430498	3.60625028610229
13.446816	0.0870000049471855	13.453054	3.60675024986267
13.469373	0.0866250023245811	13.475619	3.60575008392334
13.491951	0.0866250023245811	13.498184	3.60575008392334
13.514506	0.085375003516674	13.520748	3.60462522506714
13.537068	0.0850000008940697	13.5433	3.60362505912781
13.559623	0.0857500061392784	13.565856	3.60400009155273
13.582178	0.085875004529953	13.588405	3.60512518882751
13.604767	0.0862500071525574	13.611015	3.60625028610229
13.627332	0.0865000039339066	13.633571	3.60700011253357
13.649909	0.0826250016689301	13.656142	3.6071252822876
13.672468	0.0860000029206276	13.6787	3.60612511634827
13.695022	0.0868750065565109	13.70126	3.60462522506714
13.717584	0.0855000019073486	13.723822	3.60400009155273
13.740143	0.0850000008940697	13.746376	3.60450005531311
13.7627	0.085375003516674	13.768932	3.60562515258789
13.785251	0.0867500007152557	13.791488	3.60687518119812
13.807807	0.086375005543232	13.814044	3.60750007629395
13.830363	0.0861250013113022	13.836596	3.60675024986267
13.852933	0.085375003516674	13.859166	3.60575008392334
13.875485	0.0848750025033951	13.881722	3.60450005531311
13.898042	0.0851250067353249	13.904279	3.60325026512146
13.920598	0.0865000039339066	13.926832	3.60475015640259
13.943156	0.0861250013113022	13.949388	3.60600018501282
13.965718	0.0877500027418137	13.971955	3.60675024986267
13.988304	0.0871250033378601	13.994566	3.6080002784729
14.010891	0.0855000019073486	14.017124	3.60687518119812
14.033447	0.0862500071525574	14.039681	3.60537528991699
14.056006	0.085375003516674	14.062244	3.60462522506714
14.078564	0.0860000029206276	14.084796	3.60475015640259
14.10112	0.0861250013113022	14.107348	3.60487508773804
14.123675	0.0851250067353249	14.129908	3.60637521743774
14.146213	0.0877500027418137	14.152451	3.6071252822876
14.168769	0.0871250033378601	14.175003	3.6073751449585
14.191327	0.0838750004768372	14.197559	3.60675024986267
14.213898	0.0866250023245811	14.220132	3.60525012016296
14.236452	0.0856250077486038	14.242684	3.60425019264221
14.259004	0.0861250013113022	14.265237	3.60425019264221
14.281564	0.0860000029206276	14.287796	3.60525012016296
14.304121	0.0851250067353249	14.310354	3.60725021362305
14.326673	0.0880000069737434	14.33291	3.6073751449585
14.349229	0.085875004529953	14.355461	3.6071252822876
14.371784	0.0873750075697899	14.378016	3.60700011253357
14.394343	0.0851250067353249	14.400577	3.60500025749207
14.416895	0.085875004529953	14.423132	3.60437512397766
14.439452	0.0875000059604645	14.44571	3.60475015640259
14.462033	0.0850000008940697	14.468265	3.60550022125244
14.484603	0.0876250043511391	14.490846	3.60687518119812
14.507167	0.0876250043511391	14.513404	3.60762524604797
14.529723	0.0852500051259995	14.535956	3.60750007629395
14.55228	0.086375005543232	14.558512	3.60612511634827
14.574853	0.0857500061392784	14.581087	3.60525012016296
14.5974	0.0848750025033951	14.603645	3.60450005531311
14.61999	0.085875004529953	14.626223	3.60487508773804
14.64255	0.0856250077486038	14.648785	3.60625028610229
14.665112	0.0870000049471855	14.671352	3.60700011253357
14.687664	0.0888750031590462	14.693896	3.60750007629395
14.710217	0.0871250033378601	14.716449	3.60750007629395
14.732779	0.0856250077486038	14.739012	3.60625028610229
14.755338	0.0852500051259995	14.761575	3.60525012016296
14.777896	0.085375003516674	14.784133	3.60525012016296
14.800462	0.0862500071525574	14.806695	3.60475015640259
14.823019	0.0841250047087669	14.829251	3.60675024986267
14.845571	0.0870000049471855	14.851808	3.6073751449585
14.868127	0.086375005543232	14.874364	3.60775017738342
14.890689	0.085875004529953	14.896927	3.60775017738342
14.913251	0.085875004529953	14.919484	3.60537528991699
14.935817	0.085875004529953	14.942054	3.60500025749207
14.958372	0.0852500051259995	14.964605	3.60512518882751
14.980973	0.085875004529953	14.987213	3.60487508773804
15.00354	0.0857500061392784	15.009773	3.60650014877319
15.0261	0.0873750075697899	15.032338	3.6073751449585
15.048658	0.0861250013113022	15.054892	3.60787510871887
15.071207	0.088125005364418	15.077441	3.60725021362305
15.093766	0.0855000019073486	15.099999	3.60587525367737
15.116336	0.0861250013113022	15.122573	3.60425019264221
15.138892	0.0902500078082085	15.145129	3.60437512397766
15.161459	0.0857500061392784	15.167691	3.60637521743774
15.184016	0.0878750011324883	15.190261	3.6071252822876
15.206579	0.0871250033378601	15.212817	3.6082501411438
15.229135	0.0856250077486038	15.235368	3.60750007629395
15.251692	0.0852500051259995	15.257924	3.60750007629395
15.274248	0.0848750025033951	15.280481	3.60575008392334
15.296805	0.0852500051259995	15.303042	3.60450005531311
15.319374	0.085375003516674	15.325607	3.60487508773804
15.341932	0.0857500061392784	15.348164	3.60675024986267
15.364483	0.0867500007152557	15.370716	3.60687518119812
15.387034	0.0876250043511391	15.393272	3.60850024223328
15.409591	0.089125007390976	15.415824	3.60812520980835
15.432147	0.0867500007152557	15.43838	3.60662508010864
15.454698	0.0835000053048134	15.460935	3.60587525367737
15.477265	0.085875004529953	15.483508	3.60475015640259
15.499844	0.0861250013113022	15.506095	3.60537528991699
15.522415	0.0852500051259995	15.528647	3.60650014877319
15.544968	0.0868750065565109	15.551205	3.60762524604797
15.567524	0.0875000059604645	15.573762	3.60837507247925
15.590081	0.0870000049471855	15.596313	3.60837507247925
15.612654	0.0865000039339066	15.618887	3.60662508010864
15.635257	0.0851250067353249	15.641496	3.60612511634827
15.65782	0.0856250077486038	15.664054	3.60525012016296
15.680378	0.0861250013113022	15.686612	3.60537528991699
15.702933	0.0855000019073486	15.709166	3.60700011253357
15.725487	0.0876250043511391	15.731725	3.60775017738342
15.748048	0.0871250033378601	15.75428	3.60812520980835
15.770601	0.0846250057220459	15.776829	3.60750007629395
15.79315	0.0856250077486038	15.799382	3.60675024986267
15.81572	0.0856250077486038	15.821957	3.60500025749207
15.83828	0.0872500017285347	15.844513	3.60462522506714
15.860838	0.0850000008940697	15.86707	3.60662508010864
15.883396	0.0860000029206276	15.889628	3.60687518119812
15.905949	0.088125005364418	15.912187	3.6080002784729
15.928506	0.0870000049471855	15.934739	3.60862517356873
15.951063	0.085875004529953	15.957295	3.60687518119812
15.97362	0.086375005543232	15.979872	3.60650014877319
15.996209	0.0852500051259995	16.002447	3.60500025749207
16.018782	0.0856250077486038	16.025015	3.60525012016296
16.041335	0.0866250023245811	16.047567	3.60587525367737
16.063893	0.0861250013113022	16.070126	3.60700011253357
16.086446	0.0875000059604645	16.092683	3.6082501411438
16.108994	0.0868750065565109	16.115246	3.60812520980835
16.131573	0.0867500007152557	16.137806	3.60725021362305
16.15413	0.085875004529953	16.160363	3.60650014877319
16.176681	0.083625003695488	16.182919	3.60425019264221
16.199255	0.0861250013113022	16.205487	3.60525012016296
16.221813	0.0856250077486038	16.228046	3.60625028610229
16.244379	0.0867500007152557	16.250612	3.6073751449585
16.266932	0.0875000059604645	16.273169	3.6082501411438
16.289489	0.086375005543232	16.295722	3.60900020599365
16.312047	0.0860000029206276	16.318279	3.6071252822876
16.334598	0.0857500061392784	16.340837	3.60575008392334
16.357156	0.0850000008940697	16.363389	3.60512518882751
16.379723	0.0862500071525574	16.385956	3.60625028610229
16.40228	0.0852500051259995	16.408518	3.60650014877319
16.424848	0.0848750025033951	16.431086	3.6080002784729
16.447404	0.0868750065565109	16.453642	3.60875010490417
16.469975	0.0860000029206276	16.476214	3.6073751449585
16.492538	0.0860000029206276	16.49877	3.6073751449585
16.51509	0.0860000029206276	16.521327	3.60537528991699
16.537647	0.086375005543232	16.543884	3.60575008392334
16.560204	0.0866250023245811	16.566437	3.60462522506714
16.582764	0.0866250023245811	16.588992	3.60687518119812
16.605358	0.0870000049471855	16.611606	3.6080002784729
16.627933	0.0867500007152557	16.634161	3.60862517356873
16.650485	0.0867500007152557	16.656717	3.60775017738342
16.673041	0.085875004529953	16.679274	3.60725021362305
16.695606	0.0857500061392784	16.701844	3.60587525367737
16.718163	0.0852500051259995	16.724401	3.60550022125244
16.740719	0.0870000049471855	16.746952	3.60575008392334
16.763275	0.0860000029206276	16.769509	3.6071252822876
16.785836	0.0873750075697899	16.792069	3.6080002784729
16.80839	0.0871250033378601	16.814623	3.60875010490417
16.830949	0.0857500061392784	16.837181	3.6082501411438
16.853507	0.0856250077486038	16.859739	3.6071252822876
16.876059	0.0857500061392784	16.882291	3.60575008392334
16.898612	0.0862500071525574	16.904847	3.60512518882751
16.921175	0.085875004529953	16.927408	3.60650014877319
16.943748	0.0861250013113022	16.949981	3.60762524604797
16.966301	0.0867500007152557	16.972538	3.60850024223328
16.988877	0.0872500017285347	16.995115	3.6088752746582
17.011442	0.0851250067353249	17.017675	3.6080002784729
17.034	0.0826250016689301	17.040232	3.60650014877319
17.056553	0.0851250067353249	17.06279	3.60562515258789
17.079108	0.0857500061392784	17.08534	3.60600018501282
17.101664	0.0896250009536743	17.107897	3.60637521743774
17.124225	0.0865000039339066	17.13046	3.6080002784729
17.14677	0.0898750051856041	17.153003	3.60837507247925
17.169324	0.0868750065565109	17.175557	3.6088752746582
17.191881	0.0862500071525574	17.198114	3.60775017738342
17.214458	0.086375005543232	17.220691	3.60625028610229
17.237013	0.0847500041127205	17.243251	3.60537528991699
17.25957	0.0867500007152557	17.265806	3.60562515258789
17.282129	0.0862500071525574	17.288361	3.60675024986267
17.30468	0.0852500051259995	17.310913	3.60750007629395
17.327246	0.0872500017285347	17.333484	3.60875010490417
17.349803	0.0857500061392784	17.356036	3.6082501411438
17.372361	0.0857500061392784	17.378594	3.60762524604797
17.394913	0.0855000019073486	17.40115	3.60600018501282
17.417469	0.0852500051259995	17.423706	3.60587525367737
17.440026	0.0855000019073486	17.446258	3.60600018501282
17.462582	0.0857500061392784	17.468814	3.6071252822876
17.485137	0.0868750065565109	17.491374	3.6080002784729
17.507694	0.0872500017285347	17.513931	3.60900020599365
17.530265	0.0856250077486038	17.536497	3.60762524604797
17.552821	0.0865000039339066	17.559054	3.60787510871887
17.575375	0.0857500061392784	17.581612	3.60600018501282
17.59793	0.0855000019073486	17.604182	3.60550022125244
17.620508	0.0860000029206276	17.626742	3.60612511634827
17.643078	0.0850000008940697	17.649311	3.60700011253357
17.665633	0.0876250043511391	17.671871	3.6082501411438
17.688191	0.0876250043511391	17.694423	3.60900020599365
17.710754	0.085875004529953	17.716986	3.60875010490417
17.733311	0.0847500041127205	17.739543	3.60662508010864
17.755864	0.0845000073313713	17.762101	3.60587525367737
17.77842	0.0847500041127205	17.784653	3.60475015640259
17.800977	0.0860000029206276	17.807209	3.60600018501282
17.823533	0.0848750025033951	17.829765	3.60787510871887
17.846096	0.0885000005364418	17.852334	3.60850024223328
17.868653	0.0880000069737434	17.874885	3.60850024223328
17.891209	0.0885000005364418	17.897442	3.60850024223328
17.913765	0.0861250013113022	17.919998	3.60675024986267
17.936308	0.085375003516674	17.942547	3.60650014877319
17.958869	0.0871250033378601	17.965102	3.60575008392334
17.981448	0.0885000005364418	17.987682	3.60650014877319
18.004009	0.0848750025033951	18.010269	3.60775017738342
18.026591	0.0876250043511391	18.032823	3.60875010490417
18.049149	0.085875004529953	18.055382	3.6088752746582
18.071725	0.0867500007152557	18.077957	3.60850024223328
18.094276	0.0850000008940697	18.100509	3.60687518119812
18.116831	0.0857500061392784	18.123068	3.60612511634827
18.139388	0.0860000029206276	18.145621	3.60575008392334
18.161945	0.0860000029206276	18.168177	3.6071252822876
18.184496	0.0866250023245811	18.190724	3.60812520980835
18.20705	0.0870000049471855	18.213287	3.6080002784729
18.229606	0.0860000029206276	18.235839	3.60900020599365
18.252167	0.0866250023245811	18.258399	3.6073751449585
18.274756	0.0851250067353249	18.280994	3.60687518119812
18.297314	0.0847500041127205	18.303552	3.60537528991699
18.319871	0.0862500071525574	18.326104	3.60612511634827
18.342428	0.0856250077486038	18.34866	3.60675024986267
18.364979	0.0868750065565109	18.371217	3.60812520980835
18.387535	0.0880000069737434	18.393772	3.6088752746582
18.410091	0.086375005543232	18.416323	3.6088752746582
18.432642	0.0847500041127205	18.438874	3.60725021362305
18.455224	0.0862500071525574	18.461462	3.60687518119812
18.477787	0.0862500071525574	18.484019	3.60587525367737
18.500352	0.0862500071525574	18.506585	3.60587525367737
18.522908	0.0868750065565109	18.529141	3.60812520980835
18.545462	0.0867500007152557	18.551699	3.6088752746582
18.568017	0.0870000049471855	18.574254	3.60937523841858
18.590565	0.0847500041127205	18.596798	3.60900020599365
18.613148	0.0851250067353249	18.619381	3.60787510871887
18.635723	0.0855000019073486	18.641962	3.60650014877319
18.658284	0.0861250013113022	18.664522	3.60637521743774
18.680844	0.0867500007152557	18.687076	3.60637521743774
18.7034	0.085375003516674	18.709632	3.60725021362305
18.725953	0.0867500007152557	18.732191	3.60850024223328
18.748509	0.0865000039339066	18.754747	3.60937523841858
18.771073	0.0856250077486038	18.777307	3.6091251373291
18.79363	0.0862500071525574	18.799863	3.60762524604797
18.816202	0.0852500051259995	18.82244	3.60625028610229
18.83876	0.0862500071525574	18.844992	3.60587525367737
18.861319	0.085875004529953	18.867551	3.6071252822876
18.883875	0.0857500061392784	18.890108	3.60775017738342
18.906427	0.0882500037550926	18.912664	3.60875010490417
18.928983	0.0871250033378601	18.935224	3.60950016975403
18.951549	0.0860000029206276	18.957781	3.60812520980835
18.974106	0.0865000039339066	18.980358	3.60725021362305
18.996683	0.0857500061392784	19.002922	3.60650014877319
19.019244	0.0860000029206276	19.025477	3.60625028610229
19.041799	0.0897500067949295	19.048033	3.6071252822876
19.064358	0.0876250043511391	19.070586	3.60837507247925
19.086908	0.0885000005364418	19.093142	3.60862517356873
19.109465	0.086375005543232	19.115713	3.60925006866455
19.132031	0.0861250013113022	19.138263	3.6080002784729
19.154592	0.0857500061392784	19.160838	3.6073751449585
19.177172	0.0861250013113022	19.183404	3.60625028610229
19.199723	0.0860000029206276	19.205956	3.60587525367737
19.222281	0.0860000029206276	19.228508	3.60750007629395
19.244849	0.0870000049471855	19.251087	3.6082501411438
19.267408	0.0866250023245811	19.273646	3.60937523841858
19.289975	0.0870000049471855	19.296207	3.60962510108948
19.312527	0.0857500061392784	19.31876	3.6080002784729
19.33508	0.0882500037550926	19.341318	3.60687518119812
19.357642	0.0852500051259995	19.36388	3.60625028610229
19.380199	0.086375005543232	19.386432	3.60637521743774
19.402751	0.0865000039339066	19.408984	3.60750007629395
19.425333	0.0875000059604645	19.431571	3.60937523841858
19.447889	0.0880000069737434	19.454127	3.60925006866455
19.47046	0.0866250023245811	19.476698	3.60862517356873
19.493023	0.0862500071525574	19.499256	3.60812520980835
19.515576	0.0848750025033951	19.521814	3.60700011253357
19.538147	0.0910000056028366	19.544384	3.60612511634827
19.560704	0.0862500071525574	19.566937	3.60762524604797
19.583261	0.0861250013113022	19.589493	3.60787510871887
19.605837	0.0868750065565109	19.612073	3.60850024223328
19.628396	0.0872500017285347	19.634676	3.60962510108948
19.651005	0.0855000019073486	19.657238	3.60837507247925
19.673563	0.0861250013113022	19.679796	3.60762524604797
19.696121	0.0861250013113022	19.702358	3.60687518119812
19.718678	0.085375003516674	19.724911	3.60612511634827
19.741241	0.0860000029206276	19.747473	3.60675024986267
19.763798	0.0865000039339066	19.770031	3.6080002784729
19.786349	0.0882500037550926	19.792587	3.60925006866455
19.808906	0.0876250043511391	19.815139	3.60950016975403
19.831463	0.0862500071525574	19.837695	3.60862517356873
19.85402	0.0866250023245811	19.860262	3.60750007629395
19.876581	0.0850000008940697	19.882813	3.60662508010864
19.899148	0.085375003516674	19.905381	3.60625028610229
19.921704	0.0860000029206276	19.927937	3.60725021362305
19.944263	0.0861250013113022	19.950496	3.6080002784729
19.966814	0.0877500027418137	19.973078	3.60950016975403
19.989428	0.0860000029206276	19.995661	3.60975027084351
20.011988	0.0861250013113022	20.01822	3.60862517356873
20.034542	0.0852500051259995	20.040776	3.60637521743774
20.057097	0.0847500041127205	20.063334	3.60675024986267
20.079653	0.0875000059604645	20.085887	3.60650014877319
20.102208	0.0862500071525574	20.108441	3.60750007629395
20.124761	0.0898750051856041	20.131035	3.60850024223328
20.147358	0.0890000015497208	20.15359	3.60925006866455
20.169913	0.0867500007152557	20.176147	3.60937523841858
20.192469	0.0857500061392784	20.198701	3.60925006866455
20.215022	0.0861250013113022	20.221253	3.60687518119812
20.237578	0.0855000019073486	20.24381	3.60662508010864
20.260146	0.0857500061392784	20.266374	3.60612511634827
20.282696	0.0861250013113022	20.288929	3.60762524604797
20.305251	0.0862500071525574	20.311489	3.6091251373291
20.327809	0.0873750075697899	20.334047	3.60937523841858
20.350362	0.0912500023841858	20.3566	3.60950016975403
20.372926	0.0862500071525574	20.379158	3.6082501411438
20.395478	0.0897500067949295	20.401716	3.60725021362305
20.418036	0.0851250067353249	20.424273	3.60675024986267
20.440595	0.0865000039339066	20.446828	3.60675024986267
20.463153	0.0860000029206276	20.469385	3.60775017738342
20.485718	0.0878750011324883	20.491955	3.60950016975403
20.508276	0.0871250033378601	20.514509	3.60962510108948
20.530839	0.0861250013113022	20.537071	3.60925006866455
20.553396	0.0867500007152557	20.559628	3.60862517356873
20.575947	0.0842500030994415	20.582184	3.60700011253357
20.598506	0.0852500051259995	20.604745	3.60662508010864
20.621109	0.085375003516674	20.627342	3.60675024986267
20.64366	0.0861250013113022	20.649898	3.60862517356873
20.666223	0.0882500037550926	20.672456	3.6088752746582
20.688778	0.0872500017285347	20.695011	3.60937523841858
20.711335	0.0861250013113022	20.717567	3.60900020599365
20.733891	0.0860000029206276	20.740124	3.60775017738342
20.75645	0.0855000019073486	20.762688	3.6071252822876
20.77902	0.085375003516674	20.785252	3.60675024986267
20.801576	0.0856250077486038	20.807809	3.60700011253357
20.824134	0.0850000008940697	20.830368	3.6088752746582
20.846686	0.0880000069737434	20.852924	3.60900020599365
20.869242	0.0870000049471855	20.875475	3.6100001335144
20.891797	0.0871250033378601	20.89803	3.60937523841858
20.914352	0.0880000069737434	20.920585	3.60725021362305
20.936902	0.0841250047087669	20.94314	3.60687518119812
20.959461	0.0851250067353249	20.965712	3.60687518119812
20.982068	0.0861250013113022	20.988302	3.60762524604797
21.004648	0.0871250033378601	21.010881	3.60900020599365
21.027201	0.0880000069737434	21.033438	3.60962510108948
21.049757	0.0865000039339066	21.056006	3.6100001335144
21.072331	0.0857500061392784	21.078564	3.60925006866455
21.094883	0.0855000019073486	21.101121	3.60775017738342
21.117439	0.0866250023245811	21.123677	3.6071252822876
21.140001	0.0856250077486038	21.146235	3.60687518119812
21.162558	0.0861250013113022	21.168791	3.60725021362305
21.185226	0.0855000019073486	21.191492	3.60900020599365
21.207886	0.0870000049471855	21.214164	3.60975027084351
21.230499	0.0862500071525574	21.236732	3.60950016975403
21.253086	0.0861250013113022	21.259371	3.60812520980835
21.275814	0.0848750025033951	21.282102	3.60662508010864
21.298525	0.0850000008940697	21.304859	3.60675024986267
21.321318	0.0856250077486038	21.327601	3.6071252822876
21.344077	0.0855000019073486	21.350386	3.60937523841858
21.366783	0.0870000049471855	21.373018	3.60975027084351
21.38934	0.0873750075697899	21.395573	3.6100001335144
21.411897	0.0877500027418137	21.418124	3.60962510108948
21.434456	0.0861250013113022	21.440683	3.6071252822876
21.457005	0.0852500051259995	21.463244	3.60700011253357
21.479583	0.0857500061392784	21.485816	3.60675024986267
21.502133	0.0843750014901161	21.508371	3.6073751449585
21.524689	0.0861250013113022	21.530947	3.60900020599365
21.547266	0.0877500027418137	21.553503	3.60975027084351
21.569821	0.089125007390976	21.576054	3.60950016975403
21.592377	0.0860000029206276	21.59861	3.60937523841858
21.614973	0.0860000029206276	21.621207	3.60812520980835
21.637543	0.0857500061392784	21.643776	3.6071252822876
21.660099	0.0848750025033951	21.666332	3.60675024986267
21.682659	0.086375005543232	21.688892	3.60787510871887
21.705224	0.0866250023245811	21.711461	3.60925006866455
21.72778	0.0882500037550926	21.734018	3.61025023460388
21.750353	0.0871250033378601	21.756585	3.60987520217896
21.772909	0.0866250023245811	21.779141	3.60875010490417
21.795459	0.0843750014901161	21.801697	3.60787510871887
21.818015	0.0887500047683716	21.824252	3.60662508010864
21.840587	0.0856250077486038	21.846819	3.60762524604797
21.863135	0.0847500041127205	21.869367	3.60850024223328
21.885712	0.0872500017285347	21.891949	3.60950016975403
21.908268	0.088125005364418	21.9145	3.61025023460388
21.930894	0.085875004529953	21.93713	3.60987520217896
21.953453	0.0860000029206276	21.959686	3.60837507247925
21.976014	0.0903750061988831	21.982253	3.60725021362305
21.998574	0.085375003516674	22.004807	3.60650014877319
22.021137	0.085875004529953	22.027369	3.60725021362305
22.043693	0.0897500067949295	22.049926	3.60862517356873
22.066212	0.0868750065565109	22.07245	3.60925006866455
22.088769	0.0873750075697899	22.095002	3.61037516593933
22.111326	0.085875004529953	22.117558	3.61012506484985
22.133882	0.0860000029206276	22.140115	3.60837507247925
22.156433	0.085375003516674	22.16267	3.6073751449585
22.178988	0.085375003516674	22.185224	3.60700011253357
22.201547	0.086375005543232	22.20778	3.6073751449585
22.224103	0.085375003516674	22.230352	3.60925006866455
22.246673	0.0871250033378601	22.252906	3.60937523841858
22.269216	0.0866250023245811	22.275455	3.61037516593933
22.291776	0.0878750011324883	22.298008	3.60987520217896
22.314332	0.085875004529953	22.320561	3.6082501411438
22.336882	0.0851250067353249	22.343114	3.6073751449585
22.359436	0.0862500071525574	22.365668	3.60725021362305
22.381989	0.086375005543232	22.388221	3.60862517356873
22.404562	0.088625006377697	22.410795	3.60900020599365
22.427105	0.088125005364418	22.433343	3.60950016975403
22.449664	0.0865000039339066	22.455897	3.61037516593933
22.472221	0.0861250013113022	22.478459	3.60900020599365
22.494782	0.0842500030994415	22.501019	3.60812520980835
22.517338	0.0850000008940697	22.523576	3.60637521743774
22.539895	0.0856250077486038	22.546128	3.60687518119812
22.562453	0.085875004529953	22.568686	3.6080002784729
22.585021	0.0862500071525574	22.591253	3.60900020599365
22.607596	0.0878750011324883	22.613838	3.61037516593933
22.630174	0.085875004529953	22.636408	3.61037516593933
22.652734	0.0883750021457672	22.658967	3.60937523841858
22.675286	0.0857500061392784	22.681524	3.6080002784729
22.697844	0.0856250077486038	22.704081	3.60675024986267
22.720401	0.085875004529953	22.726634	3.60725021362305
22.742957	0.0875000059604645	22.749195	3.60837507247925
22.765531	0.0867500007152557	22.771768	3.60950016975403
22.788088	0.0875000059604645	22.79432	3.61012506484985
22.810643	0.0861250013113022	22.816875	3.61037516593933
22.833199	0.085875004529953	22.839432	3.60925006866455
22.855751	0.0855000019073486	22.861988	3.6082501411438
22.878307	0.086375005543232	22.884556	3.6071252822876
22.900875	0.0861250013113022	22.907108	3.60750007629395
22.923432	0.0851250067353249	22.929665	3.60837507247925
22.946004	0.0883750021457672	22.952242	3.60962510108948
22.968576	0.0870000049471855	22.974827	3.61050009727478
22.991149	0.0892500057816505	22.997382	3.60975027084351
23.013707	0.085875004529953	23.019939	3.60900020599365
23.036284	0.0850000008940697	23.042521	3.6073751449585
23.058841	0.0857500061392784	23.065074	3.6071252822876
23.081398	0.085375003516674	23.08763	3.60700011253357
23.103954	0.0870000049471855	23.110186	3.60875010490417
23.126504	0.0876250043511391	23.132742	3.60925006866455
23.149061	0.086375005543232	23.155294	3.61050009727478
23.171633	0.0860000029206276	23.177865	3.60937523841858
23.194184	0.0861250013113022	23.200417	3.60862517356873
23.216735	0.0848750025033951	23.222973	3.60675024986267
23.239293	0.0850000008940697	23.245525	3.60700011253357
23.261849	0.0826250016689301	23.268081	3.6082501411438
23.284405	0.088625006377697	23.290638	3.60937523841858
23.306957	0.0871250033378601	23.313195	3.60950016975403
23.329513	0.0866250023245811	23.335746	3.61050009727478
23.35207	0.0856250077486038	23.358304	3.60950016975403
23.37463	0.0855000019073486	23.380864	3.60900020599365
23.397178	0.0857500061392784	23.403416	3.60725021362305
23.419738	0.086375005543232	23.425971	3.60700011253357
23.442299	0.085875004529953	23.448532	3.6080002784729
23.464851	0.0860000029206276	23.471089	3.60925006866455
23.487413	0.0880000069737434	23.493645	3.61025023460388
23.509977	0.0871250033378601	23.516209	3.61100006103516
23.532549	0.0866250023245811	23.538781	3.60987520217896
23.555102	0.086375005543232	23.561339	3.60850024223328
23.577662	0.0850000008940697	23.5839	3.60762524604797
23.600218	0.086375005543232	23.60647	3.6073751449585
23.622795	0.0861250013113022	23.629029	3.60812520980835
23.645364	0.0856250077486038	23.651602	3.60975027084351
23.667921	0.0880000069737434	23.674159	3.61025023460388
23.690478	0.0872500017285347	23.696711	3.6100001335144
23.71303	0.0860000029206276	23.719263	3.61012506484985
23.735608	0.0861250013113022	23.741846	3.60812520980835
23.758165	0.085375003516674	23.764397	3.60775017738342
23.780719	0.0861250013113022	23.786951	3.60762524604797
23.803279	0.0867500007152557	23.809512	3.6082501411438
23.825832	0.086375005543232	23.832069	3.60975027084351
23.848386	0.0871250033378601	23.854619	3.61062526702881
23.870943	0.0903750061988831	23.877175	3.60937523841858
23.893499	0.0856250077486038	23.899731	3.60950016975403
23.91605	0.085875004529953	23.922287	3.60812520980835
23.938619	0.0857500061392784	23.944852	3.60750007629395
23.961168	0.085875004529953	23.9674	3.6071252822876
23.983749	0.0866250023245811	23.989984	3.60875010490417
24.006305	0.0871250033378601	24.012537	3.61012506484985
24.028858	0.0876250043511391	24.035091	3.61087512969971
24.051416	0.0868750065565109	24.057648	3.61025023460388
24.073973	0.0860000029206276	24.080205	3.60925006866455
24.096524	0.0850000008940697	24.102761	3.60812520980835
24.11908	0.0860000029206276	24.125333	3.60725021362305
24.141672	0.0867500007152557	24.147905	3.6082501411438
24.16423	0.0865000039339066	24.170464	3.6091251373291
24.186784	0.0872500017285347	24.193022	3.61037516593933
24.209342	0.0876250043511391	24.215574	3.61087512969971
24.231899	0.0868750065565109	24.238131	3.61012506484985
24.254461	0.0857500061392784	24.260694	3.60862517356873
24.277013	0.0865000039339066	24.283251	3.60775017738342
24.29957	0.0857500061392784	24.305806	3.60762524604797
24.322131	0.0857500061392784	24.328364	3.60837507247925
24.344683	0.0867500007152557	24.350916	3.60950016975403
24.367237	0.0875000059604645	24.373474	3.61025023460388
24.389793	0.0870000049471855	24.396025	3.61050009727478
24.41235	0.0870000049471855	24.418582	3.61037516593933
24.434903	0.085875004529953	24.441141	3.60850024223328
24.457461	0.0848750025033951	24.463698	3.60812520980835
24.480018	0.0865000039339066	24.486251	3.60725021362305
24.502574	0.085875004529953	24.508807	3.60837507247925
24.525137	0.085875004529953	24.53137	3.6100001335144
24.547691	0.089125007390976	24.553928	3.61075019836426
24.570264	0.0870000049471855	24.576503	3.61075019836426
24.592821	0.0867500007152557	24.599048	3.60975027084351
24.615399	0.0860000029206276	24.621633	3.60862517356873
24.637951	0.0857500061392784	24.644179	3.60812520980835
24.660519	0.0857500061392784	24.666752	3.6073751449585
24.683075	0.0857500061392784	24.689307	3.60875010490417
24.705628	0.0870000049471855	24.711866	3.6100001335144
24.728185	0.0880000069737434	24.734418	3.61075019836426
24.75075	0.0866250023245811	24.756982	3.61075019836426
24.773306	0.085875004529953	24.779538	3.60975027084351
24.795857	0.085875004529953	24.802094	3.6080002784729
24.818412	0.0865000039339066	24.824647	3.6080002784729
24.84097	0.088125005364418	24.847202	3.60775017738342
24.86353	0.0865000039339066	24.869762	3.60862517356873
24.886096	0.0882500037550926	24.892334	3.61075019836426
24.908659	0.0878750011324883	24.914892	3.61062526702881
24.931212	0.0857500061392784	24.937444	3.61112523078918
24.953769	0.0866250023245811	24.960002	3.6100001335144
24.976338	0.0860000029206276	24.982583	3.60837507247925
24.998906	0.0852500051259995	25.005139	3.60812520980835
25.021464	0.086375005543232	25.027697	3.6080002784729
25.044015	0.086375005543232	25.050266	3.60962510108948
25.066603	0.0878750011324883	25.072841	3.61025023460388
25.089159	0.089125007390976	25.095391	3.61075019836426
25.111718	0.085875004529953	25.11795	3.61062526702881
25.134274	0.0907500013709068	25.140507	3.60925006866455
25.156828	0.0857500061392784	25.163065	3.6082501411438
25.179384	0.0860000029206276	25.185616	3.60812520980835
25.20194	0.0850000008940697	25.208172	3.60775017738342
25.224492	0.0860000029206276	25.230725	3.60900020599365
25.247044	0.0871250033378601	25.253282	3.61062526702881
25.269613	0.088125005364418	25.275845	3.61062526702881
25.292161	0.0861250013113022	25.298393	3.61062526702881
25.314708	0.0850000008940697	25.320946	3.6088752746582
25.337266	0.086375005543232	25.343498	3.60862517356873
25.359816	0.0848750025033951	25.366049	3.60750007629395
25.382372	0.0870000049471855	25.388604	3.60850024223328
25.404937	0.0850000008940697	25.411174	3.60950016975403
25.427492	0.0866250023245811	25.433731	3.61062526702881
25.450065	0.088125005364418	25.456298	3.61075019836426
25.472615	0.0861250013113022	25.478852	3.61075019836426
25.495175	0.0870000049471855	25.501413	3.60925006866455
25.517733	0.0865000039339066	25.52397	3.6080002784729
25.540288	0.0856250077486038	25.546516	3.6080002784729
25.562844	0.0855000019073486	25.569076	3.60837507247925
25.585396	0.085875004529953	25.591634	3.6100001335144
25.607978	0.0878750011324883	25.614219	3.61100006103516
25.630593	0.0862500071525574	25.636833	3.61112523078918
25.653166	0.085875004529953	25.659399	3.60950016975403
25.675805	0.0818750038743019	25.682039	3.60950016975403
25.698359	0.0848750025033951	25.704591	3.60775017738342
25.720914	0.0862500071525574	25.727147	3.60775017738342
25.743468	0.0868750065565109	25.749695	3.60875010490417
25.766014	0.0871250033378601	25.772252	3.61037516593933
25.788575	0.0893750041723251	25.794808	3.61125016212463
25.811133	0.0857500061392784	25.817365	3.61112523078918
25.833691	0.0867500007152557	25.839924	3.60950016975403
25.856215	0.0857500061392784	25.862452	3.60900020599365
25.878771	0.086375005543232	25.885004	3.60762524604797
25.901326	0.0866250023245811	25.907559	3.6080002784729
25.923882	0.0855000019073486	25.930114	3.60925006866455
25.946432	0.0866250023245811	25.95267	3.61025023460388
25.969002	0.0877500027418137	25.975253	3.61125016212463
25.991579	0.0861250013113022	25.997812	3.61087512969971
26.014141	0.0851250067353249	26.020375	3.60962510108948
26.036702	0.0845000073313713	26.042936	3.6088752746582
26.059258	0.0856250077486038	26.065491	3.60837507247925
26.081815	0.0860000029206276	26.088048	3.6080002784729
26.104371	0.0861250013113022	26.110604	3.60950016975403
26.126923	0.0872500017285347	26.133161	3.61075019836426
26.149479	0.0861250013113022	26.155718	3.61137509346008
26.172057	0.0852500051259995	26.17829	3.61037516593933
26.194614	0.0851250067353249	26.200848	3.60987520217896
26.21717	0.0846250057220459	26.223408	3.6080002784729
26.239752	0.0851250067353249	26.246064	3.6080002784729
26.262406	0.0865000039339066	26.268634	3.60812520980835
26.284978	0.0861250013113022	26.291216	3.60987520217896
26.307538	0.0872500017285347	26.313775	3.61112523078918
26.330095	0.0870000049471855	26.336328	3.61137509346008
26.352653	0.0855000019073486	26.358886	3.61050009727478
26.375235	0.0842500030994415	26.381473	3.6100001335144
26.397793	0.0847500041127205	26.404031	3.60837507247925
26.420354	0.0848750025033951	26.426587	3.60787510871887
26.442911	0.0862500071525574	26.449144	3.60962510108948
26.465463	0.0857500061392784	26.4717	3.60962510108948
26.488026	0.0873750075697899	26.494264	3.61100006103516
26.510574	0.0862500071525574	26.516812	3.61125016212463
26.533138	0.0887500047683716	26.53937	3.61062526702881
26.555715	0.085875004529953	26.561952	3.60962510108948
26.578271	0.0857500061392784	26.5845	3.60850024223328
26.600841	0.0867500007152557	26.607091	3.6073751449585
26.623422	0.0856250077486038	26.629655	3.60937523841858
26.645981	0.086375005543232	26.652219	3.61050009727478
26.66854	0.0876250043511391	26.674772	3.61112523078918
26.691097	0.0861250013113022	26.697329	3.61100006103516
26.713654	0.0898750051856041	26.719886	3.61037516593933
26.736209	0.086375005543232	26.742447	3.60837507247925
26.75877	0.0857500061392784	26.765003	3.6082501411438
26.781325	0.0857500061392784	26.787558	3.60837507247925
26.803882	0.0861250013113022	26.810115	3.60950016975403
26.826436	0.086375005543232	26.832671	3.61062526702881
26.848983	0.088125005364418	26.855236	3.61137509346008
26.871553	0.0862500071525574	26.877786	3.61100006103516
26.894106	0.0861250013113022	26.900355	3.61025023460388
26.91668	0.086375005543232	26.922917	3.6088752746582
26.939237	0.0860000029206276	26.94547	3.60850024223328
26.961797	0.0856250077486038	26.968029	3.60875010490417
26.984387	0.0861250013113022	26.990622	3.60900020599365
27.006949	0.0821250006556511	27.013187	3.61150026321411
27.029507	0.0878750011324883	27.03574	3.61125016212463
27.052065	0.0868750065565109	27.058298	3.61087512969971
27.074621	0.0866250023245811	27.080854	3.61050009727478
27.097178	0.085375003516674	27.103416	3.60875010490417
27.119736	0.0860000029206276	27.125969	3.60875010490417
27.142299	0.0860000029206276	27.148532	3.6088752746582
27.164854	0.0872500017285347	27.171092	3.60962510108948
27.187411	0.088125005364418	27.193648	3.61175012588501
27.209974	0.0902500078082085	27.216207	3.61175012588501
27.23253	0.0855000019073486	27.238762	3.61125016212463
27.255084	0.0868750065565109	27.261322	3.60987520217896
27.277642	0.0861250013113022	27.28388	3.60900020599365
27.300199	0.0857500061392784	27.306432	3.60837507247925
27.322755	0.085875004529953	27.328988	3.60925006866455
27.345327	0.0860000029206276	27.351565	3.60987520217896
27.367883	0.0880000069737434	27.37412	3.61125016212463
27.390463	0.0872500017285347	27.396696	3.61137509346008
27.41302	0.0856250077486038	27.419252	3.61075019836426
27.435571	0.0907500013709068	27.441809	3.60987520217896
27.458141	0.0827500075101852	27.464378	3.60862517356873
27.480703	0.0868750065565109	27.486935	3.60862517356873
27.503263	0.0877500027418137	27.509495	3.60937523841858
27.525815	0.0865000039339066	27.532052	3.61050009727478
27.548363	0.0877500027418137	27.554601	3.61137509346008
27.570945	0.0870000049471855	27.577178	3.61125016212463
27.593502	0.0868750065565109	27.599734	3.61087512969971
27.616134	0.0852500051259995	27.622367	3.60950016975403
27.638699	0.085375003516674	27.644981	3.6088752746582
27.661307	0.0862500071525574	27.66754	3.60812520980835
27.683866	0.0868750065565109	27.690099	3.61062526702881
27.706418	0.0918750017881393	27.71265	3.61087512969971
27.72897	0.0878750011324883	27.735205	3.61125016212463
27.751529	0.0856250077486038	27.757761	3.61137509346008
27.774084	0.0857500061392784	27.780317	3.60987520217896
27.796634	0.0857500061392784	27.802872	3.60925006866455
27.819195	0.0856250077486038	27.825428	3.60812520980835
27.841749	0.0868750065565109	27.847982	3.60837507247925
27.864303	0.086375005543232	27.870553	3.60925006866455
27.886872	0.0876250043511391	27.893105	3.61062526702881
27.909426	0.0882500037550926	27.915659	3.61162519454956
27.931974	0.085875004529953	27.938206	3.61150026321411
27.954525	0.085875004529953	27.960759	3.61012506484985
27.977111	0.088125005364418	27.983355	3.60937523841858
27.999678	0.0857500061392784	28.005912	3.6082501411438
28.022241	0.0865000039339066	28.028473	3.6088752746582
28.044793	0.0865000039339066	28.051031	3.61050009727478
28.067351	0.0882500037550926	28.073589	3.61150026321411
28.089908	0.0887500047683716	28.096141	3.61187505722046
28.112465	0.085875004529953	28.118697	3.61187505722046
28.135016	0.0860000029206276	28.141253	3.61012506484985
28.157576	0.0855000019073486	28.163813	3.60962510108948
28.180133	0.085375003516674	28.186365	3.60875010490417
28.202691	0.0867500007152557	28.208924	3.60925006866455
28.225243	0.0860000029206276	28.23148	3.61012506484985
28.247798	0.0877500027418137	28.254036	3.61125016212463
28.270355	0.0867500007152557	28.276588	3.61200022697449
28.292912	0.0837500020861626	28.299145	3.61125016212463
28.315491	0.0847500041127205	28.321729	3.6100001335144
28.338049	0.0856250077486038	28.344286	3.60925006866455
28.36061	0.0851250067353249	28.366842	3.60875010490417
28.383166	0.0852500051259995	28.389399	3.60925006866455
28.40572	0.085375003516674	28.411957	3.61075019836426
28.428276	0.0873750075697899	28.434508	3.61162519454956
28.450837	0.0865000039339066	28.45707	3.61200022697449
28.473394	0.085875004529953	28.479627	3.61087512969971
28.49595	0.085875004529953	28.502188	3.60987520217896
28.518507	0.0852500051259995	28.524739	3.60862517356873
28.541063	0.0860000029206276	28.547295	3.60850024223328
28.563619	0.0862500071525574	28.569851	3.6100001335144
28.586193	0.0866250023245811	28.592431	3.61050009727478
28.608786	0.0878750011324883	28.615021	3.61125016212463
28.631336	0.0866250023245811	28.637564	3.61187505722046
28.653889	0.0865000039339066	28.660122	3.61100006103516
28.676448	0.0860000029206276	28.682686	3.60975027084351
28.69902	0.083125002682209	28.705253	3.60875010490417
28.721571	0.0868750065565109	28.727803	3.60862517356873
28.74413	0.086375005543232	28.750363	3.60975027084351
28.766681	0.0873750075697899	28.772919	3.61075019836426
28.789238	0.0877500027418137	28.795471	3.61200022697449
28.811793	0.0865000039339066	28.818026	3.61175012588501
28.83435	0.0860000029206276	28.840584	3.61037516593933
28.856904	0.0890000015497208	28.863138	3.60975027084351
28.879461	0.0860000029206276	28.885707	3.6082501411438
28.902028	0.0865000039339066	28.90826	3.60875010490417
28.924579	0.0855000019073486	28.930813	3.61012506484985
28.947131	0.0861250013113022	28.953364	3.61112523078918
28.969683	0.0866250023245811	28.975934	3.61212515830994
28.992259	0.086375005543232	28.998491	3.61175012588501
29.014842	0.0867500007152557	29.021081	3.61100006103516
29.037401	0.0855000019073486	29.043633	3.60937523841858
29.059975	0.0860000029206276	29.066207	3.6091251373291
29.082532	0.085875004529953	29.088765	3.6091251373291
29.105085	0.0855000019073486	29.111323	3.61012506484985
29.127642	0.0867500007152557	29.133879	3.61162519454956
29.150198	0.088125005364418	29.156431	3.61200022697449
29.172755	0.0865000039339066	29.178987	3.61162519454956
29.195334	0.0857500061392784	29.201572	3.61050009727478
29.21789	0.0845000073313713	29.224127	3.60875010490417
29.240462	0.0866250023245811	29.246695	3.60875010490417
29.263019	0.0861250013113022	29.269251	3.6091251373291
29.285571	0.085875004529953	29.291808	3.61062526702881
29.308128	0.0877500027418137	29.314366	3.61212515830994
29.330685	0.0871250033378601	29.336918	3.61212515830994
29.353244	0.085375003516674	29.359477	3.61150026321411
29.375806	0.086375005543232	29.382043	3.61025023460388
29.398364	0.0860000029206276	29.404597	3.60925006866455
29.420916	0.0906250029802322	29.427149	3.60900020599365
29.443473	0.0856250077486038	29.449706	3.60950016975403
29.46602	0.0872500017285347	29.472252	3.61037516593933
29.488574	0.0877500027418137	29.494807	3.61162519454956
29.511131	0.0861250013113022	29.517363	3.61225008964539
29.533702	0.0865000039339066	29.539934	3.61137509346008
29.556214	0.0871250033378601	29.562452	3.60987520217896
29.57877	0.085375003516674	29.585003	3.60900020599365
29.601327	0.0857500061392784	29.607584	3.60875010490417
29.623912	0.0867500007152557	29.630146	3.60962510108948
29.646482	0.085375003516674	29.652719	3.61075019836426
29.669039	0.0906250029802322	29.675272	3.61187505722046
29.691596	0.0875000059604645	29.697829	3.61225008964539
29.714151	0.0866250023245811	29.720389	3.61112523078918
