Time_sec1	Voltage_A0TG	Time_sec2	Voltage_A1TG
0	0.920750021934509	0.006232	3.63125014305115
0.022552	0.919875025749207	0.028784	3.6311252117157
0.045103	0.919250071048737	0.051341	3.62950015068054
0.06766	0.919250071048737	0.073894	3.62900018692017
0.090234	0.918375015258789	0.096466	3.62800025939941
0.112803	0.924625039100647	0.119042	3.62850022315979
0.135361	0.920625030994415	0.141599	3.63000011444092
0.157918	0.92125004529953	0.164151	3.63087511062622
0.180475	0.919750034809113	0.186707	3.63150024414062
0.203026	0.920125067234039	0.209264	3.63087511062622
0.225583	0.918000042438507	0.231816	3.62937521934509
0.248134	0.920375049114227	0.254366	3.62875008583069
0.270685	0.919875025749207	0.276919	3.62812519073486
0.293241	0.920625030994415	0.299474	3.62837505340576
0.315793	0.919875025749207	0.322026	3.63037514686584
0.33835	0.921625018119812	0.344583	3.63050007820129
0.360904	0.920875072479248	0.367136	3.6311252117157
0.383475	0.919875025749207	0.389707	3.63000011444092
0.406026	0.919500052928925	0.412259	3.62962508201599
0.428587	0.918625056743622	0.434819	3.62800025939941
0.451157	0.919125020503998	0.45739	3.62800025939941
0.473709	0.919875025749207	0.479947	3.62887525558472
0.496289	0.923750042915344	0.502522	3.63012528419495
0.518847	0.920875072479248	0.525079	3.63087511062622
0.541404	0.921000063419342	0.547637	3.6311252117157
0.563956	0.920000016689301	0.570193	3.62987518310547
0.586512	0.919875025749207	0.592745	3.62925028800964
0.609078	0.919000029563904	0.615336	3.62800025939941
0.631662	0.920125067234039	0.637891	3.62787508964539
0.654232	0.920000016689301	0.66047	3.62975025177002
0.676791	0.920625030994415	0.683024	3.62987518310547
0.699351	0.919750034809113	0.705583	3.63100028038025
0.721899	0.920125067234039	0.728133	3.63075017929077
0.744453	0.919500052928925	0.75069	3.6302502155304
0.76701	0.919250071048737	0.773243	3.62900018692017
0.789575	0.91887503862381	0.795802	3.62800025939941
0.812131	0.921125054359436	0.818369	3.62775015830994
0.834692	0.919375061988831	0.84093	3.62925028800964
0.857256	0.920250058174133	0.863489	3.63050007820129
0.879812	0.919625043869019	0.886045	3.63075017929077
0.902364	0.920375049114227	0.908601	3.63125014305115
0.92492	0.919500052928925	0.931157	3.62950015068054
0.947476	0.915125072002411	0.953708	3.62862515449524
0.970031	0.919125020503998	0.976263	3.62800025939941
0.992619	0.920000016689301	0.998863	3.62862515449524
1.0152	0.919750034809113	1.021438	3.62937521934509
1.037749	0.920625030994415	1.043981	3.63037514686584
1.060307	0.920000016689301	1.06654	3.63087511062622
1.082858	0.919000029563904	1.089096	3.63037514686584
1.105415	0.917875051498413	1.111653	3.62987518310547
1.127972	0.919125020503998	1.134204	3.62862515449524
1.150527	0.919250071048737	1.156759	3.62825012207031
1.173086	0.919750034809113	1.179323	3.62862515449524
1.195641	0.919750034809113	1.201874	3.62975025177002
1.218195	0.92125004529953	1.224427	3.63075017929077
1.240752	0.919625043869019	1.246979	3.63100028038025
1.263298	0.920375049114227	1.269536	3.63000011444092
1.285854	0.917375028133392	1.292087	3.62925028800964
1.30841	0.920625030994415	1.314642	3.62787508964539
1.330966	0.919875025749207	1.337199	3.62787508964539
1.353496	0.920250058174133	1.359733	3.62875008583069
1.376055	0.919500052928925	1.382288	3.62975025177002
1.398608	0.920250058174133	1.404841	3.63150024414062
1.421159	0.920750021934509	1.427392	3.63075017929077
1.443714	0.919375061988831	1.449947	3.63000011444092
1.466268	0.922500014305115	1.472503	3.62925028800964
1.48884	0.919125020503998	1.495072	3.62812519073486
1.511394	0.919750034809113	1.517636	3.62800025939941
1.533972	0.920875072479248	1.54021	3.62900018692017
1.55653	0.920000016689301	1.562763	3.63037514686584
1.579089	0.920000016689301	1.585323	3.63075017929077
1.601637	0.919250071048737	1.60787	3.6311252117157
1.62421	0.919875025749207	1.630444	3.62962508201599
1.646756	0.91887503862381	1.653039	3.62912511825562
1.669363	0.919500052928925	1.675596	3.62837505340576
1.691929	0.919625043869019	1.698162	3.62825012207031
1.714487	0.921125054359436	1.720724	3.62937521934509
1.737044	0.920500040054321	1.743287	3.62950015068054
1.759613	0.919875025749207	1.765846	3.63125014305115
1.782168	0.918750047683716	1.788405	3.6302502155304
1.804727	0.920000016689301	1.810965	3.62987518310547
1.827285	0.922750055789948	1.833513	3.62825012207031
1.849841	0.919375061988831	1.856074	3.62750005722046
1.872421	0.923000037670135	1.878659	3.62812519073486
1.894982	0.919875025749207	1.90122	3.62950015068054
1.917546	0.920125067234039	1.923779	3.63037514686584
1.940106	0.919250071048737	1.946338	3.6311252117157
1.962658	0.918000042438507	1.968895	3.6302502155304
1.98527	0.921625018119812	1.99151	3.62925028800964
2.007833	0.919625043869019	2.014066	3.62837505340576
2.030392	0.919250071048737	2.036624	3.62762522697449
2.052944	0.919750034809113	2.059181	3.62862515449524
2.075501	0.919625043869019	2.081743	3.62962508201599
2.098068	0.920250058174133	2.104301	3.63037514686584
2.120642	0.919125020503998	2.126875	3.6313750743866
2.14319	0.920125067234039	2.149428	3.63050007820129
2.16575	0.919250071048737	2.171984	3.62925028800964
2.188307	0.919625043869019	2.194539	3.62800025939941
2.210863	0.919625043869019	2.217096	3.62800025939941
2.233415	0.919500052928925	2.239653	3.62825012207031
2.255972	0.91887503862381	2.262219	3.62987518310547
2.278544	0.920500040054321	2.284776	3.63062524795532
2.3011	0.919500052928925	2.307344	3.63062524795532
2.323665	0.919125020503998	2.329903	3.63000011444092
2.346222	0.919250071048737	2.352455	3.62837505340576
2.368781	0.920125067234039	2.375014	3.62800025939941
2.391338	0.919750034809113	2.39757	3.62750005722046
2.413889	0.919250071048737	2.420127	3.62887525558472
2.436446	0.919875025749207	2.442679	3.63012528419495
2.459003	0.917875051498413	2.465236	3.63062524795532
2.481561	0.919250071048737	2.487795	3.63100028038025
2.504113	0.920250058174133	2.510351	3.62712526321411
2.526682	0.873625040054321	2.532915	3.61112523078918
2.549235	0.753375053405762	2.555467	3.47850012779236
2.571788	0.656000018119812	2.578034	3.2020001411438
2.594354	0.566500008106232	2.600588	2.8903751373291
2.616909	0.490375012159348	2.623154	2.58050012588501
2.6395	0.424000024795532	2.645733	2.33700013160706
2.662056	0.363750010728836	2.668295	2.14012503623962
2.684621	0.306500017642975	2.690858	2.00524997711182
2.707195	0.253000020980835	2.713428	1.90437507629395
2.729747	0.207250013947487	2.735981	1.83862507343292
2.752308	0.166500002145767	2.758546	1.79325008392334
2.774865	0.132250010967255	2.781102	1.76725006103516
2.797413	0.103625006973743	2.803652	1.7517501115799
2.819977	0.0787500068545341	2.82621	1.74512505531311
2.84253	0.0528750009834766	2.848768	1.74287509918213
2.865087	0.03125	2.871325	1.74187505245209
2.887668	0.00712500046938658	2.893902	1.74287509918213
2.91024	0.00187500007450581	2.916473	1.74312508106232
2.932801	0.00250000017695129	2.939034	1.74350011348724
2.955356	0.002125000115484	2.961594	1.74312508106232
2.977913	0.00512500014156103	2.984164	1.7407500743866
3.000508	0.00537500018253922	3.006742	1.73575007915497
3.023063	0.00137500010896474	3.029301	1.72850012779236
3.045621	0.0020000000949949	3.051854	1.71962511539459
3.068174	0.000125000005937181	3.074406	1.7112500667572
3.090726	0.0020000000949949	3.096964	1.70200002193451
3.113299	0.00187500007450581	3.119537	1.69412505626678
3.135856	0.00162500003352761	3.142089	1.68687510490417
3.158417	0.00300000002607703	3.164649	1.67975008487701
3.180973	0.00400000018998981	3.187206	1.67175006866455
3.203497	0.0022500001359731	3.209734	1.6643750667572
3.226054	0.00175000005401671	3.232287	1.65675008296967
3.24861	0.000750000006519258	3.254842	1.6516250371933
3.271167	0.00137500010896474	3.277399	1.64637506008148
3.293732	0.00250000017695129	3.299969	1.64300012588501
3.316281	0.00162500003352761	3.322514	1.64087510108948
3.338839	0.00387500016950071	3.345071	1.63962507247925
3.361395	0.00275000021792948	3.367637	1.63725006580353
3.383956	0.000875000027008355	3.390193	1.63450002670288
3.406512	0.000875000027008355	3.412745	1.63212502002716
3.429069	0.000750000006519258	3.435302	1.63150012493134
3.451625	0.00100000004749745	3.457857	1.63200008869171
3.474176	0.00350000010803342	3.480408	1.6331250667572
3.496745	0.00350000010803342	3.502997	1.63612508773804
3.519312	0.00375000014901161	3.525545	1.63962507247925
3.541864	0.0020000000949949	3.548097	1.64200007915497
3.564416	0.00137500010896474	3.570653	1.64550006389618
3.586973	0.00125000008847564	3.593201	1.6496250629425
3.609521	0.00125000008847564	3.615772	1.65612506866455
3.632126	0.000750000006519258	3.638354	1.66537511348724
3.654677	0.000750000006519258	3.660914	1.67850005626678
3.677259	0.00600000005215406	3.683493	1.69275009632111
3.699822	0.00487500010058284	3.706055	1.7103750705719
3.72238	0.00100000004749745	3.728612	1.73187506198883
3.744933	0.00162500003352761	3.751166	1.76037514209747
3.767487	-0.00125000008847564	3.773714	1.79825007915497
3.790035	0.000625000044237822	3.796268	1.85137510299683
3.812607	0.00125000008847564	3.81884	1.91512513160706
3.835167	0.00150000001303852	3.8414	1.99662506580353
3.857739	0.00325000006705523	3.863976	2.08237504959106
3.880301	0.00312500004656613	3.886534	2.17262506484985
3.902854	0.0022500001359731	3.909092	2.25462508201599
3.925414	0.0020000000949949	3.931651	2.33125019073486
3.94797	-0.000750000006519258	3.954203	2.39500021934509
3.970526	0.00150000001303852	3.976758	2.4511251449585
3.993102	0.00125000008847564	3.999341	2.49662518501282
4.015678	0.00137500010896474	4.021929	2.53775000572205
4.038254	0.00450000027194619	4.044481	2.56987524032593
4.060809	0.00300000002607703	4.067041	2.59650015830994
4.083374	0.00137500010896474	4.089611	2.6175000667572
4.105931	-0.000625000044237822	4.112164	2.63437509536743
4.128488	0	4.134721	2.65487504005432
4.151046	0.0022500001359731	4.157279	2.66900014877319
4.173599	0.00325000006705523	4.179837	2.6855001449585
4.196158	0.00600000005215406	4.202392	2.7011251449585
4.218715	0.00912500079721212	4.224942	2.71800017356873
4.241264	0.00900000054389238	4.247497	2.73375010490417
4.263817	0.00937500037252903	4.270055	2.74912524223328
4.286375	0.00987500045448542	4.292612	2.76387524604797
4.308937	0.011875000782311	4.315169	2.77850008010864
4.331493	0.0126250004395843	4.337739	2.79362511634827
4.35406	0.0160000007599592	4.360297	2.81000018119812
4.376618	0.0180000010877848	4.38285	2.82400012016296
4.399174	0.0202500000596046	4.405406	2.83812522888184
4.421741	0.0203750003129244	4.427975	2.84912514686584
4.444295	0.0207500010728836	4.450532	2.85937523841858
4.466853	0.0208750013262033	4.473088	2.8683750629425
4.489416	0.023250000551343	4.495649	2.87750005722046
4.511968	0.0240000002086163	4.518221	2.88675022125244
4.534539	0.0256250016391277	4.540776	2.89687514305115
4.557094	0.0280000008642673	4.563328	2.90550017356873
4.579655	0.0306250005960464	4.585887	2.9143750667572
4.602221	0.0288750007748604	4.608459	2.92150020599365
4.624807	0.0296250022947788	4.631041	2.92737507820129
4.647385	0.0311250016093254	4.653623	2.93425011634827
4.669949	0.0310000013560057	4.676182	2.94100022315979
4.692509	0.0325000025331974	4.698747	2.94937515258789
4.715056	0.0341250002384186	4.721289	2.95812511444092
4.73761	0.0357500016689301	4.743843	2.96775007247925
4.760166	0.0361250005662441	4.766399	2.97637510299683
4.782722	0.0357500016689301	4.788955	2.98475003242493
4.805275	0.0366250015795231	4.811508	2.99350023269653
4.827832	0.0352500006556511	4.834064	3.00262522697449
4.850384	0.0391250029206276	4.856619	3.01250004768372
4.87294	0.0393750034272671	4.879178	3.02412509918213
4.895498	0.0412500016391277	4.901741	3.0373752117157
4.918061	0.0428750030696392	4.924294	3.05062508583069
4.940628	0.0461250022053719	4.946861	3.06212520599365
4.963183	0.0410000011324883	4.969415	3.07300019264221
4.985747	0.0436250008642673	4.991982	3.08462524414062
5.008308	0.0428750030696392	5.01454	3.09662508964539
5.030867	0.0456250011920929	5.037101	3.10875010490417
5.053421	0.0451250039041042	5.059658	3.12312507629395
5.075978	0.0472500026226044	5.082218	3.13600015640259
5.098542	0.049625001847744	5.104774	3.14925003051758
5.121102	0.0492500029504299	5.127345	3.16162514686584
5.143665	0.051000002771616	5.149902	3.17237520217896
5.166226	0.048250000923872	5.172458	3.18312525749207
5.188783	0.049125000834465	5.195015	3.1938750743866
5.211339	0.0498750023543835	5.217572	3.20512509346008
5.233891	0.0515000037848949	5.240128	3.21725010871887
5.256447	0.0520000010728836	5.262679	3.22812509536743
5.279003	0.053250003606081	5.285235	3.23900008201599
5.301561	0.052750002592802	5.307794	3.2480001449585
5.324116	0.0513750016689301	5.330353	3.25575017929077
5.346673	0.0525000020861626	5.352905	3.26437520980835
5.369229	0.0546250008046627	5.375462	3.27212524414062
5.391781	0.0536250025033951	5.398035	3.28137516975403
5.414354	0.0550000034272671	5.420592	3.28962516784668
5.436911	0.0570000037550926	5.443144	3.29887509346008
5.459469	0.0561250038444996	5.465701	3.30575013160706
5.482026	0.0565000027418137	5.488264	3.31250023841858
5.504587	0.0571250021457672	5.510824	3.31762504577637
5.527143	0.0568750016391277	5.533376	3.32350015640259
5.549702	0.0570000037550926	5.555934	3.32937526702881
5.572254	0.0588750019669533	5.578491	3.33612513542175
5.5948	0.0583750009536743	5.601032	3.34287524223328
5.617378	0.0606250017881393	5.623613	3.35000014305115
5.639926	0.0606250017881393	5.646154	3.35512518882751
5.66248	0.0598750039935112	5.668717	3.3591251373291
5.685036	0.0597500018775463	5.691274	3.36362504959106
5.7076	0.0601250045001507	5.713833	3.36712527275085
5.730157	0.0615000016987324	5.736389	3.37187504768372
5.752712	0.0618750043213367	5.75895	3.37675023078918
5.775269	0.0608750022947788	5.781506	3.38250017166138
5.797832	0.0645000040531158	5.804065	3.38837504386902
5.820388	0.0628750026226044	5.82662	3.39225006103516
5.842939	0.0631249994039536	5.849177	3.39487504959106
5.865495	0.0631249994039536	5.871742	3.39812517166138
5.888062	0.0625	5.894295	3.40137505531311
5.910623	0.0641250014305115	5.91685	3.40475010871887
5.933169	0.0638750046491623	5.939408	3.40962505340576
5.955728	0.0663750022649765	5.96196	3.4135000705719
5.978281	0.0661250054836273	5.984528	3.41825008392334
6.000855	0.0651250034570694	6.007087	3.42100024223328
6.023407	0.0655000060796738	6.02964	3.42275023460388
6.045964	0.0656250044703484	6.052197	3.42500019073486
6.068537	0.0655000060796738	6.07477	3.42737507820129
6.09109	0.0667500048875809	6.097322	3.43050026893616
6.113643	0.0663750022649765	6.119881	3.43425011634827
6.136201	0.0677500069141388	6.142433	3.43800020217896
6.158757	0.0681250020861626	6.164989	3.44137525558472
6.181315	0.0670000016689301	6.187549	3.44262504577637
6.203869	0.0671250000596046	6.210106	3.4447500705719
6.226425	0.0665000006556511	6.232658	3.44600009918213
6.248981	0.0678750053048134	6.255214	3.44812512397766
6.271539	0.068000003695488	6.277772	3.45100021362305
6.294092	0.0681250020861626	6.300325	3.45412516593933
6.316644	0.0706249997019768	6.322887	3.45762515068054
6.339212	0.0695000067353249	6.345444	3.45987510681152
6.361764	0.0682500004768372	6.367997	3.4610002040863
6.384317	0.0683750063180923	6.390554	3.46225023269653
6.406873	0.068000003695488	6.413105	3.46325016021729
6.42943	0.0686250030994415	6.435662	3.46462512016296
6.451981	0.0698750019073486	6.458219	3.46725010871887
6.474551	0.0688749998807907	6.480789	3.47050023078918
6.49711	0.0717500001192093	6.503343	3.47375011444092
6.519669	0.0705000013113022	6.525901	3.475750207901
6.542221	0.0692500025033951	6.548459	3.4768750667572
6.564777	0.0691250041127205	6.571015	3.47762513160706
6.587346	0.0691250041127205	6.593579	3.47825026512146
6.609902	0.0705000013113022	6.616159	3.47987508773804
6.632512	0.0738750025629997	6.638756	3.48262524604797
6.655092	0.0705000013113022	6.66133	3.48537516593933
6.677651	0.0715000033378601	6.683884	3.48850011825562
6.700205	0.0708750039339066	6.706438	3.49025011062622
6.722758	0.0701250061392784	6.728996	3.49037528038025
6.745315	0.0712500065565109	6.751553	3.49100017547607
6.767873	0.069750003516674	6.774106	3.49200010299683
6.790429	0.0713750049471855	6.796656	3.49400019645691
6.813	0.0716250017285347	6.819238	3.49650025367737
6.835559	0.0723750069737434	6.841792	3.50000023841858
6.858126	0.0753750056028366	6.86436	3.50200009346008
6.880679	0.0723750069737434	6.886911	3.50287508964539
6.903232	0.0768750011920929	6.909469	3.50387525558472
6.925788	0.0708750039339066	6.932021	3.50425004959106
6.948347	0.0713750049471855	6.954575	3.50487518310547
6.9709	0.0721250027418137	6.977132	3.50712513923645
6.99351	0.0723750069737434	6.999749	3.50962519645691
7.016071	0.0782500058412552	7.022304	3.51287508010864
7.038629	0.0768750011920929	7.044863	3.51475024223328
7.061189	0.0726250037550926	7.067422	3.51612520217896
7.083743	0.0716250017285347	7.089976	3.51675009727478
7.106296	0.0717500001192093	7.112535	3.51675009727478
7.128857	0.0720000043511391	7.13509	3.51812505722046
7.151412	0.0732500031590462	7.157645	3.52037525177002
7.173965	0.0731250047683716	7.180198	3.52250027656555
7.196516	0.075250007212162	7.202749	3.52537512779236
7.219089	0.0787500068545341	7.225322	3.52750015258789
7.241642	0.0743750035762787	7.247875	3.52812528610229
7.264196	0.0756250023841858	7.270433	3.52862524986267
7.286752	0.072500005364418	7.292996	3.52875018119812
7.309321	0.0745000019669533	7.315553	3.52975010871887
7.331872	0.0738750025629997	7.338119	3.53200006484985
7.354438	0.0732500031590462	7.360676	3.53500008583069
7.376995	0.0748750045895576	7.383228	3.53700017929077
7.399551	0.0748750045895576	7.405783	3.5391252040863
7.422131	0.0737500041723251	7.428369	3.5391252040863
7.44468	0.0726250037550926	7.450912	3.53875017166138
7.46725	0.0737500041723251	7.473483	3.53950023651123
7.489811	0.0737500041723251	7.496044	3.54062509536743
7.512365	0.0738750025629997	7.518602	3.54250025749207
7.534921	0.0741250067949295	7.541158	3.54500007629395
7.557479	0.0771250054240227	7.563711	3.54700016975403
7.580035	0.0756250023841858	7.586267	3.54837512969971
7.602625	0.0756250023841858	7.608857	3.54862523078918
7.625192	0.0747500061988831	7.631426	3.54812526702881
7.647757	0.0736250057816505	7.65399	3.54862523078918
7.670313	0.0745000019669533	7.676546	3.54987525939941
7.692865	0.0751250013709068	7.699103	3.55162525177002
7.71542	0.0753750056028366	7.721658	3.55437517166138
7.737977	0.0761250033974648	7.744209	3.55550026893616
7.760532	0.0760000050067902	7.766765	3.55600023269653
7.783089	0.075250007212162	7.789327	3.55687522888184
7.805658	0.0747500061988831	7.811891	3.55612516403198
7.828217	0.0750000029802322	7.83445	3.55650019645691
7.850774	0.0751250013709068	7.857006	3.55750012397766
7.873325	0.075250007212162	7.879562	3.55950021743774
7.895881	0.0765000060200691	7.902128	3.56175017356873
7.918446	0.0771250054240227	7.924678	3.5631251335144
7.941001	0.0750000029802322	7.947247	3.56387519836426
7.963565	0.0762500017881393	7.969797	3.56350016593933
7.986135	0.0736250057816505	7.992369	3.56300020217896
8.008705	0.0722500011324883	8.014938	3.56325006484985
8.031268	0.0753750056028366	8.037501	3.56450009346008
8.053822	0.0748750045895576	8.06006	3.56662511825562
8.076371	0.0767500028014183	8.082629	3.56800007820129
8.098955	0.0768750011920929	8.105187	3.56912517547607
8.121513	0.0758750066161156	8.127745	3.56912517547607
8.144064	0.0800000056624413	8.150301	3.56762528419495
8.166621	0.0760000050067902	8.17286	3.56875014305115
8.189183	0.0755000039935112	8.195416	3.56837511062622
8.211824	0.0753750056028366	8.218057	3.5697500705719
8.234377	0.075250007212162	8.240615	3.57237505912781
8.256942	0.0782500058412552	8.263175	3.57337522506714
8.279496	0.0762500017881393	8.285729	3.57425022125244
8.302044	0.0742500051856041	8.308277	3.57425022125244
8.324596	0.0748750045895576	8.330829	3.57337522506714
8.347164	0.0746250003576279	8.353396	3.57300019264221
8.369716	0.0756250023841858	8.375949	3.57337522506714
8.39227	0.075250007212162	8.398508	3.57450008392334
8.414827	0.0777500048279762	8.421065	3.57637524604797
8.437385	0.0773750022053719	8.443618	3.57775020599365
8.459943	0.0765000060200691	8.466176	3.57850027084351
8.482514	0.0758750066161156	8.488752	3.57750010490417
8.505073	0.0760000050067902	8.51131	3.5770001411438
8.527645	0.0748750045895576	8.533877	3.57687520980835
8.550202	0.0750000029802322	8.556429	3.57737517356873
8.572756	0.0756250023841858	8.578994	3.57900023460388
8.595315	0.0778750032186508	8.601552	3.58050012588501
8.617921	0.0793750062584877	8.624155	3.58175015449524
8.640482	0.0756250023841858	8.646715	3.58150005340576
8.66304	0.0762500017881393	8.669278	3.58012509346008
8.685599	0.0743750035762787	8.691838	3.58025026321411
8.708164	0.0761250033974648	8.714396	3.57987523078918
8.730737	0.0773750022053719	8.736969	3.58012509346008
8.753292	0.0770000070333481	8.759529	3.58225011825562
8.775851	0.0775000005960464	8.782084	3.58325028419495
8.798408	0.0783750042319298	8.80464	3.5845000743866
8.820966	0.0771250054240227	8.827199	3.58500027656555
8.843496	0.0765000060200691	8.849733	3.58325028419495
8.866052	0.0767500028014183	8.87228	3.58262515068054
8.888606	0.0756250023841858	8.894838	3.58250021934509
8.911162	0.0760000050067902	8.917395	3.58312511444092
8.933714	0.0766250044107437	8.939951	3.58487510681152
8.95627	0.0793750062584877	8.962505	3.5862500667572
8.978829	0.0818750038743019	8.98508	3.58687520027161
9.001426	0.0765000060200691	9.007659	3.58662509918213
9.023982	0.0753750056028366	9.03022	3.58562517166138
9.046542	0.0770000070333481	9.052775	3.58475017547607
9.069105	0.0762500017881393	9.075337	3.58475017547607
9.091662	0.0778750032186508	9.097895	3.58650016784668
9.114209	0.0762500017881393	9.120447	3.58725023269653
9.13677	0.0782500058412552	9.143002	3.58887505531311
9.159327	0.0770000070333481	9.16556	3.58925008773804
9.18188	0.0766250044107437	9.188118	3.58875012397766
9.204438	0.0760000050067902	9.210676	3.58737516403198
9.226995	0.0767500028014183	9.233228	3.5862500667572
9.249555	0.0765000060200691	9.255789	3.58675026893616
9.272119	0.0772500038146973	9.278351	3.58862519264221
9.294673	0.0780000016093254	9.300906	3.58950018882751
9.317248	0.078625001013279	9.323481	3.59137511253357
9.339802	0.0770000070333481	9.346035	3.59037518501282
9.362351	0.0767500028014183	9.368584	3.59025025367737
9.384903	0.0751250013709068	9.391141	3.58875012397766
9.407464	0.0775000005960464	9.413697	3.58812522888184
9.430022	0.0770000070333481	9.436254	3.58850026130676
9.452575	0.0765000060200691	9.458813	3.58975005149841
9.475134	0.0782500058412552	9.481366	3.59137511253357
9.49769	0.078625001013279	9.503922	3.59225010871887
9.520247	0.0767500028014183	9.526479	3.5923752784729
9.542798	0.0766250044107437	9.549036	3.59125018119812
9.565356	0.0762500017881393	9.571588	3.59050011634827
9.587928	0.0806250050663948	9.594156	3.58987522125244
9.610494	0.0772500038146973	9.616742	3.59000015258789
9.633066	0.0771250054240227	9.6393	3.59200024604797
9.655621	0.0785000026226044	9.661854	3.59300017356873
9.678176	0.0778750032186508	9.684408	3.59412527084351
9.700731	0.0772500038146973	9.706963	3.59400010108948
9.723285	0.0766250044107437	9.729522	3.59275007247925
9.745841	0.0757500007748604	9.752074	3.59162521362305
9.768401	0.0816250070929527	9.774633	3.59125018119812
9.790957	0.0773750022053719	9.79719	3.5923752784729
9.813512	0.0772500038146973	9.819749	3.59337520599365
9.836067	0.0790000036358833	9.8423	3.59512519836426
9.858624	0.0782500058412552	9.864857	3.59525012969971
9.88118	0.0777500048279762	9.887413	3.59412527084351
9.90373	0.0775000005960464	9.909968	3.59387516975403
9.926287	0.0771250054240227	9.932519	3.59250020980835
9.948843	0.0768750011920929	9.955075	3.5926251411438
9.971401	0.0777500048279762	9.977634	3.59337520599365
9.993984	0.0773750022053719	10.000222	3.59487509727478
10.016547	0.0787500068545341	10.022799	3.59587526321411
10.039125	0.0771250054240227	10.045357	3.59625005722046
10.061682	0.0802500024437904	10.067915	3.59512519836426
10.084237	0.0758750066161156	10.090475	3.59462523460388
10.106793	0.0767500028014183	10.113026	3.59387516975403
10.129351	0.0748750045895576	10.135583	3.59375023841858
10.151931	0.0773750022053719	10.158159	3.59512519836426
10.1745	0.0783750042319298	10.180737	3.59625005722046
10.197056	0.0791250020265579	10.203289	3.59725022315979
10.219614	0.0773750022053719	10.225847	3.59712505340576
10.242165	0.0778750032186508	10.248402	3.59612512588501
10.264721	0.0768750011920929	10.270959	3.59562516212463
10.287277	0.0760000050067902	10.29351	3.59537506103516
10.309833	0.0765000060200691	10.316066	3.59462523460388
10.332386	0.0777500048279762	10.33862	3.59662508964539
10.354943	0.0775000005960464	10.361175	3.59750008583069
10.377496	0.0773750022053719	10.383729	3.59837508201599
10.400055	0.0773750022053719	10.406287	3.59837508201599
10.422616	0.0765000060200691	10.428849	3.59700012207031
10.445164	0.0761250033974648	10.451397	3.59625005722046
10.467734	0.0765000060200691	10.473966	3.59562516212463
10.490288	0.0768750011920929	10.496521	3.59625005722046
10.512856	0.0775000005960464	10.519093	3.59712505340576
10.535411	0.0777500048279762	10.541643	3.59837508201599
10.557965	0.0790000036358833	10.564198	3.5998752117157
10.580523	0.078125	10.586755	3.5990002155304
10.603087	0.0770000070333481	10.609319	3.59850025177002
10.625659	0.0770000070333481	10.631893	3.59625005722046
10.648274	0.0772500038146973	10.654513	3.59687519073486
10.670839	0.0776250064373016	10.677072	3.59712505340576
10.693397	0.0770000070333481	10.699635	3.59850025177002
10.715972	0.0792500004172325	10.722219	3.60025024414062
10.738535	0.0811250060796738	10.744768	3.60000014305115
10.761094	0.0773750022053719	10.767344	3.59937524795532
10.783663	0.0771250054240227	10.789901	3.59850025177002
10.806221	0.0763750001788139	10.812453	3.59775018692017
10.828777	0.0770000070333481	10.835009	3.59762525558472
10.851333	0.0787500068545341	10.857566	3.59837508201599
10.873885	0.0767500028014183	10.880122	3.59962511062622
10.896443	0.0790000036358833	10.902675	3.600750207901
10.919014	0.078625001013279	10.925247	3.60112524032593
10.941565	0.0777500048279762	10.947798	3.60037517547607
10.964118	0.0772500038146973	10.970355	3.59912514686584
10.986702	0.0776250064373016	10.992941	3.59825015068054
11.009269	0.0773750022053719	11.015502	3.59787511825562
11.031843	0.0775000005960464	11.038076	3.59925007820129
11.054396	0.0795000046491623	11.060633	3.60087513923645
11.076952	0.0796250030398369	11.083185	3.60175013542175
11.09951	0.0823750048875809	11.105742	3.6016252040863
11.122068	0.0773750022053719	11.128306	3.60050010681152
11.144626	0.0775000005960464	11.150863	3.59962511062622
11.167185	0.0765000060200691	11.173418	3.59875011444092
11.189741	0.0785000026226044	11.195969	3.59962511062622
11.212292	0.0772500038146973	11.21853	3.6001250743866
11.23485	0.0780000016093254	11.241087	3.6018750667572
11.257406	0.0788750052452087	11.263638	3.60212516784668
11.279963	0.0773750022053719	11.286195	3.60200023651123
11.302517	0.0770000070333481	11.308755	3.60112524032593
11.325086	0.0765000060200691	11.331323	3.6001250743866
11.347645	0.0763750001788139	11.353879	3.59950017929077
11.370205	0.0792500004172325	11.376438	3.6001250743866
11.392757	0.0777500048279762	11.398995	3.60087513923645
11.415315	0.0782500058412552	11.421552	3.60237526893616
11.437871	0.0790000036358833	11.444104	3.60300016403198
11.460428	0.0775000005960464	11.466661	3.6027500629425
11.483012	0.0780000016093254	11.489251	3.60175013542175
11.505576	0.0767500028014183	11.511809	3.60062527656555
11.52813	0.0780000016093254	11.534368	3.60037517547607
11.550692	0.0766250044107437	11.556924	3.60112524032593
11.573247	0.0773750022053719	11.57948	3.60200023651123
11.595792	0.0782500058412552	11.602019	3.60362505912781
11.618364	0.078125	11.624598	3.60400009155273
11.64092	0.0780000016093254	11.647148	3.60337519645691
11.663476	0.0785000026226044	11.669713	3.6018750667572
11.686036	0.0766250044107437	11.69227	3.6010000705719
11.708595	0.0757500007748604	11.714827	3.60050010681152
11.731153	0.0780000016093254	11.737386	3.6016252040863
11.753705	0.0778750032186508	11.759942	3.60287523269653
11.776261	0.0805000066757202	11.782506	3.60375022888184
11.79883	0.0782500058412552	11.805063	3.60400009155273
11.821402	0.0775000005960464	11.827638	3.60312509536743
11.843969	0.0775000005960464	11.850205	3.60200023651123
11.866533	0.0763750001788139	11.872766	3.6016252040863
11.889087	0.0775000005960464	11.895325	3.6016252040863
11.911663	0.0767500028014183	11.917897	3.6027500629425
11.93422	0.0782500058412552	11.940453	3.60362505912781
11.956786	0.0788750052452087	11.963019	3.60462522506714
11.979344	0.0773750022053719	11.985596	3.60412526130676
12.001939	0.0783750042319298	12.008172	3.60350012779236
12.024499	0.0773750022053719	12.030736	3.6027500629425
12.047057	0.0773750022053719	12.053289	3.60200023651123
12.069617	0.0768750011920929	12.075849	3.60225009918213
12.09217	0.0772500038146973	12.098408	3.60337519645691
12.114727	0.0793750062584877	12.120964	3.60462522506714
12.137284	0.0791250020265579	12.143517	3.60537528991699
12.159838	0.0773750022053719	12.166071	3.60525012016296
12.182391	0.0776250064373016	12.188628	3.60450005531311
12.204948	0.0765000060200691	12.211186	3.60262513160706
12.22752	0.0796250030398369	12.233748	3.60200023651123
12.250071	0.0776250064373016	12.256303	3.60312509536743
12.272624	0.0773750022053719	12.278862	3.60450005531311
12.295182	0.0795000046491623	12.30142	3.60475015640259
12.317743	0.0783750042319298	12.323975	3.60537528991699
12.340299	0.0777500048279762	12.346531	3.60525012016296
12.362851	0.0777500048279762	12.369088	3.60362505912781
12.385407	0.0813750028610229	12.391644	3.60287523269653
12.407963	0.0742500051856041	12.414196	3.6027500629425
12.430534	0.0780000016093254	12.436766	3.60337519645691
12.45309	0.0766250044107437	12.459322	3.60475015640259
12.475642	0.0791250020265579	12.48188	3.60562515258789
12.498225	0.078625001013279	12.504457	3.60625028610229
12.520784	0.0791250020265579	12.527016	3.60550022125244
12.543336	0.0776250064373016	12.549574	3.60387516021729
12.565893	0.0766250044107437	12.572127	3.60337519645691
12.588452	0.0773750022053719	12.594691	3.60337519645691
12.611035	0.0785000026226044	12.617289	3.60350012779236
12.633615	0.0777500048279762	12.639854	3.60562515258789
12.656175	0.0815000012516975	12.662429	3.60612511634827
12.678753	0.0777500048279762	12.684986	3.60625028610229
12.701307	0.0775000005960464	12.707545	3.60537528991699
12.723865	0.0765000060200691	12.730098	3.60425019264221
12.746422	0.0771250054240227	12.752655	3.60337519645691
12.768993	0.0765000060200691	12.775225	3.60412526130676
12.791545	0.078125	12.797778	3.60475015640259
12.814096	0.0782500058412552	12.820334	3.60637521743774
12.836653	0.0816250070929527	12.842888	3.60700011253357
12.859212	0.0806250050663948	12.865444	3.60637521743774
12.881763	0.0777500048279762	12.887996	3.60525012016296
12.904314	0.0771250054240227	12.910551	3.60450005531311
12.92687	0.0773750022053719	12.933102	3.60412526130676
12.949428	0.0783750042319298	12.955661	3.60437512397766
12.97198	0.0777500048279762	12.978217	3.60562515258789
12.99456	0.0800000056624413	13.000798	3.60637521743774
13.017118	0.0795000046491623	13.023351	3.60725021362305
13.039669	0.0773750022053719	13.045901	3.60700011253357
13.062222	0.0770000070333481	13.068459	3.60475015640259
13.084779	0.0747500061988831	13.091017	3.60437512397766
13.107345	0.0738750025629997	13.113578	3.60387516021729
13.129908	0.0782500058412552	13.136141	3.60450005531311
13.152461	0.0780000016093254	13.158699	3.60587525367737
13.175019	0.0797500014305115	13.181256	3.6071252822876
13.197568	0.0795000046491623	13.203807	3.60750007629395
13.220127	0.0776250064373016	13.226359	3.60700011253357
13.242679	0.0776250064373016	13.248916	3.60587525367737
13.265235	0.0798750072717667	13.271472	3.60475015640259
13.287794	0.0773750022053719	13.294026	3.60437512397766
13.310351	0.078125	13.316584	3.60475015640259
13.332918	0.0776250064373016	13.339155	3.60675024986267
13.355475	0.0782500058412552	13.361707	3.60725021362305
13.378032	0.0785000026226044	13.384264	3.60750007629395
13.400589	0.0775000005960464	13.406821	3.6071252822876
13.42314	0.0773750022053719	13.429378	3.60587525367737
13.445697	0.0768750011920929	13.451929	3.60500025749207
13.468254	0.0783750042319298	13.474487	3.60475015640259
13.490814	0.0775000005960464	13.497046	3.60550022125244
13.513388	0.0775000005960464	13.519626	3.60700011253357
13.535948	0.0791250020265579	13.542181	3.60750007629395
13.558505	0.0772500038146973	13.564737	3.6080002784729
13.581062	0.078125	13.587295	3.60700011253357
13.603617	0.0766250044107437	13.609849	3.60550022125244
13.626189	0.0760000050067902	13.632426	3.60512518882751
13.648749	0.0771250054240227	13.654982	3.60450005531311
13.671308	0.0770000070333481	13.677552	3.60637521743774
13.693886	0.0777500048279762	13.700119	3.60775017738342
13.71644	0.0787500068545341	13.722679	3.6080002784729
13.739004	0.0778750032186508	13.745236	3.6082501411438
13.761558	0.0780000016093254	13.767793	3.60687518119812
13.784114	0.0763750001788139	13.790347	3.60550022125244
13.806658	0.0775000005960464	13.812897	3.60500025749207
13.829232	0.0768750011920929	13.835464	3.60525012016296
13.851783	0.0778750032186508	13.858032	3.60600018501282
13.874351	0.0791250020265579	13.880588	3.60787510871887
13.896907	0.0797500014305115	13.903141	3.60850024223328
13.919461	0.0778750032186508	13.925693	3.60850024223328
13.942021	0.078125	13.948258	3.60687518119812
13.964577	0.0757500007748604	13.970815	3.60575008392334
13.987158	0.0773750022053719	13.993391	3.60512518882751
14.00973	0.0780000016093254	14.015963	3.60550022125244
14.032294	0.0783750042319298	14.038532	3.60725021362305
14.054851	0.078625001013279	14.061089	3.6082501411438
14.077411	0.0773750022053719	14.083644	3.60875010490417
14.099969	0.0768750011920929	14.106202	3.60762524604797
14.122523	0.0767500028014183	14.12876	3.60675024986267
14.14508	0.0765000060200691	14.151318	3.60537528991699
14.167638	0.0776250064373016	14.17387	3.60525012016296
14.190194	0.0768750011920929	14.196426	3.60625028610229
14.212742	0.0773750022053719	14.218979	3.60750007629395
14.23529	0.0792500004172325	14.241528	3.60900020599365
14.257864	0.0783750042319298	14.264096	3.60900020599365
14.280412	0.0778750032186508	14.286645	3.6073751449585
14.302987	0.0782500058412552	14.309225	3.60687518119812
14.325547	0.0765000060200691	14.331784	3.60637521743774
14.348119	0.0772500038146973	14.354351	3.60562515258789
14.370676	0.0782500058412552	14.376909	3.60687518119812
14.393229	0.0783750042319298	14.399466	3.60787510871887
14.415785	0.0806250050663948	14.422019	3.60862517356873
14.438344	0.0773750022053719	14.444577	3.60862517356873
14.4609	0.0778750032186508	14.467133	3.60775017738342
14.483482	0.0743750035762787	14.48972	3.60687518119812
14.50604	0.0761250033974648	14.512273	3.60637521743774
14.528598	0.078125	14.534831	3.60625028610229
14.551156	0.0780000016093254	14.557388	3.60700011253357
14.573707	0.0801250040531158	14.579945	3.60850024223328
14.596265	0.0833750069141388	14.602505	3.60900020599365
14.618846	0.0787500068545341	14.625079	3.6091251373291
14.641409	0.0776250064373016	14.647654	3.60775017738342
14.663983	0.0790000036358833	14.670221	3.60687518119812
14.686541	0.0785000026226044	14.692774	3.60625028610229
14.7091	0.0772500038146973	14.715333	3.60575008392334
14.731658	0.0773750022053719	14.737891	3.6073751449585
14.75421	0.0795000046491623	14.760448	3.60850024223328
14.776767	0.0791250020265579	14.783001	3.60925006866455
14.799324	0.0771250054240227	14.805557	3.6080002784729
14.821889	0.078125	14.828128	3.60762524604797
14.844449	0.0772500038146973	14.850681	3.60625028610229
14.867002	0.0771250054240227	14.873235	3.60612511634827
14.889559	0.078625001013279	14.895792	3.60687518119812
14.91212	0.0772500038146973	14.918354	3.60762524604797
14.934665	0.0798750072717667	14.940898	3.60925006866455
14.957219	0.0787500068545341	14.963477	3.60962510108948
14.979805	0.0777500048279762	14.986056	3.60875010490417
15.00243	0.0771250054240227	15.008663	3.6073751449585
15.02499	0.0768750011920929	15.031228	3.60612511634827
15.047549	0.0777500048279762	15.053782	3.60612511634827
15.070106	0.0772500038146973	15.076339	3.60637521743774
15.092658	0.0776250064373016	15.098896	3.6080002784729
15.115206	0.0800000056624413	15.121439	3.60950016975403
15.13776	0.078625001013279	15.143993	3.60950016975403
15.160322	0.0782500058412552	15.166554	3.60850024223328
15.18289	0.0790000036358833	15.189127	3.60775017738342
15.205449	0.0772500038146973	15.211686	3.60675024986267
15.228006	0.0775000005960464	15.234239	3.60625028610229
15.250564	0.0778750032186508	15.256796	3.60750007629395
15.273111	0.0777500048279762	15.279349	3.60850024223328
15.29567	0.0797500014305115	15.301903	3.60987520217896
15.318228	0.0783750042319298	15.324461	3.60925006866455
15.340785	0.0782500058412552	15.347018	3.60862517356873
15.363341	0.078125	15.369578	3.60775017738342
15.385898	0.0768750011920929	15.392131	3.60662508010864
15.408457	0.0783750042319298	15.41469	3.60675024986267
15.431014	0.0772500038146973	15.437253	3.60812520980835
15.453572	0.0790000036358833	15.459809	3.6088752746582
15.476128	0.0802500024437904	15.482367	3.6100001335144
15.498694	0.0825000032782555	15.504927	3.60950016975403
15.521251	0.078625001013279	15.527485	3.6088752746582
15.543806	0.0775000005960464	15.550043	3.60662508010864
15.566369	0.0765000060200691	15.572612	3.60650014877319
15.58895	0.0777500048279762	15.595178	3.60662508010864
15.611524	0.0775000005960464	15.617783	3.60762524604797
15.634112	0.0793750062584877	15.640345	3.60975027084351
15.656669	0.0788750052452087	15.662901	3.60975027084351
15.679225	0.0787500068545341	15.685458	3.60937523841858
15.701778	0.0785000026226044	15.708038	3.60875010490417
15.724358	0.0771250054240227	15.730595	3.60700011253357
15.746913	0.0768750011920929	15.753146	3.60687518119812
15.769471	0.0777500048279762	15.775703	3.6071252822876
15.792022	0.078125	15.79826	3.6082501411438
15.814595	0.0797500014305115	15.820832	3.60950016975403
15.837143	0.0780000016093254	15.843379	3.61012506484985
15.859704	0.0771250054240227	15.865937	3.60962510108948
15.882257	0.078125	15.888494	3.60775017738342
15.904814	0.0755000039935112	15.911051	3.60725021362305
15.927372	0.0768750011920929	15.933604	3.6073751449585
15.949928	0.0767500028014183	15.956161	3.6073751449585
15.97248	0.078625001013279	15.978717	3.60900020599365
15.995064	0.0792500004172325	16.001303	3.60962510108948
16.017637	0.0788750052452087	16.023876	3.60987520217896
16.040197	0.0776250064373016	16.046429	3.60900020599365
16.062753	0.078125	16.068991	3.60750007629395
16.085317	0.0770000070333481	16.09155	3.60675024986267
16.107867	0.0780000016093254	16.1141	3.60687518119812
16.130417	0.0785000026226044	16.13665	3.60762524604797
16.152994	0.0777500048279762	16.159231	3.60925006866455
16.175554	0.0788750052452087	16.181786	3.60987520217896
16.198118	0.0785000026226044	16.204351	3.60925006866455
16.220677	0.0782500058412552	16.226909	3.6091251373291
16.243229	0.0791250020265579	16.249467	3.6080002784729
16.265787	0.0767500028014183	16.27202	3.6073751449585
16.288344	0.0775000005960464	16.294576	3.6071252822876
16.310901	0.078625001013279	16.317128	3.60837507247925
16.333476	0.0783750042319298	16.339713	3.60962510108948
16.356045	0.0842500030994415	16.362278	3.61025023460388
16.378598	0.0783750042319298	16.38483	3.60975027084351
16.401151	0.0785000026226044	16.407385	3.60900020599365
16.423705	0.0766250044107437	16.429943	3.60762524604797
16.446261	0.0776250064373016	16.452506	3.60700011253357
16.46883	0.0791250020265579	16.475062	3.60750007629395
16.491388	0.0783750042319298	16.497636	3.60862517356873
16.513955	0.080875001847744	16.520193	3.6100001335144
16.536515	0.0800000056624413	16.542748	3.60962510108948
16.559073	0.0782500058412552	16.5653	3.60987520217896
16.581626	0.078125	16.587859	3.60850024223328
16.604176	0.0772500038146973	16.610409	3.60725021362305
16.626754	0.0768750011920929	16.633006	3.60675024986267
16.649342	0.0797500014305115	16.655575	3.60775017738342
16.671896	0.080375000834465	16.678129	3.60962510108948
16.694458	0.0800000056624413	16.700695	3.60987520217896
16.717029	0.0761250033974648	16.723286	3.61025023460388
16.739607	0.0806250050663948	16.745839	3.61012506484985
16.762159	0.0785000026226044	16.768397	3.60875010490417
16.784716	0.0763750001788139	16.790953	3.60762524604797
16.807273	0.0772500038146973	16.813507	3.60725021362305
16.82983	0.078125	16.836062	3.6080002784729
16.852383	0.0777500048279762	16.85862	3.60962510108948
16.874939	0.0787500068545341	16.881176	3.61037516593933
16.897498	0.0787500068545341	16.903731	3.61025023460388
16.920056	0.0773750022053719	16.926288	3.60987520217896
16.942613	0.0772500038146973	16.948851	3.6091251373291
16.96517	0.0768750011920929	16.971408	3.60762524604797
16.98775	0.0772500038146973	16.993984	3.60762524604797
17.010309	0.0776250064373016	17.016541	3.60837507247925
17.03286	0.0791250020265579	17.039099	3.60975027084351
17.055419	0.0792500004172325	17.061657	3.61062526702881
17.077983	0.0782500058412552	17.084217	3.61050009727478
17.10054	0.0773750022053719	17.106773	3.60975027084351
17.1231	0.0776250064373016	17.129333	3.60787510871887
17.145653	0.0768750011920929	17.151886	3.60750007629395
17.168228	0.0780000016093254	17.17446	3.60787510871887
17.190781	0.0776250064373016	17.197008	3.60900020599365
17.213329	0.0793750062584877	17.219562	3.6100001335144
17.235882	0.0797500014305115	17.242131	3.61050009727478
17.25847	0.0768750011920929	17.264702	3.61037516593933
17.281021	0.0775000005960464	17.287256	3.60862517356873
17.303574	0.0775000005960464	17.309812	3.6082501411438
17.326132	0.0775000005960464	17.332365	3.60750007629395
17.34869	0.0778750032186508	17.354917	3.60812520980835
17.371244	0.0780000016093254	17.377476	3.60875010490417
17.393796	0.0801250040531158	17.400034	3.61012506484985
17.416352	0.0797500014305115	17.422609	3.61075019836426
17.438929	0.0785000026226044	17.445162	3.61087512969971
17.461482	0.0783750042319298	17.467738	3.6088752746582
17.484076	0.0766250044107437	17.490314	3.6082501411438
17.506634	0.0776250064373016	17.512866	3.60812520980835
17.529193	0.0772500038146973	17.535426	3.6082501411438
17.551745	0.0776250064373016	17.557978	3.60962510108948
17.574297	0.0798750072717667	17.580535	3.61037516593933
17.596845	0.0793750062584877	17.603094	3.61112523078918
17.619437	0.0777500048279762	17.625671	3.61025023460388
17.64199	0.0772500038146973	17.648254	3.6088752746582
17.66458	0.0773750022053719	17.670817	3.60812520980835
17.687137	0.0776250064373016	17.693374	3.6080002784729
17.709703	0.0776250064373016	17.715935	3.60850024223328
17.732256	0.0777500048279762	17.738494	3.60975027084351
17.754814	0.0790000036358833	17.761053	3.6100001335144
17.777373	0.0783750042319298	17.783606	3.61062526702881
17.799931	0.0772500038146973	17.806163	3.61025023460388
17.822483	0.0763750001788139	17.82872	3.60862517356873
17.845043	0.0772500038146973	17.851281	3.60762524604797
17.867599	0.0772500038146973	17.873832	3.60750007629395
17.890159	0.0775000005960464	17.896391	3.6088752746582
17.912712	0.0792500004172325	17.918944	3.6100001335144
17.935266	0.0787500068545341	17.941504	3.61075019836426
17.957833	0.0777500048279762	17.964065	3.61112523078918
17.980391	0.0778750032186508	17.986629	3.60937523841858
18.002952	0.0768750011920929	18.009189	3.6082501411438
18.025509	0.0768750011920929	18.031742	3.60787510871887
18.048065	0.0780000016093254	18.054298	3.6080002784729
18.070623	0.0788750052452087	18.076855	3.60937523841858
18.093177	0.0787500068545341	18.099415	3.61012506484985
18.115734	0.0798750072717667	18.121967	3.61100006103516
18.138292	0.0783750042319298	18.144524	3.61075019836426
18.160849	0.0783750042319298	18.167081	3.60900020599365
18.183401	0.0776250064373016	18.189638	3.60850024223328
18.205958	0.0777500048279762	18.212191	3.60812520980835
18.228518	0.0783750042319298	18.234751	3.60837507247925
18.251072	0.0787500068545341	18.257305	3.60950016975403
18.273629	0.0791250020265579	18.279861	3.61062526702881
18.296181	0.0778750032186508	18.302422	3.61137509346008
18.318743	0.0787500068545341	18.324975	3.61075019836426
18.341296	0.0815000012516975	18.347543	3.60937523841858
18.363862	0.0783750042319298	18.370096	3.60875010490417
18.38642	0.078125	18.392648	3.60787510871887
18.408975	0.0778750032186508	18.415208	3.60850024223328
18.431531	0.0775000005960464	18.437764	3.60975027084351
18.454083	0.0788750052452087	18.46032	3.61112523078918
18.476631	0.0795000046491623	18.482869	3.61150026321411
18.499195	0.0771250054240227	18.505427	3.61037516593933
18.521745	0.0811250060796738	18.527978	3.60925006866455
18.544298	0.0773750022053719	18.550535	3.6082501411438
18.566855	0.0782500058412552	18.573088	3.6082501411438
18.589425	0.0763750001788139	18.595658	3.60937523841858
18.611997	0.080375000834465	18.618317	3.60987520217896
18.634655	0.080875001847744	18.6409	3.61125016212463
18.657252	0.0785000026226044	18.663485	3.61112523078918
18.679813	0.0795000046491623	18.686046	3.60975027084351
18.702366	0.0775000005960464	18.708604	3.60950016975403
18.724923	0.0776250064373016	18.731161	3.60837507247925
18.74748	0.0772500038146973	18.753713	3.6080002784729
18.770043	0.0828750059008598	18.776275	3.6091251373291
18.792615	0.080875001847744	18.798853	3.61062526702881
18.815174	0.0816250070929527	18.821412	3.61125016212463
18.837742	0.0775000005960464	18.843976	3.61125016212463
18.8603	0.0791250020265579	18.866532	3.60975027084351
18.882851	0.0777500048279762	18.889089	3.60900020599365
18.905408	0.0780000016093254	18.911645	3.60787510871887
18.927963	0.0793750062584877	18.934196	3.6082501411438
18.950523	0.0770000070333481	18.956755	3.60962510108948
18.973089	0.0791250020265579	18.979327	3.61112523078918
18.995669	0.0791250020265579	19.001902	3.61150026321411
19.018232	0.0778750032186508	19.024464	3.61087512969971
19.040788	0.0783750042319298	19.047021	3.60962510108948
19.06334	0.0775000005960464	19.069578	3.60862517356873
19.085896	0.0775000005960464	19.092129	3.6082501411438
19.108454	0.0782500058412552	19.114686	3.60862517356873
19.131011	0.0780000016093254	19.137252	3.61012506484985
19.153571	0.0798750072717667	19.159809	3.61112523078918
19.176143	0.0791250020265579	19.182375	3.61125016212463
19.198699	0.0791250020265579	19.204926	3.61037516593933
19.221253	0.0788750052452087	19.227487	3.60962510108948
19.243807	0.0782500058412552	19.250044	3.60862517356873
19.266364	0.0782500058412552	19.272606	3.60862517356873
19.288931	0.0778750032186508	19.295163	3.60900020599365
19.311487	0.0801250040531158	19.317733	3.61037516593933
19.334059	0.0797500014305115	19.340292	3.61125016212463
19.356614	0.0790000036358833	19.362847	3.61162519454956
19.379169	0.0775000005960464	19.385402	3.61050009727478
19.401742	0.0796250030398369	19.407975	3.60937523841858
19.424298	0.0763750001788139	19.43053	3.6082501411438
19.446853	0.0785000026226044	19.453087	3.60862517356873
19.469408	0.0771250054240227	19.47564	3.60862517356873
19.491963	0.0770000070333481	19.498221	3.61050009727478
19.514554	0.0793750062584877	19.520792	3.61175012588501
19.537113	0.0785000026226044	19.543346	3.61062526702881
19.559669	0.0791250020265579	19.565902	3.61012506484985
19.582222	0.0778750032186508	19.588459	3.60900020599365
19.604779	0.0760000050067902	19.61103	3.60850024223328
19.627364	0.0777500048279762	19.633598	3.60875010490417
19.649914	0.0775000005960464	19.656146	3.60937523841858
19.672466	0.0801250040531158	19.678703	3.61087512969971
19.69504	0.0805000066757202	19.701278	3.61175012588501
19.717598	0.0777500048279762	19.723825	3.61025023460388
19.740151	0.0785000026226044	19.746384	3.61025023460388
19.762706	0.0772500038146973	19.768943	3.60862517356873
19.785263	0.078125	19.7915	3.60875010490417
19.807832	0.0807500034570694	19.814064	3.60775017738342
19.830389	0.0768750011920929	19.836621	3.61012506484985
19.85294	0.0792500004172325	19.859178	3.61112523078918
19.87551	0.0796250030398369	19.881743	3.61150026321411
19.898052	0.0773750022053719	19.904285	3.61062526702881
19.920609	0.0780000016093254	19.926842	3.61012506484985
19.943162	0.0776250064373016	19.949399	3.6088752746582
19.965719	0.0793750062584877	19.971952	3.60837507247925
19.988294	0.0773750022053719	19.994523	3.60875010490417
20.01087	0.0780000016093254	20.017108	3.60987520217896
20.033452	0.0797500014305115	20.039689	3.61137509346008
20.056009	0.0787500068545341	20.062242	3.61175012588501
20.078568	0.0810000002384186	20.084801	3.61112523078918
20.101125	0.0778750032186508	20.107359	3.60975027084351
20.123678	0.0776250064373016	20.129916	3.60937523841858
20.146236	0.0763750001788139	20.152469	3.60862517356873
20.168794	0.0771250054240227	20.175026	3.60937523841858
20.191351	0.0772500038146973	20.197584	3.60987520217896
20.213917	0.0793750062584877	20.220154	3.61162519454956
20.236515	0.0783750042319298	20.242786	3.61150026321411
20.259164	0.078125	20.265429	3.61062526702881
20.281816	0.0771250054240227	20.288123	3.60900020599365
20.304472	0.0772500038146973	20.310706	3.60900020599365
20.32702	0.0775000005960464	20.333259	3.6082501411438
20.349584	0.0767500028014183	20.355817	3.60937523841858
20.372146	0.0790000036358833	20.378379	3.61087512969971
20.394701	0.0790000036358833	20.400933	3.61162519454956
20.417258	0.0776250064373016	20.42349	3.61150026321411
20.439814	0.0772500038146973	20.446047	3.60987520217896
20.462374	0.0766250044107437	20.468607	3.60937523841858
20.484933	0.0755000039935112	20.491166	3.60850024223328
20.507492	0.0776250064373016	20.513726	3.60875010490417
20.530066	0.0780000016093254	20.536299	3.61050009727478
20.552618	0.0796250030398369	20.558857	3.61125016212463
20.575182	0.0795000046491623	20.581419	3.61250019073486
20.597742	0.0778750032186508	20.603974	3.61187505722046
20.620326	0.0782500058412552	20.62656	3.61012506484985
20.64292	0.0790000036358833	20.649159	3.60925006866455
20.66548	0.0790000036358833	20.671714	3.60875010490417
20.688033	0.0780000016093254	20.694266	3.6091251373291
20.710598	0.0766250044107437	20.71683	3.61037516593933
20.733149	0.0791250020265579	20.739387	3.61137509346008
20.755708	0.0791250020265579	20.761941	3.61200022697449
20.778265	0.0776250064373016	20.784498	3.61125016212463
20.80082	0.0813750028610229	20.807053	3.60987520217896
20.823376	0.0765000060200691	20.829614	3.60937523841858
20.845932	0.0777500048279762	20.852165	3.60862517356873
20.868489	0.0771250054240227	20.874721	3.60962510108948
20.891044	0.0776250064373016	20.897277	3.61087512969971
20.91361	0.0793750062584877	20.919847	3.61175012588501
20.936166	0.0800000056624413	20.942414	3.61200022697449
20.958739	0.0778750032186508	20.964971	3.61125016212463
20.981296	0.0773750022053719	20.987553	3.60987520217896
21.003896	0.0768750011920929	21.010134	3.60862517356873
21.026455	0.080375000834465	21.032708	3.60875010490417
21.049035	0.0773750022053719	21.055268	3.60975027084351
21.071594	0.0791250020265579	21.07783	3.61112523078918
21.094166	0.0801250040531158	21.100404	3.61250019073486
21.116724	0.0777500048279762	21.122956	3.61187505722046
21.139284	0.0787500068545341	21.145518	3.61075019836426
21.161838	0.0783750042319298	21.168072	3.60975027084351
21.184391	0.0775000005960464	21.190629	3.60950016975403
21.206949	0.078625001013279	21.213182	3.6088752746582
21.229506	0.0775000005960464	21.235738	3.60962510108948
21.252058	0.0788750052452087	21.258295	3.61112523078918
21.274615	0.0796250030398369	21.280847	3.61162519454956
21.29718	0.0782500058412552	21.303413	3.61187505722046
21.319738	0.0775000005960464	21.32597	3.61100006103516
21.34229	0.0734999999403954	21.348528	3.60937523841858
21.364848	0.0773750022053719	21.371086	3.60875010490417
21.387407	0.0777500048279762	21.393641	3.60875010490417
21.409965	0.0776250064373016	21.416197	3.61025023460388
21.432517	0.0806250050663948	21.438755	3.61150026321411
21.455075	0.0788750052452087	21.461312	3.61200022697449
21.477633	0.078125	21.483871	3.61225008964539
21.500199	0.0812500044703484	21.506432	3.61087512969971
21.522754	0.0778750032186508	21.528992	3.60925006866455
21.545314	0.0766250044107437	21.551551	3.60900020599365
21.567877	0.0777500048279762	21.57411	3.60937523841858
21.590437	0.0773750022053719	21.596665	3.61062526702881
21.613022	0.0798750072717667	21.619258	3.61212515830994
21.63558	0.0782500058412552	21.641807	3.61200022697449
21.658136	0.0778750032186508	21.664369	3.61100006103516
21.680693	0.078125	21.686926	3.6100001335144
21.703249	0.0772500038146973	21.709486	3.60900020599365
21.725807	0.0775000005960464	21.732039	3.60875010490417
21.748364	0.0783750042319298	21.754596	3.6100001335144
21.770919	0.0776250064373016	21.777152	3.61087512969971
21.793474	0.0792500004172325	21.799706	3.61200022697449
21.816023	0.0793750062584877	21.822257	3.61200022697449
21.83858	0.0757500007748604	21.844813	3.61075019836426
21.861152	0.0772500038146973	21.867385	3.61025023460388
21.883704	0.0767500028014183	21.889941	3.6088752746582
21.90626	0.0780000016093254	21.912506	3.60925006866455
21.928829	0.078125	21.935062	3.61050009727478
21.951385	0.0780000016093254	21.95763	3.61125016212463
21.973948	0.0798750072717667	21.980186	3.61212515830994
21.996531	0.078125	22.002765	3.61212515830994
22.019088	0.0778750032186508	22.02532	3.61137509346008
22.041645	0.0733750015497208	22.047879	3.61012506484985
22.064202	0.0778750032186508	22.07044	3.60875010490417
22.086785	0.0776250064373016	22.093025	3.60925006866455
22.109356	0.0766250044107437	22.115589	3.61025023460388
22.13193	0.0775000005960464	22.138165	3.61137509346008
22.154487	0.0791250020265579	22.16072	3.61200022697449
22.177056	0.0776250064373016	22.183304	3.61175012588501
22.19963	0.0780000016093254	22.205863	3.61062526702881
22.222182	0.0776250064373016	22.22842	3.60900020599365
22.244744	0.0775000005960464	22.250981	3.60862517356873
22.2673	0.0773750022053719	22.273533	3.60987520217896
22.289858	0.0776250064373016	22.296092	3.61075019836426
22.312418	0.0788750052452087	22.318655	3.61187505722046
22.334973	0.0785000026226044	22.341212	3.61250019073486
22.357545	0.0778750032186508	22.363778	3.61187505722046
22.380097	0.0785000026226044	22.386329	3.61100006103516
22.40265	0.0775000005960464	22.408887	3.60937523841858
22.425206	0.0770000070333481	22.431444	3.60900020599365
22.447778	0.078125	22.45401	3.60975027084351
22.470334	0.078125	22.476561	3.61050009727478
22.49289	0.0795000046491623	22.499127	3.61250019073486
22.515446	0.0795000046491623	22.521682	3.61275005340576
22.538004	0.0783750042319298	22.544237	3.61087512969971
22.560557	0.0776250064373016	22.56679	3.61050009727478
22.58311	0.0766250044107437	22.589347	3.60925006866455
22.605666	0.0776250064373016	22.611928	3.6091251373291
22.628264	0.0766250044107437	22.634493	3.61012506484985
22.650833	0.0778750032186508	22.657066	3.61112523078918
22.673391	0.0838750004768372	22.679623	3.61237525939941
22.695946	0.0782500058412552	22.70218	3.61225008964539
22.718501	0.0795000046491623	22.724734	3.61125016212463
22.741052	0.0787500068545341	22.747285	3.61050009727478
22.763604	0.0761250033974648	22.769841	3.60900020599365
22.786176	0.0771250054240227	22.792418	3.60900020599365
22.808737	0.0771250054240227	22.814969	3.61062526702881
22.831296	0.0785000026226044	22.837543	3.61175012588501
22.853861	0.0798750072717667	22.860099	3.61237525939941
22.87642	0.0802500024437904	22.882652	3.61175012588501
22.898976	0.0765000060200691	22.905209	3.61150026321411
22.921532	0.0780000016093254	22.927765	3.60937523841858
22.944083	0.0782500058412552	22.95032	3.60987520217896
22.966638	0.0780000016093254	22.972888	3.60950016975403
22.989231	0.078625001013279	22.995465	3.61075019836426
23.011787	0.0787500068545341	23.018028	3.61237525939941
23.034352	0.0783750042319298	23.040589	3.61200022697449
23.056908	0.078625001013279	23.063141	3.61237525939941
23.079466	0.0773750022053719	23.085698	3.61162519454956
23.102022	0.0782500058412552	23.10826	3.60950016975403
23.124579	0.0777500048279762	23.130817	3.60950016975403
23.147135	0.0772500038146973	23.153373	3.60925006866455
23.169702	0.0780000016093254	23.175934	3.61075019836426
23.192255	0.0821250006556511	23.198493	3.61175012588501
23.214813	0.0790000036358833	23.22105	3.61275005340576
23.23737	0.0782500058412552	23.243603	3.61175012588501
23.259928	0.0785000026226044	23.26616	3.61100006103516
23.28248	0.0775000005960464	23.288718	3.60937523841858
23.305037	0.0757500007748604	23.311274	3.60875010490417
23.327593	0.0782500058412552	23.333826	3.60987520217896
23.350165	0.0778750032186508	23.356398	3.61087512969971
23.372713	0.0798750072717667	23.378951	3.61237525939941
23.395271	0.0793750062584877	23.401508	3.61275005340576
23.417832	0.0788750052452087	23.424065	3.61175012588501
23.44038	0.0785000026226044	23.446614	3.61075019836426
23.462933	0.0778750032186508	23.469171	3.60987520217896
23.485496	0.078125	23.491744	3.60862517356873
23.508063	0.0780000016093254	23.514296	3.61037516593933
23.530635	0.0780000016093254	23.536867	3.61200022697449
23.553186	0.0797500014305115	23.559418	3.61237525939941
23.575738	0.0792500004172325	23.581971	3.61312508583069
23.598286	0.0731250047683716	23.604524	3.61187505722046
23.620869	0.0790000036358833	23.627098	3.61025023460388
23.643417	0.0773750022053719	23.64965	3.60925006866455
23.66597	0.0765000060200691	23.672214	3.60950016975403
23.688541	0.0782500058412552	23.694775	3.61050009727478
23.711099	0.078125	23.717343	3.61150026321411
23.733662	0.0810000002384186	23.739901	3.61237525939941
23.756222	0.0782500058412552	23.762455	3.61250019073486
23.77878	0.0775000005960464	23.785013	3.61175012588501
23.801335	0.0790000036358833	23.807567	3.61050009727478
23.823887	0.0777500048279762	23.830119	3.60987520217896
23.846438	0.0742500051856041	23.852671	3.60925006866455
23.868993	0.0788750052452087	23.875225	3.61075019836426
23.891548	0.0770000070333481	23.897782	3.61200022697449
23.914102	0.080375000834465	23.92034	3.61287522315979
23.936658	0.0778750032186508	23.942891	3.61250019073486
23.959215	0.0783750042319298	23.965448	3.61150026321411
23.981785	0.0778750032186508	23.988037	3.6100001335144
24.004361	0.0775000005960464	24.010599	3.60987520217896
24.02692	0.0772500038146973	24.033153	3.60975027084351
24.049478	0.0776250064373016	24.05571	3.61087512969971
24.072038	0.0792500004172325	24.078277	3.61225008964539
24.094596	0.0796250030398369	24.100834	3.61300015449524
24.117154	0.0770000070333481	24.123387	3.61250019073486
24.139712	0.0783750042319298	24.145944	3.61062526702881
24.162271	0.0770000070333481	24.168509	3.61025023460388
24.184829	0.0771250054240227	24.191067	3.6091251373291
24.207388	0.0783750042319298	24.213621	3.60962510108948
24.229945	0.0788750052452087	24.236177	3.61187505722046
24.252507	0.0792500004172325	24.25874	3.61250019073486
24.275073	0.0796250030398369	24.281311	3.61250019073486
24.297631	0.0751250013709068	24.303864	3.61250019073486
24.32019	0.0782500058412552	24.326423	3.61037516593933
24.342743	0.0777500048279762	24.34898	3.6100001335144
24.365302	0.0780000016093254	24.37154	3.6100001335144
24.38786	0.0770000070333481	24.394092	3.61037516593933
24.410417	0.0785000026226044	24.416649	3.61162519454956
24.432992	0.0792500004172325	24.43923	3.61250019073486
24.455551	0.0793750062584877	24.461783	3.61275005340576
24.478119	0.0785000026226044	24.484357	3.61225008964539
24.500684	0.0780000016093254	24.506916	3.61037516593933
24.523235	0.0777500048279762	24.529473	3.60987520217896
24.545792	0.0778750032186508	24.552024	3.60975027084351
24.568349	0.0756250023841858	24.574581	3.61062526702881
24.590906	0.0780000016093254	24.597139	3.61187505722046
24.613507	0.0818750038743019	24.619748	3.61275005340576
24.636069	0.0775000005960464	24.642311	3.61287522315979
24.658662	0.0780000016093254	24.664895	3.61200022697449
24.681211	0.0772500038146973	24.687444	3.61075019836426
24.703769	0.0767500028014183	24.710006	3.60962510108948
24.726327	0.0767500028014183	24.73256	3.61012506484985
24.748887	0.0773750022053719	24.755119	3.61125016212463
24.771441	0.0792500004172325	24.777674	3.61187505722046
24.793993	0.0792500004172325	24.800231	3.61275005340576
24.81655	0.078125	24.822797	3.61287522315979
24.839121	0.0826250016689301	24.845354	3.61150026321411
24.861675	0.0767500028014183	24.867909	3.61037516593933
24.884228	0.0771250054240227	24.890461	3.60950016975403
24.90678	0.0793750062584877	24.913013	3.6100001335144
24.929333	0.0775000005960464	24.935567	3.61100006103516
24.951888	0.0793750062584877	24.95812	3.61237525939941
24.97444	0.0801250040531158	24.980674	3.61300015449524
24.997001	0.0782500058412552	25.003234	3.61250019073486
25.019566	0.0783750042319298	25.025798	3.61100006103516
25.04214	0.0785000026226044	25.048378	3.61037516593933
25.064696	0.0765000060200691	25.070934	3.61050009727478
25.087256	0.0775000005960464	25.09349	3.61012506484985
25.109813	0.0780000016093254	25.116045	3.61125016212463
25.132365	0.0796250030398369	25.138603	3.61225008964539
25.154922	0.0815000012516975	25.16116	3.61312508583069
25.17748	0.0785000026226044	25.183712	3.61250019073486
25.200037	0.0777500048279762	25.206269	3.61137509346008
25.222609	0.0755000039935112	25.228846	3.61025023460388
25.245168	0.0773750022053719	25.251406	3.60975027084351
25.267742	0.0776250064373016	25.273975	3.61025023460388
25.290301	0.0780000016093254	25.296533	3.61125016212463
25.312852	0.0796250030398369	25.31909	3.61275005340576
25.335409	0.078625001013279	25.341646	3.61312508583069
25.357965	0.0816250070929527	25.364197	3.61175012588501
25.380521	0.0773750022053719	25.386753	3.61162519454956
25.403088	0.0766250044107437	25.409325	3.60950016975403
25.425644	0.0775000005960464	25.431877	3.61037516593933
25.448223	0.0791250020265579	25.454455	3.61087512969971
25.470779	0.078625001013279	25.477011	3.61187505722046
25.493334	0.0807500034570694	25.499571	3.61362528800964
25.515883	0.0777500048279762	25.522135	3.61312508583069
25.53846	0.0773750022053719	25.544693	3.61087512969971
25.561016	0.0778750032186508	25.567252	3.61112523078918
25.583571	0.0780000016093254	25.589808	3.6091251373291
25.606127	0.0771250054240227	25.612379	3.60987520217896
25.628709	0.0780000016093254	25.634937	3.61125016212463
25.65126	0.078625001013279	25.657494	3.61225008964539
25.673807	0.0790000036358833	25.680046	3.61287522315979
25.696366	0.0780000016093254	25.702613	3.61312508583069
25.718939	0.0777500048279762	25.725171	3.61187505722046
25.741495	0.0768750011920929	25.747739	3.61062526702881
25.76406	0.0807500034570694	25.770297	3.60987520217896
25.786616	0.0823750048875809	25.792848	3.61012506484985
25.809174	0.0787500068545341	25.815407	3.61175012588501
25.831741	0.078625001013279	25.837974	3.61212515830994
25.854294	0.0801250040531158	25.860532	3.61337518692017
25.876849	0.078625001013279	25.883086	3.61362528800964
25.899409	0.0785000026226044	25.905642	3.61162519454956
25.92196	0.0767500028014183	25.928192	3.61075019836426
25.94451	0.0787500068545341	25.950747	3.61012506484985
25.967065	0.0778750032186508	25.973298	3.61037516593933
25.989641	0.0768750011920929	25.995875	3.61200022697449
26.012224	0.0800000056624413	26.018458	3.61287522315979
26.034786	0.0792500004172325	26.041019	3.61325025558472
26.057345	0.0755000039935112	26.063578	3.61187505722046
26.079901	0.0773750022053719	26.086134	3.61125016212463
26.102459	0.0772500038146973	26.108691	3.6100001335144
26.125011	0.078125	26.131243	3.61037516593933
26.147563	0.0761250033974648	26.153796	3.61100006103516
26.170138	0.0778750032186508	26.17637	3.61200022697449
26.192702	0.0801250040531158	26.19894	3.61312508583069
26.215261	0.0782500058412552	26.221499	3.61312508583069
26.237832	0.0768750011920929	26.244064	3.61275005340576
26.260389	0.0821250006556511	26.266621	3.61162519454956
26.28294	0.0787500068545341	26.289178	3.61062526702881
26.305497	0.0760000050067902	26.311739	3.61025023460388
26.328059	0.078625001013279	26.334292	3.61125016212463
26.350615	0.0788750052452087	26.356847	3.61250019073486
26.373191	0.0791250020265579	26.379429	3.61287522315979
26.39574	0.0782500058412552	26.401978	3.61350011825562
26.418303	0.0797500014305115	26.424536	3.61187505722046
26.440861	0.0778750032186508	26.447093	3.61150026321411
26.463412	0.0807500034570694	26.46965	3.61025023460388
26.485969	0.0780000016093254	26.492219	3.61025023460388
26.508544	0.0780000016093254	26.514776	3.61137509346008
26.531101	0.0772500038146973	26.537343	3.61237525939941
26.553667	0.0800000056624413	26.559904	3.61337518692017
26.576237	0.078125	26.58247	3.61312508583069
26.598788	0.0816250070929527	26.60502	3.61237525939941
26.621373	0.0772500038146973	26.627607	3.61087512969971
26.643939	0.0766250044107437	26.650177	3.61062526702881
26.666504	0.078625001013279	26.672737	3.61062526702881
26.689062	0.0773750022053719	26.695294	3.61150026321411
26.711618	0.078625001013279	26.717846	3.61337518692017
26.734172	0.0782500058412552	26.740409	3.61337518692017
26.756729	0.0780000016093254	26.762961	3.61275005340576
26.779291	0.0791250020265579	26.785523	3.61175012588501
26.801856	0.0798750072717667	26.808089	3.61062526702881
26.82441	0.0768750011920929	26.830648	3.61025023460388
26.846966	0.0783750042319298	26.853199	3.61075019836426
26.869524	0.0778750032186508	26.875756	3.61162519454956
26.892075	0.0790000036358833	26.898314	3.61300015449524
26.914632	0.0798750072717667	26.920869	3.61325025558472
26.937187	0.0780000016093254	26.94342	3.61262512207031
26.959743	0.0777500048279762	26.965975	3.61200022697449
26.982315	0.0742500051856041	26.988572	3.61012506484985
27.004902	0.0780000016093254	27.011134	3.6100001335144
27.027459	0.0776250064373016	27.033692	3.61062526702881
27.050017	0.0773750022053719	27.056249	3.61212515830994
27.07257	0.0801250040531158	27.078808	3.61300015449524
27.095128	0.0788750052452087	27.101365	3.61337518692017
27.117685	0.0771250054240227	27.123918	3.61312508583069
27.140249	0.0768750011920929	27.146482	3.61162519454956
27.162804	0.0775000005960464	27.169037	3.61062526702881
27.185363	0.0780000016093254	27.191596	3.61012506484985
27.207916	0.078125	27.214149	3.61150026321411
27.230471	0.0751250013709068	27.236704	3.61287522315979
27.253024	0.0840000063180923	27.259257	3.61350011825562
27.275575	0.0787500068545341	27.281808	3.61337518692017
27.298131	0.0780000016093254	27.304364	3.61250019073486
27.320705	0.0778750032186508	27.326937	3.61087512969971
27.343257	0.0785000026226044	27.349494	3.61075019836426
27.365815	0.0775000005960464	27.372048	3.61075019836426
27.388372	0.0773750022053719	27.394604	3.61137509346008
27.410929	0.0813750028610229	27.417161	3.61275005340576
27.433484	0.0800000056624413	27.439722	3.61375021934509
27.45604	0.078625001013279	27.462273	3.61250019073486
27.478599	0.0778750032186508	27.484836	3.61250019073486
27.501164	0.0777500048279762	27.507397	3.61087512969971
27.523716	0.0777500048279762	27.529953	3.61062526702881
27.546274	0.0783750042319298	27.552507	3.61050009727478
27.568831	0.0776250064373016	27.575064	3.61187505722046
27.591388	0.0767500028014183	27.597641	3.61325025558472
27.613981	0.0845000073313713	27.620216	3.61350011825562
27.636535	0.078125	27.642763	3.61387515068054
27.659096	0.078625001013279	27.66533	3.61262512207031
27.68167	0.0771250054240227	27.687904	3.61150026321411
27.704227	0.0776250064373016	27.710464	3.61050009727478
27.726787	0.0787500068545341	27.733019	3.61112523078918
27.749343	0.0777500048279762	27.75557	3.61187505722046
27.771893	0.0805000066757202	27.778126	3.61312508583069
27.794446	0.0791250020265579	27.800684	3.61362528800964
27.817004	0.0782500058412552	27.823236	3.61312508583069
27.839552	0.0782500058412552	27.845785	3.61212515830994
27.862131	0.0776250064373016	27.868369	3.61062526702881
27.884689	0.0771250054240227	27.890926	3.61025023460388
27.907256	0.0787500068545341	27.913489	3.61087512969971
27.929813	0.0788750052452087	27.936045	3.61275005340576
27.952364	0.0795000046491623	27.958602	3.61362528800964
27.97492	0.078625001013279	27.981159	3.61412525177002
27.997494	0.0785000026226044	28.003727	3.61312508583069
28.020051	0.0780000016093254	28.026284	3.61112523078918
28.042623	0.0776250064373016	28.048862	3.61062526702881
28.065182	0.0773750022053719	28.071414	3.61050009727478
28.087742	0.0792500004172325	28.093974	3.61137509346008
28.1103	0.0778750032186508	28.116532	3.61262512207031
28.132852	0.0796250030398369	28.139089	3.61350011825562
28.155409	0.0795000046491623	28.161646	3.61387515068054
28.177965	0.0793750062584877	28.184198	3.61300015449524
28.200523	0.078125	28.206755	3.61125016212463
28.223086	0.078125	28.229319	3.61087512969971
28.24564	0.0783750042319298	28.251873	3.61075019836426
28.268195	0.0811250060796738	28.274427	3.61162519454956
28.290755	0.0778750032186508	28.296988	3.61300015449524
28.313315	0.0790000036358833	28.319549	3.61362528800964
28.33587	0.0787500068545341	28.342118	3.61400008201599
28.358438	0.0782500058412552	28.364671	3.61262512207031
28.380996	0.0771250054240227	28.387245	3.61112523078918
28.403605	0.0765000060200691	28.409843	3.61087512969971
28.426177	0.0783750042319298	28.432418	3.61125016212463
28.448744	0.0832500010728836	28.454977	3.61237525939941
28.471302	0.0802500024437904	28.477542	3.61350011825562
28.49387	0.0805000066757202	28.500108	3.61387515068054
28.516428	0.0788750052452087	28.52266	3.61400008201599
28.538985	0.0780000016093254	28.545217	3.61362528800964
28.561536	0.0771250054240227	28.56777	3.61187505722046
28.584092	0.0770000070333481	28.59033	3.61112523078918
28.606648	0.0783750042319298	28.612912	3.61087512969971
28.629244	0.0775000005960464	28.635472	3.61275005340576
28.651803	0.0796250030398369	28.65804	3.61300015449524
28.674362	0.0791250020265579	28.6806	3.6146252155304
28.696919	0.0780000016093254	28.703152	3.61337518692017
28.719476	0.0782500058412552	28.725709	3.61250019073486
28.742028	0.0818750038743019	28.748265	3.61100006103516
28.764584	0.0771250054240227	28.770821	3.61075019836426
28.787157	0.0775000005960464	28.793385	3.61112523078918
28.809707	0.0783750042319298	28.815939	3.61287522315979
28.832261	0.0842500030994415	28.838499	3.61375021934509
28.854819	0.0782500058412552	28.861056	3.61375021934509
28.877372	0.078125	28.883611	3.61337518692017
28.899936	0.0762500017881393	28.906168	3.61212515830994
28.922508	0.0768750011920929	28.928746	3.61125016212463
28.945064	0.0787500068545341	28.951301	3.61112523078918
28.967633	0.0793750062584877	28.973866	3.61150026321411
28.990216	0.0773750022053719	28.996449	3.61262512207031
29.012772	0.0801250040531158	29.01901	3.61387515068054
29.035332	0.0790000036358833	29.04157	3.61400008201599
29.05789	0.0785000026226044	29.064123	3.61325025558472
29.080448	0.0780000016093254	29.08668	3.61162519454956
29.103	0.0787500068545341	29.109237	3.61100006103516
29.125556	0.0780000016093254	29.131789	3.61087512969971
29.148119	0.0740000009536743	29.154351	3.61225008964539
29.170678	0.0792500004172325	29.17691	3.61287522315979
29.19323	0.0780000016093254	29.199469	3.61312508583069
29.215788	0.078625001013279	29.22202	3.61387515068054
29.238345	0.0787500068545341	29.244578	3.61250019073486
29.260902	0.0776250064373016	29.267134	3.61175012588501
29.283479	0.0772500038146973	29.289717	3.61050009727478
29.306036	0.078125	29.312269	3.61125016212463
29.328593	0.0785000026226044	29.334825	3.61250019073486
29.35115	0.0798750072717667	29.357383	3.61337518692017
29.373702	0.0797500014305115	29.379935	3.61450028419495
29.396255	0.0783750042319298	29.402502	3.61387515068054
29.418823	0.0783750042319298	29.425055	3.61237525939941
29.441376	0.0777500048279762	29.447609	3.61187505722046
29.463922	0.0778750032186508	29.470155	3.61050009727478
29.486481	0.0785000026226044	29.492713	3.61087512969971
29.509034	0.0795000046491623	29.515266	3.61312508583069
29.531595	0.0797500014305115	29.537831	3.61350011825562
29.55415	0.0802500024437904	29.560388	3.61437511444092
29.576709	0.0812500044703484	29.582941	3.61375021934509
29.599256	0.0776250064373016	29.605489	3.61200022697449
29.621881	0.0771250054240227	29.628124	3.61150026321411
29.644437	0.0777500048279762	29.650675	3.61100006103516
29.666997	0.0778750032186508	29.673225	3.61187505722046
29.689551	0.0811250060796738	29.695783	3.61300015449524
29.712121	0.080875001847744	29.718358	3.61375021934509
29.734684	0.0796250030398369	29.740921	3.61400008201599
29.757256	0.078625001013279	29.763488	3.61312508583069
29.779817	0.078125	29.786049	3.61262512207031
29.80237	0.078125	29.808607	3.61150026321411
29.824927	0.0776250064373016	29.831165	3.61087512969971
29.847487	0.078125	29.85372	3.61237525939941
29.870044	0.0775000005960464	29.876277	3.61325025558472
29.892616	0.0795000046491623	29.898854	3.61387515068054
