Time_sec1	Voltage_A0TG	Time_sec2	Voltage_A1TG
0	0.918750047683716	0.006239	3.62087512016296
0.02256	0.918000042438507	0.028797	3.62075018882751
0.045118	0.919500052928925	0.05135	3.62200021743774
0.06768	0.919250071048737	0.073913	3.6227502822876
0.090253	0.918625056743622	0.096485	3.6238751411438
0.112806	0.918500065803528	0.119043	3.62250018119812
0.135365	0.918500065803528	0.141592	3.62200021743774
0.157922	0.917875051498413	0.164155	3.62062525749207
0.180482	0.917375028133392	0.186715	3.62037515640259
0.203034	0.918000042438507	0.209271	3.62125015258789
0.22559	0.920125067234039	0.231823	3.62237524986267
0.248148	0.920375049114227	0.25438	3.6236252784729
0.270705	0.919375061988831	0.27694	3.62375020980835
0.293263	0.918500065803528	0.299495	3.6227502822876
0.315816	0.917250037193298	0.322064	3.62200021743774
0.338406	0.918000042438507	0.344639	3.62137508392334
0.360965	0.918750047683716	0.367198	3.62087512016296
0.383522	0.91887503862381	0.389755	3.62162518501282
0.406076	0.918375015258789	0.412308	3.62237524986267
0.428639	0.91887503862381	0.434872	3.62375020980835
0.451207	0.918125033378601	0.45744	3.6238751411438
0.473759	0.917250037193298	0.479996	3.6230001449585
0.496317	0.917375028133392	0.502551	3.62175011634827
0.518876	0.918375015258789	0.525109	3.62012505531311
0.541429	0.918750047683716	0.547682	3.62062525749207
0.564002	0.917875051498413	0.570239	3.62175011634827
0.586558	0.917750060558319	0.592791	3.62287521362305
0.609115	0.91887503862381	0.615348	3.62337517738342
0.631694	0.919125020503998	0.637932	3.62337517738342
0.654265	0.918750047683716	0.660503	3.62212514877319
0.676822	0.918250024318695	0.683055	3.62087512016296
0.699379	0.917875051498413	0.705612	3.62050008773804
0.72193	0.918125033378601	0.728168	3.62087512016296
0.744487	0.918000042438507	0.750724	3.62212514877319
0.767044	0.919375061988831	0.773276	3.62325024604797
0.789592	0.919000029563904	0.795824	3.62375020980835
0.812165	0.917125046253204	0.818403	3.62262511253357
0.834726	0.918125033378601	0.840958	3.62187528610229
0.857293	0.917500019073486	0.86352	3.62050008773804
0.879848	0.919250071048737	0.886081	3.62037515640259
0.902402	0.920500040054321	0.908639	3.62125015258789
0.924957	0.919375061988831	0.931199	3.62200021743774
0.94751	0.919375061988831	0.953747	3.62312507629395
0.970098	0.918750047683716	0.976327	3.62375020980835
0.992647	0.918250024318695	0.998874	3.62262511253357
1.015186	0.91887503862381	1.021418	3.62187528610229
1.037748	0.917500019073486	1.043981	3.62025022506714
1.060319	0.918000042438507	1.066552	3.62037515640259
1.082872	0.917875051498413	1.08911	3.62037515640259
1.105433	0.917250037193298	1.111694	3.62225008010864
1.128019	0.918625056743622	1.134251	3.62350010871887
1.150575	0.918250024318695	1.156808	3.62375020980835
1.173125	0.918500065803528	1.179363	3.6230001449585
1.195681	0.917750060558319	1.201914	3.62175011634827
1.218237	0.918375015258789	1.22447	3.62062525749207
1.240793	0.919125020503998	1.247026	3.62037515640259
1.263357	0.921125054359436	1.269594	3.62100028991699
1.285913	0.919500052928925	1.292162	3.62187528610229
1.308486	0.919750034809113	1.314719	3.62337517738342
1.331069	0.918375015258789	1.337323	3.62325024604797
1.353657	0.919875025749207	1.359895	3.62250018119812
1.376215	0.917750060558319	1.382453	3.62137508392334
1.398777	0.917750060558319	1.40501	3.62050008773804
1.421332	0.918625056743622	1.427572	3.62050008773804
1.443884	0.916875064373016	1.450124	3.62175011634827
1.466446	0.917875051498413	1.472679	3.6230001449585
1.489003	0.918000042438507	1.495236	3.62337517738342
1.511574	0.919875025749207	1.517807	3.6227502822876
1.534126	0.918125033378601	1.540358	3.62225008010864
1.556698	0.918750047683716	1.562931	3.62062525749207
1.579257	0.917625069618225	1.58549	3.62037515640259
1.601809	0.918250024318695	1.608046	3.62037515640259
1.624367	0.918125033378601	1.630604	3.62162518501282
1.646923	0.917250037193298	1.653157	3.6230001449585
1.669484	0.919375061988831	1.675716	3.62350010871887
1.692036	0.917375028133392	1.698274	3.62312507629395
1.714593	0.922875046730042	1.72083	3.62162518501282
1.737149	0.916875064373016	1.743382	3.62112522125244
1.75971	0.917750060558319	1.765942	3.62062525749207
1.782263	0.918500065803528	1.7885	3.62125015258789
1.804821	0.918500065803528	1.811058	3.62225008010864
1.827369	0.920250058174133	1.833608	3.62287521362305
1.849936	0.918625056743622	1.856169	3.62350010871887
1.872488	0.917875051498413	1.878725	3.6227502822876
1.895044	0.918250024318695	1.901288	3.62175011634827
1.917611	0.918125033378601	1.923844	3.62062525749207
1.940168	0.918500065803528	1.946401	3.62037515640259
1.962768	0.918125033378601	1.969004	3.62100028991699
1.985341	0.918000042438507	1.991614	3.62262511253357
2.007937	0.918250024318695	2.01417	3.6236252784729
2.030499	0.919250071048737	2.036732	3.62350010871887
2.053051	0.917500019073486	2.059288	3.62287521362305
2.075607	0.918000042438507	2.08184	3.62087512016296
2.098164	0.918125033378601	2.104397	3.62025022506714
2.120721	0.916375041007996	2.126954	3.62087512016296
2.143271	0.919000029563904	2.149509	3.62112522125244
2.165831	0.917875051498413	2.172069	3.62212514877319
2.188393	0.917875051498413	2.194625	3.61862516403198
2.210951	0.813875019550323	2.217202	3.56012511253357
2.233523	0.705875039100647	2.239761	3.36075019836426
2.256081	0.614500045776367	2.262314	3.05462503433228
2.278637	0.524875044822693	2.284869	2.75050020217896
2.301197	0.451875030994415	2.30743	2.46650004386902
2.323749	0.385000020265579	2.329988	2.25187516212463
2.346316	0.328625023365021	2.352549	2.08525013923645
2.368892	0.279875010251999	2.375125	1.9713751077652
2.391444	0.233125016093254	2.397681	1.88575005531311
2.414003	0.19225001335144	2.42024	1.82975006103516
2.436559	0.150625005364418	2.442792	1.78950011730194
2.459117	0.11600000411272	2.465349	1.76650011539459
2.481674	0.0851250067353249	2.487912	1.75275003910065
2.504231	0.0597500018775463	2.510469	1.74762511253357
2.526801	0.0388750024139881	2.533034	1.7471250295639
2.549357	0.0208750013262033	2.55559	1.74862504005432
2.571918	0.002125000115484	2.578151	1.74900007247925
2.594472	0.0020000000949949	2.600711	1.74825012683868
2.617032	0.00125000008847564	2.623266	1.74725008010864
2.639587	0.00162500003352761	2.645819	1.74437510967255
2.662139	0.00137500010896474	2.668372	1.74150013923645
2.684691	0.00175000005401671	2.690923	1.73737514019012
2.707249	0.00450000027194619	2.713481	1.7315000295639
2.729805	0.00487500010058284	2.736037	1.72412502765656
2.752357	0.00450000027194619	2.758594	1.71525013446808
2.774914	0.00162500003352761	2.781152	1.70525002479553
2.797487	0.00150000001303852	2.803721	1.6965000629425
2.820045	0.00137500010896474	2.826278	1.68787503242493
2.842607	0.0020000000949949	2.848845	1.68012511730194
2.865155	0.00125000008847564	2.871403	1.67425012588501
2.887733	0.006375000346452	2.893965	1.66875004768372
2.910291	0.00412499997764826	2.916523	1.66225004196167
2.932844	0.002125000115484	2.939081	1.65700006484985
2.955404	0.0020000000949949	2.961666	1.65137505531311
2.978004	0.000750000006519258	2.984233	1.64725005626678
3.000555	0.00137500010896474	3.006812	1.64350008964539
3.023131	0.00125000008847564	3.029369	1.64150011539459
3.045688	0.00300000002607703	3.05192	1.64137506484985
3.068243	0.00412499997764826	3.074475	1.64062511920929
3.090813	0.00300000002607703	3.097047	1.63850009441376
3.113368	0.00187500007450581	3.119601	1.63737511634827
3.135921	0.000125000005937181	3.142163	1.63637506961823
3.158486	0.000750000006519258	3.164719	1.63650012016296
3.181043	0.00175000005401671	3.187286	1.63712513446808
3.203603	0.00137500010896474	3.209841	1.64175009727478
3.226159	0.00300000002607703	3.232391	1.64587509632111
3.248715	0.00575000047683716	3.254947	1.65037512779236
3.271266	0.00237500015646219	3.277499	1.65675008296967
3.293819	0.00150000001303852	3.300056	1.66425013542175
3.316387	0.00137500010896474	3.32262	1.67437505722046
3.338963	0.000375000003259629	3.345195	1.68750011920929
3.361522	0.000750000006519258	3.36776	1.70337510108948
3.384081	0.000750000006519258	3.390318	1.72425007820129
3.406638	0.00312500004656613	3.412871	1.74650013446808
3.429195	0.004250000230968	3.435428	1.77475011348724
3.451746	0.00487500010058284	3.457984	1.81000006198883
3.474304	0.000500000023748726	3.480542	1.85487508773804
3.496864	0.000750000006519258	3.503097	1.91137504577637
3.519421	0.000750000006519258	3.525649	1.98137509822845
3.541969	0.00125000008847564	3.548207	2.05800008773804
3.564526	0.00112500006798655	3.570764	2.14187502861023
3.587094	0.0020000000949949	3.593326	2.21950006484985
3.60965	0.004250000230968	3.615882	2.29437518119812
3.632201	0.002125000115484	3.638438	2.35600018501282
3.654757	0.00162500003352761	3.660994	2.4115002155304
3.677313	0.000250000011874363	3.683546	2.45787501335144
3.699867	0.00112500006798655	3.7061	2.4988751411438
3.722442	0.00162500003352761	3.728674	2.53750014305115
3.744995	0.000750000006519258	3.751229	2.57000017166138
3.767547	0.00300000002607703	3.773786	2.59550023078918
3.790106	0.00375000014901161	3.796339	2.61925005912781
3.812654	0.004250000230968	3.818887	2.64012503623962
3.835212	0.0061250003054738	3.841444	2.65887522697449
3.857774	0.00700000021606684	3.864006	2.6780002117157
3.880347	0.00725000025704503	3.886579	2.69637513160706
3.902899	0.0117500005289912	3.909137	2.71612501144409
3.925458	0.0122500006109476	3.931692	2.73462510108948
3.948016	0.0157500002533197	3.954255	2.75212502479553
3.970605	0.0153750004246831	3.97684	2.76862502098083
3.993181	0.0173750016838312	3.999427	2.78325009346008
4.015748	0.0180000010877848	4.021981	2.79687523841858
4.038308	0.0188750009983778	4.04454	2.81087517738342
4.06087	0.0210000015795231	4.067103	2.82312512397766
4.083442	0.0223750006407499	4.089679	2.83675003051758
4.105998	0.024625001475215	4.112232	2.84862518310547
4.128556	0.0301250014454126	4.134789	2.86012506484985
4.151112	0.026375001296401	4.157345	2.86925005912781
4.173664	0.0286250021308661	4.179901	2.87687516212463
4.196219	0.0267500020563602	4.202453	2.8840000629425
4.218777	0.0276250019669533	4.225009	2.89112520217896
4.241327	0.0310000013560057	4.247583	2.89887523651123
4.263915	0.0306250005960464	4.270152	2.90737509727478
4.286462	0.034875001758337	4.292695	2.91462516784668
4.309019	0.0357500016689301	4.315252	2.92212510108948
4.331601	0.0343750007450581	4.337846	2.92850017547607
4.35417	0.0355000011622906	4.360408	2.93450021743774
4.376729	0.0375000014901161	4.382961	2.94000005722046
4.399285	0.0383750014007092	4.405517	2.94725012779236
4.421837	0.0391250029206276	4.428075	2.95550012588501
4.444399	0.0373750030994415	4.450636	2.96575021743774
4.466955	0.0422500036656857	4.473188	2.97637510299683
4.489513	0.0420000031590462	4.495746	2.98625016212463
4.51207	0.0433750003576279	4.518308	2.99625015258789
4.534629	0.0436250008642673	4.540866	3.00587511062622
4.557197	0.0433750003576279	4.56343	3.01687502861023
4.579754	0.0440000034868717	4.585986	3.02875018119812
4.602306	0.0450000017881393	4.608543	3.04300022125244
4.624865	0.0466250032186508	4.631102	3.05700016021729
4.647422	0.0481250025331974	4.653654	3.07275009155273
4.669973	0.0476250015199184	4.676205	3.08637523651123
4.692546	0.0488750040531158	4.698783	3.10025024414062
4.715103	0.0476250015199184	4.721335	3.11287522315979
4.73768	0.0483750030398369	4.743912	3.12700009346008
4.760236	0.0506250038743019	4.766468	3.14050006866455
4.782783	0.0512500032782555	4.789015	3.15612506866455
4.805337	0.052375003695488	4.811582	3.17037510871887
4.827903	0.0533750019967556	4.834141	3.18462514877319
4.850464	0.051875002682209	4.856711	3.19712519645691
4.873037	0.0535000041127205	4.879271	3.2083752155304
4.895593	0.0533750019967556	4.901827	3.21862506866455
4.918143	0.0526250042021275	4.924375	3.22912526130676
4.940695	0.0520000010728836	4.946923	3.23950004577637
4.963277	0.0552500039339066	4.969513	3.25075006484985
4.985829	0.0616250038146973	4.992082	3.26200008392334
5.008414	0.0582500025629997	5.014647	3.27100014686584
5.030968	0.0572500042617321	5.037206	3.27875018119812
5.053528	0.0573750026524067	5.059765	3.28625011444092
5.076084	0.0565000027418137	5.082317	3.29250025749207
5.098641	0.0572500042617321	5.104876	3.29912519454956
5.1212	0.0595000013709068	5.127433	3.30712509155273
5.143752	0.0588750019669533	5.14999	3.31425023078918
5.166323	0.0612500011920929	5.172556	3.32250022888184
5.188877	0.0627500042319298	5.195111	3.3287501335144
5.211431	0.0612500011920929	5.217683	3.33400011062622
5.234003	0.0612500011920929	5.24024	3.33862519264221
5.256558	0.0641250014305115	5.262791	3.34312510490417
5.279116	0.0611250028014183	5.285347	3.34762525558472
5.301674	0.0621250011026859	5.307911	3.35325026512146
5.324232	0.0625	5.330472	3.35950016975403
5.346803	0.0653750002384186	5.353035	3.36525011062622
5.369367	0.0651250034570694	5.375599	3.37025022506714
5.391919	0.0641250014305115	5.398157	3.37425017356873
5.414476	0.0635000020265579	5.420713	3.37762522697449
5.437032	0.0635000020265579	5.443265	3.38050007820129
5.459588	0.0650000050663948	5.46582	3.38437509536743
5.48214	0.0650000050663948	5.488378	3.38975024223328
5.504697	0.0658750012516975	5.510935	3.39450025558472
5.527289	0.0682500004768372	5.533521	3.39925026893616
5.549836	0.0690000057220459	5.556069	3.40300011634827
5.572388	0.0662500038743019	5.578626	3.40562510490417
5.594946	0.0658750012516975	5.601198	3.40825009346008
5.617518	0.0665000006556511	5.623751	3.41050004959106
5.640075	0.0676250010728836	5.646307	3.41387510299683
5.662625	0.0672500059008598	5.668862	3.41750025749207
5.685182	0.0700000002980232	5.691414	3.4213752746582
5.707738	0.070250004529953	5.713971	3.42562508583069
5.730307	0.0691250041127205	5.736539	3.42737507820129
5.752858	0.0672500059008598	5.759095	3.4297502040863
5.775415	0.068000003695488	5.781648	3.43125009536743
5.797971	0.0695000067353249	5.804203	3.43262505531311
5.820527	0.0705000013113022	5.826759	3.43487524986267
5.84308	0.0701250061392784	5.849318	3.43875026702881
5.865635	0.0712500065565109	5.871872	3.44237518310547
5.888195	0.0712500065565109	5.894427	3.44512510299683
5.91078	0.0703750029206276	5.917037	3.4465000629425
5.93336	0.0713750049471855	5.939593	3.44687509536743
5.955905	0.070250004529953	5.962191	3.44725012779236
5.978516	0.0721250027418137	5.984744	3.44975018501282
6.001082	0.0703750029206276	6.007321	3.4520001411438
6.023651	0.0718750059604645	6.029884	3.45512509346008
6.046204	0.073000006377697	6.052466	3.45787525177002
6.068787	0.0737500041723251	6.075024	3.46000027656555
6.091415	0.0767500028014183	6.097655	3.46137523651123
6.113985	0.0717500001192093	6.120225	3.4610002040863
6.136565	0.0722500011324883	6.1428	3.46187520027161
6.159157	0.0731250047683716	6.165394	3.46312522888184
6.18172	0.0731250047683716	6.187952	3.46587514877319
6.204272	0.0727500021457672	6.210505	3.46862506866455
6.226825	0.0746250003576279	6.233058	3.47100019454956
6.249386	0.0737500041723251	6.25562	3.47262525558472
6.271938	0.0731250047683716	6.278175	3.47350025177002
6.294498	0.0736250057816505	6.300735	3.47362518310547
6.317055	0.0722500011324883	6.323288	3.47450017929077
6.33963	0.0733750015497208	6.345859	3.47637510299683
6.362188	0.0740000009536743	6.368426	3.47887516021729
6.384746	0.0740000009536743	6.390984	3.48187518119812
6.407303	0.0760000050067902	6.413536	3.4841251373291
6.429861	0.0743750035762787	6.436094	3.48550009727478
6.452453	0.0747500061988831	6.45869	3.48625016212463
6.47501	0.0742500051856041	6.481248	3.48637509346008
6.497575	0.0736250057816505	6.503807	3.48737525939941
6.520132	0.0743750035762787	6.526364	3.4896252155304
6.542684	0.0751250013709068	6.548916	3.49175024032593
6.565236	0.0763750001788139	6.571474	3.49475026130676
6.587799	0.0776250064373016	6.594031	3.49700021743774
6.610356	0.0753750056028366	6.616588	3.49837517738342
6.632934	0.0747500061988831	6.639172	3.49875020980835
6.655492	0.0748750045895576	6.661725	3.49912524223328
6.67805	0.0738750025629997	6.684283	3.50050020217896
6.700607	0.0757500007748604	6.70684	3.50237512588501
6.723159	0.075250007212162	6.729397	3.50600028038025
6.745717	0.0775000005960464	6.751961	3.50825023651123
6.768284	0.0780000016093254	6.774516	3.51000022888184
6.790841	0.0765000060200691	6.797086	3.51175022125244
6.813405	0.0802500024437904	6.819637	3.51200008392334
6.835974	0.0745000019669533	6.842207	3.51237511634827
6.858518	0.0772500038146973	6.864751	3.51325011253357
6.881075	0.0762500017881393	6.887308	3.51550006866455
6.903626	0.0770000070333481	6.909863	3.51850008964539
6.926183	0.0773750022053719	6.932416	3.52050018310547
6.948735	0.0776250064373016	6.954968	3.52312517166138
6.97135	0.0770000070333481	6.977585	3.5235002040863
6.993899	0.0770000070333481	7.000138	3.5237500667572
7.016467	0.0763750001788139	7.022695	3.52437520027161
7.039022	0.0766250044107437	7.045255	3.52550005912781
7.06159	0.078625001013279	7.067827	3.52775025367737
7.084156	0.0780000016093254	7.090389	3.5307502746582
7.106723	0.0785000026226044	7.112961	3.53225016593933
7.129287	0.0770000070333481	7.13552	3.53362512588501
7.15184	0.0775000005960464	7.158073	3.53487515449524
7.174403	0.0775000005960464	7.180641	3.53462505340576
7.196962	0.0772500038146973	7.203195	3.53512525558472
7.219522	0.0740000009536743	7.225755	3.53600025177002
7.242074	0.0776250064373016	7.248311	3.53887510299683
7.264632	0.0778750032186508	7.270869	3.54112505912781
7.287198	0.0807500034570694	7.29343	3.54275012016296
7.309755	0.0777500048279762	7.315988	3.54362511634827
7.332327	0.078625001013279	7.338571	3.54350018501282
7.354898	0.0768750011920929	7.361136	3.54350018501282
7.377489	0.0775000005960464	7.383722	3.54387521743774
7.400041	0.0773750022053719	7.406274	3.54500007629395
7.422597	0.0780000016093254	7.428835	3.54837512969971
7.445155	0.0792500004172325	7.451387	3.54925012588501
7.467712	0.0793750062584877	7.473945	3.55125021934509
7.490269	0.0790000036358833	7.496502	3.55187511444092
7.512832	0.078125	7.519069	3.55175018310547
7.535389	0.0780000016093254	7.541621	3.55137515068054
7.557945	0.078125	7.564178	3.55112504959106
7.580516	0.078125	7.586748	3.55275011062622
7.603058	0.0782500058412552	7.609291	3.55562520027161
7.625611	0.078625001013279	7.631844	3.55712509155273
7.648168	0.0800000056624413	7.6544	3.55837512016296
7.670724	0.078625001013279	7.676958	3.55900025367737
7.693276	0.0782500058412552	7.699514	3.55812525749207
7.715832	0.0771250054240227	7.722064	3.55775022506714
7.73839	0.0783750042319298	7.744623	3.55800008773804
7.760948	0.0788750052452087	7.767194	3.55950021743774
7.783514	0.0790000036358833	7.789751	3.56125020980835
7.806071	0.0811250060796738	7.812304	3.56300020217896
7.828628	0.0795000046491623	7.834866	3.56400012969971
7.851197	0.0790000036358833	7.857429	3.56400012969971
7.873747	0.0807500034570694	7.879984	3.56337523460388
7.896303	0.0788750052452087	7.902542	3.56337523460388
7.918869	0.080375000834465	7.925101	3.56350016593933
7.941421	0.0787500068545341	7.947653	3.56550025939941
7.963997	0.078625001013279	7.970233	3.56712508201599
7.986549	0.080875001847744	7.992789	3.5688750743866
8.009127	0.0790000036358833	8.01536	3.56925010681152
8.031682	0.0791250020265579	8.03792	3.56825017929077
8.054239	0.0806250050663948	8.060476	3.56812524795532
8.076812	0.0780000016093254	8.083044	3.56725025177002
8.099368	0.0795000046491623	8.105606	3.56800007820129
8.121934	0.0791250020265579	8.128167	3.5697500705719
8.144478	0.0812500044703484	8.150722	3.57112526893616
8.167047	0.0813750028610229	8.17328	3.57250022888184
8.189602	0.0797500014305115	8.195835	3.57262516021729
8.212159	0.0791250020265579	8.218391	3.57237505912781
8.23471	0.0787500068545341	8.240942	3.57112526893616
8.257261	0.0783750042319298	8.263494	3.57125020027161
8.279822	0.080375000834465	8.286055	3.57187509536743
8.302372	0.0796250030398369	8.308605	3.57350015640259
8.324925	0.0807500034570694	8.331177	3.57525014877319
8.347503	0.0790000036358833	8.353738	3.57600021362305
8.370063	0.0800000056624413	8.376295	3.57575011253357
8.392615	0.083625003695488	8.398852	3.57525014877319
8.415171	0.0828750059008598	8.421404	3.57475018501282
8.437727	0.0782500058412552	8.443965	3.57387518882751
8.460305	0.0798750072717667	8.466537	3.57450008392334
8.482857	0.0795000046491623	8.489094	3.57625007629395
8.505414	0.0815000012516975	8.511647	3.57800006866455
8.527971	0.0811250060796738	8.534203	3.57850027084351
8.550523	0.080375000834465	8.556756	3.57812523841858
8.573075	0.0812500044703484	8.579312	3.57737517356873
8.595632	0.0783750042319298	8.601872	3.57662510871887
8.618196	0.0788750052452087	8.624428	3.57637524604797
8.640752	0.0797500014305115	8.647005	3.57750010490417
8.663338	0.0795000046491623	8.669575	3.57912516593933
8.685894	0.0813750028610229	8.692127	3.58087515830994
8.708451	0.080875001847744	8.714683	3.58112525939941
8.731007	0.0802500024437904	8.73724	3.58050012588501
8.753559	0.080375000834465	8.759796	3.57962512969971
8.776116	0.0790000036358833	8.782349	3.57812523841858
8.798672	0.0798750072717667	8.804904	3.57850027084351
8.821223	0.0797500014305115	8.827456	3.57987523078918
8.843779	0.080375000834465	8.850016	3.58137512207031
8.866338	0.0816250070929527	8.872571	3.58225011825562
8.888896	0.0825000032782555	8.895129	3.58300018310547
8.911449	0.0795000046491623	8.917687	3.58225011825562
8.934006	0.0806250050663948	8.940244	3.58137512207031
8.956563	0.0795000046491623	8.962814	3.58062505722046
8.979139	0.0806250050663948	8.985367	3.58087515830994
9.001692	0.0805000066757202	9.007929	3.58175015449524
9.024249	0.0807500034570694	9.030486	3.58312511444092
9.046805	0.0815000012516975	9.053038	3.58475017547607
9.069368	0.0798750072717667	9.075601	3.58462524414062
9.091921	0.0790000036358833	9.098153	3.58325028419495
9.114476	0.0795000046491623	9.120714	3.58262515068054
9.137035	0.0770000070333481	9.143268	3.58250021934509
9.159592	0.0815000012516975	9.165824	3.58250021934509
9.18216	0.0837500020861626	9.188393	3.58400011062622
9.204713	0.080875001847744	9.21095	3.5853750705719
9.227267	0.0811250060796738	9.2335	3.58612513542175
9.249821	0.0813750028610229	9.256054	3.58562517166138
9.272374	0.0800000056624413	9.278606	3.58475017547607
9.294927	0.080375000834465	9.30116	3.58362507820129
9.317488	0.0797500014305115	9.323721	3.5833752155304
9.340065	0.0807500034570694	9.346298	3.58437514305115
9.362621	0.0805000066757202	9.368854	3.585125207901
9.385174	0.0822500064969063	9.391406	3.5871250629425
9.407734	0.0822500064969063	9.413968	3.58787512779236
9.430291	0.0807500034570694	9.436524	3.5871250629425
9.452845	0.0797500014305115	9.459083	3.58612513542175
9.475402	0.0793750062584877	9.481635	3.5845000743866
9.497959	0.0796250030398369	9.504192	3.58462524414062
9.520517	0.0856250077486038	9.52675	3.58562517166138
9.543068	0.0805000066757202	9.549305	3.58737516403198
9.565622	0.0820000022649765	9.571873	3.58825016021729
9.588197	0.0813750028610229	9.594429	3.58900022506714
9.610767	0.0812500044703484	9.617	3.58812522888184
9.63331	0.080375000834465	9.639543	3.58725023269653
9.655862	0.0801250040531158	9.662094	3.58650016784668
9.678418	0.0802500024437904	9.68465	3.58637523651123
9.700974	0.0800000056624413	9.707208	3.58737516403198
9.723525	0.080375000834465	9.729762	3.58825016021729
9.74608	0.0827500075101852	9.752313	3.58962512016296
9.768637	0.0850000008940697	9.77487	3.59025025367737
9.791201	0.0812500044703484	9.797434	3.58912515640259
9.813744	0.0802500024437904	9.819976	3.58825016021729
9.836313	0.0793750062584877	9.842545	3.5871250629425
9.85887	0.0812500044703484	9.865102	3.58725023269653
9.881423	0.0812500044703484	9.887676	3.58900022506714
9.903995	0.0811250060796738	9.910233	3.59012508392334
9.926552	0.0816250070929527	9.932785	3.59112524986267
9.949109	0.0813750028610229	9.955341	3.59125018119812
9.971716	0.0812500044703484	9.977951	3.59000015258789
9.994296	0.0806250050663948	10.000534	3.58837509155273
10.016856	0.0797500014305115	10.023089	3.58825016021729
10.039417	0.0810000002384186	10.04565	3.58862519264221
10.061969	0.0805000066757202	10.068207	3.58987522125244
10.084529	0.0807500034570694	10.090767	3.59075021743774
10.107089	0.0821250006556511	10.113322	3.59200024604797
10.129647	0.0805000066757202	10.135879	3.5915002822876
10.152195	0.0792500004172325	10.158433	3.59062528610229
10.174753	0.0801250040531158	10.180991	3.58975005149841
10.197326	0.0795000046491623	10.203558	3.58912515640259
10.219883	0.0817500054836273	10.22611	3.58962512016296
10.242462	0.0807500034570694	10.2487	3.59075021743774
10.26502	0.0815000012516975	10.271253	3.59287524223328
10.287576	0.083125002682209	10.293808	3.59287524223328
10.310132	0.080875001847744	10.316365	3.59225010871887
10.332702	0.0812500044703484	10.338946	3.59137511253357
10.355269	0.080875001847744	10.361502	3.59025025367737
10.377828	0.0818750038743019	10.384061	3.58975005149841
10.400389	0.0815000012516975	10.406622	3.59112524986267
10.422938	0.0816250070929527	10.429177	3.5926251411438
10.445498	0.0830000042915344	10.451731	3.59362506866455
10.468055	0.0817500054836273	10.474282	3.59375023841858
10.490604	0.0802500024437904	10.496837	3.59312510490417
10.513157	0.0812500044703484	10.51939	3.59200024604797
10.535709	0.0798750072717667	10.541961	3.59112524986267
10.558303	0.0813750028610229	10.564535	3.5915002822876
10.580859	0.0807500034570694	10.587094	3.59212517738342
10.603414	0.0807500034570694	10.609651	3.59312510490417
10.62597	0.0823750048875809	10.632203	3.59425020217896
10.648527	0.0815000012516975	10.654761	3.59450006484985
10.671085	0.0810000002384186	10.677317	3.59400010108948
10.693636	0.0805000066757202	10.699873	3.59275007247925
10.716195	0.0810000002384186	10.722447	3.59200024604797
10.738774	0.0813750028610229	10.745006	3.59225010871887
10.761325	0.0813750028610229	10.767575	3.59287524223328
10.783895	0.0813750028610229	10.790132	3.59400010108948
10.806451	0.0837500020861626	10.812684	3.59562516212463
10.829009	0.0822500064969063	10.835248	3.59525012969971
10.851586	0.0798750072717667	10.857825	3.59425020217896
10.874144	0.0807500034570694	10.880381	3.59312510490417
10.896711	0.0812500044703484	10.902944	3.5923752784729
10.919269	0.0812500044703484	10.925501	3.59250020980835
10.941825	0.080875001847744	10.948068	3.59362506866455
10.964416	0.0825000032782555	10.970656	3.59587526321411
10.987004	0.0827500075101852	10.993238	3.59562516212463
11.009564	0.080875001847744	11.015797	3.59575009346008
11.032115	0.0811250060796738	11.038352	3.59375023841858
11.054672	0.0811250060796738	11.06091	3.59375023841858
11.077229	0.0812500044703484	11.083461	3.5926251411438
11.099785	0.0823750048875809	11.106018	3.59375023841858
11.122341	0.0807500034570694	11.128579	3.59537506103516
11.144901	0.0823750048875809	11.151139	3.59612512588501
11.16746	0.0826250016689301	11.173693	3.59650015830994
11.190015	0.0807500034570694	11.196248	3.59637522697449
11.212568	0.0822500064969063	11.218805	3.59462523460388
11.235126	0.0807500034570694	11.241358	3.59450006484985
11.257682	0.0810000002384186	11.263909	3.59387516975403
11.280237	0.0806250050663948	11.286469	3.59475016593933
11.302789	0.0806250050663948	11.309026	3.59600019454956
11.325344	0.0830000042915344	11.331601	3.59737515449524
11.347949	0.0830000042915344	11.354182	3.59737515449524
11.370506	0.0820000022649765	11.37674	3.59675025939941
11.393062	0.0813750028610229	11.399299	3.59537506103516
11.415618	0.0807500034570694	11.421874	3.59412527084351
11.4382	0.0812500044703484	11.444432	3.59450006484985
11.460756	0.0807500034570694	11.466998	3.59537506103516
11.483317	0.0825000032782555	11.489555	3.59637522697449
11.505874	0.0823750048875809	11.512106	3.59750008583069
11.528429	0.0812500044703484	11.534662	3.59787511825562
11.550982	0.0807500034570694	11.557216	3.59687519073486
11.573537	0.0798750072717667	11.57977	3.59575009346008
11.596089	0.0797500014305115	11.602323	3.59550023078918
11.618643	0.080875001847744	11.624875	3.59525012969971
11.641205	0.080875001847744	11.647438	3.59587526321411
11.663757	0.0826250016689301	11.669994	3.59762525558472
11.686316	0.0821250006556511	11.692549	3.59750008583069
11.708874	0.0810000002384186	11.715106	3.59850025177002
11.731427	0.0811250060796738	11.73768	3.59675025939941
11.754	0.080375000834465	11.760238	3.59612512588501
11.776556	0.0806250050663948	11.782789	3.59550023078918
11.799113	0.0811250060796738	11.805346	3.59575009346008
11.821675	0.0812500044703484	11.827912	3.59637522697449
11.844235	0.0822500064969063	11.850472	3.59812521934509
11.866804	0.0830000042915344	11.873037	3.59825015068054
11.889375	0.0812500044703484	11.895607	3.59862518310547
11.911926	0.0822500064969063	11.918163	3.59762525558472
11.934483	0.080375000834465	11.94072	3.59650015830994
11.957039	0.0860000029206276	11.963292	3.59612512588501
11.979617	0.0826250016689301	11.985845	3.59662508964539
12.002188	0.0813750028610229	12.008427	3.59812521934509
12.024748	0.0827500075101852	12.030985	3.59912514686584
12.047305	0.0823750048875809	12.053537	3.5990002155304
12.069862	0.0813750028610229	12.076095	3.59925007820129
12.092447	0.0810000002384186	12.098685	3.59750008583069
12.115004	0.0797500014305115	12.121237	3.59650015830994
12.137576	0.0807500034570694	12.143809	3.59637522697449
12.160133	0.0825000032782555	12.166366	3.59675025939941
12.182687	0.0821250006556511	12.188924	3.59862518310547
12.205242	0.0876250043511391	12.211475	3.59925007820129
12.227785	0.0807500034570694	12.234018	3.59975028038025
12.250343	0.0815000012516975	12.256575	3.59912514686584
12.272894	0.0806250050663948	12.279131	3.59775018692017
12.295453	0.0807500034570694	12.301681	3.59662508964539
12.318006	0.0810000002384186	12.324239	3.59675025939941
12.340599	0.0810000002384186	12.346833	3.59787511825562
12.363154	0.0810000002384186	12.369391	3.59875011444092
12.385714	0.0832500010728836	12.391962	3.6001250743866
12.408287	0.080875001847744	12.414519	3.6001250743866
12.430844	0.0805000066757202	12.437086	3.59862518310547
12.453405	0.0806250050663948	12.459642	3.59787511825562
12.475966	0.0843750014901161	12.482199	3.59687519073486
12.498523	0.0812500044703484	12.504756	3.59762525558472
12.521082	0.0815000012516975	12.527315	3.59800028800964
12.543634	0.0818750038743019	12.549871	3.59937524795532
12.56619	0.0822500064969063	12.572446	3.60050010681152
12.588772	0.0812500044703484	12.595004	3.60037517547607
12.611323	0.0793750062584877	12.617581	3.59937524795532
12.6339	0.0806250050663948	12.640137	3.59800028800964
12.656456	0.080875001847744	12.662688	3.59725022315979
12.679011	0.0812500044703484	12.685243	3.59787511825562
12.701584	0.0812500044703484	12.707822	3.59912514686584
12.724141	0.0816250070929527	12.730379	3.6001250743866
12.74671	0.0833750069141388	12.752944	3.60087513923645
12.769265	0.080875001847744	12.775497	3.60025024414062
12.791813	0.080375000834465	12.798046	3.59887528419495
12.814365	0.0798750072717667	12.820603	3.59825015068054
12.836926	0.0805000066757202	12.84316	3.59787511825562
12.859485	0.0810000002384186	12.865717	3.59800028800964
12.882063	0.0807500034570694	12.888301	3.59975028038025
12.904621	0.0827500075101852	12.910858	3.60037517547607
12.927197	0.0816250070929527	12.933429	3.60112524032593
12.949745	0.080875001847744	12.955978	3.60000014305115
12.972325	0.0811250060796738	12.978559	3.59937524795532
12.994872	0.080875001847744	13.001111	3.59837508201599
13.017438	0.080875001847744	13.023671	3.59775018692017
13.039996	0.0812500044703484	13.046229	3.59875011444092
13.062556	0.0812500044703484	13.068795	3.5998752117157
13.085117	0.0825000032782555	13.091349	3.60137510299683
13.107689	0.0817500054836273	13.113922	3.60125017166138
13.130247	0.0825000032782555	13.136479	3.60025024414062
13.152797	0.0813750028610229	13.159036	3.59950017929077
13.175355	0.080375000834465	13.181583	3.59812521934509
13.197939	0.0813750028610229	13.204179	3.59850025177002
13.220513	0.0817500054836273	13.226752	3.5998752117157
13.243095	0.080375000834465	13.249328	3.60050010681152
13.26564	0.0826250016689301	13.271893	3.60137510299683
13.288219	0.0816250070929527	13.294452	3.6018750667572
13.310777	0.0807500034570694	13.31701	3.6010000705719
13.333346	0.0815000012516975	13.339591	3.5998752117157
13.355916	0.080875001847744	13.362165	3.59837508201599
13.378492	0.083125002682209	13.384724	3.59912514686584
13.401066	0.0793750062584877	13.407299	3.59975028038025
13.423619	0.0837500020861626	13.429852	3.60137510299683
13.446176	0.0835000053048134	13.452409	3.60175013542175
13.468733	0.0812500044703484	13.474966	3.6010000705719
13.491294	0.0811250060796738	13.497527	3.600750207901
13.513847	0.0811250060796738	13.520084	3.59925007820129
13.536404	0.0807500034570694	13.542637	3.59875011444092
13.558961	0.0816250070929527	13.565194	3.59925007820129
13.581517	0.0820000022649765	13.587755	3.60000014305115
13.604089	0.0820000022649765	13.610326	3.6016252040863
13.626645	0.0833750069141388	13.632878	3.60225009918213
13.649203	0.0816250070929527	13.655435	3.60137510299683
13.671755	0.0813750028610229	13.677992	3.60087513923645
13.694311	0.0802500024437904	13.700549	3.59912514686584
13.716869	0.0817500054836273	13.723102	3.59912514686584
13.739427	0.0815000012516975	13.745659	3.59975028038025
13.761979	0.0807500034570694	13.768216	3.60087513923645
13.784535	0.0832500010728836	13.790772	3.60175013542175
13.807096	0.0826250016689301	13.813329	3.60237526893616
13.829649	0.0847500041127205	13.835887	3.6016252040863
13.852211	0.0815000012516975	13.858443	3.60062527656555
13.87477	0.0802500024437904	13.881004	3.59887528419495
13.897326	0.080875001847744	13.903558	3.59912514686584
13.919878	0.0813750028610229	13.926111	3.59962511062622
13.942444	0.0812500044703484	13.948677	3.60087513923645
13.965031	0.0827500075101852	13.971266	3.60225009918213
13.987602	0.0817500054836273	13.993841	3.60225009918213
14.010181	0.0818750038743019	14.016414	3.60175013542175
14.032742	0.080875001847744	14.03898	3.5998752117157
14.055301	0.0811250060796738	14.061533	3.59962511062622
14.077857	0.0813750028610229	14.08409	3.59950017929077
14.100414	0.0807500034570694	14.106647	3.60025024414062
14.122952	0.0821250006556511	14.12919	3.60237526893616
14.145513	0.0825000032782555	14.151746	3.60262513160706
14.168087	0.0815000012516975	14.174319	3.60237526893616
14.190638	0.0806250050663948	14.196871	3.6016252040863
14.213191	0.080875001847744	14.219428	3.6001250743866
14.235747	0.080875001847744	14.24198	3.59975028038025
14.258303	0.0813750028610229	14.264536	3.60000014305115
14.280861	0.0797500014305115	14.287093	3.60062527656555
14.303402	0.0827500075101852	14.309637	3.60250020027161
14.325957	0.0793750062584877	14.332208	3.60262513160706
14.348539	0.0813750028610229	14.354777	3.60237526893616
14.371116	0.083125002682209	14.377349	3.60125017166138
14.393672	0.080875001847744	14.399909	3.60025024414062
14.41623	0.0838750004768372	14.422464	3.59962511062622
14.438788	0.0818750038743019	14.44502	3.59975028038025
14.46134	0.0807500034570694	14.467574	3.60112524032593
14.483893	0.0820000022649765	14.49013	3.60250020027161
14.506449	0.0821250006556511	14.512682	3.60325026512146
14.529006	0.078625001013279	14.535239	3.60237526893616
14.551584	0.0817500054836273	14.557821	3.60125017166138
14.574131	0.0796250030398369	14.580364	3.60000014305115
14.596706	0.0806250050663948	14.602938	3.59950017929077
14.619262	0.0811250060796738	14.625495	3.60050010681152
14.641814	0.0805000066757202	14.648052	3.60175013542175
14.664371	0.083625003695488	14.670608	3.60262513160706
14.686928	0.0818750038743019	14.69316	3.60287523269653
14.709484	0.0806250050663948	14.715717	3.60237526893616
14.732036	0.0820000022649765	14.738273	3.60050010681152
14.754605	0.0811250060796738	14.760842	3.60000014305115
14.777163	0.0812500044703484	14.783396	3.59975028038025
14.799722	0.0822500064969063	14.805954	3.60062527656555
14.822274	0.0817500054836273	14.828511	3.6027500629425
14.844849	0.0828750059008598	14.851086	3.60287523269653
14.867407	0.0822500064969063	14.87364	3.60300016403198
14.889965	0.0815000012516975	14.896197	3.60237526893616
14.912515	0.0812500044703484	14.918752	3.6001250743866
14.935072	0.0816250070929527	14.9413	3.60050010681152
14.957621	0.0812500044703484	14.963854	3.6001250743866
14.980174	0.0812500044703484	14.986426	3.60087513923645
15.002757	0.0811250060796738	15.008985	3.60250020027161
15.025302	0.0838750004768372	15.031541	3.60337519645691
15.047865	0.0815000012516975	15.054103	3.60262513160706
15.07042	0.0821250006556511	15.076652	3.6027500629425
15.092972	0.0806250050663948	15.09921	3.60087513923645
15.115535	0.0802500024437904	15.121768	3.60000014305115
15.138092	0.0817500054836273	15.144325	3.60050010681152
15.160651	0.080875001847744	15.166885	3.6010000705719
15.183196	0.0830000042915344	15.189429	3.60287523269653
15.20575	0.0823750048875809	15.211982	3.60312509536743
15.228307	0.0810000002384186	15.234539	3.60312509536743
15.250862	0.0805000066757202	15.257096	3.60262513160706
15.273426	0.0832500010728836	15.279659	3.60062527656555
15.295979	0.0805000066757202	15.302211	3.60025024414062
15.318535	0.0813750028610229	15.324768	3.600750207901
15.341118	0.0812500044703484	15.347347	3.6016252040863
15.363678	0.0841250047087669	15.369916	3.6027500629425
15.386237	0.0828750059008598	15.392469	3.60337519645691
15.408794	0.0817500054836273	15.415027	3.60262513160706
15.431347	0.0857500061392784	15.43758	3.6010000705719
15.453899	0.0806250050663948	15.460137	3.60050010681152
15.476456	0.0820000022649765	15.482689	3.59975028038025
15.499017	0.0822500064969063	15.505249	3.60087513923645
15.521584	0.0816250070929527	15.527822	3.60212516784668
15.544143	0.0832500010728836	15.55038	3.60325026512146
15.566712	0.0828750059008598	15.572945	3.60337519645691
15.589269	0.080875001847744	15.595501	3.60262513160706
15.61182	0.0816250070929527	15.618057	3.600750207901
15.634376	0.080875001847744	15.640614	3.60050010681152
15.656932	0.0821250006556511	15.663165	3.6001250743866
15.679488	0.0816250070929527	15.68572	3.60087513923645
15.70207	0.0818750038743019	15.708307	3.60262513160706
15.724626	0.0828750059008598	15.730864	3.60325026512146
15.747199	0.0822500064969063	15.753431	3.60350012779236
15.769756	0.0823750048875809	15.775988	3.6027500629425
15.792308	0.0811250060796738	15.798546	3.6010000705719
15.814864	0.0816250070929527	15.821102	3.60062527656555
15.837424	0.0813750028610229	15.843662	3.60062527656555
15.860001	0.0807500034570694	15.866233	3.60112524032593
15.882552	0.0880000069737434	15.888784	3.60300016403198
15.905104	0.0826250016689301	15.911337	3.60350012779236
15.927681	0.0817500054836273	15.933913	3.60312509536743
15.950237	0.0813750028610229	15.95647	3.60250020027161
15.972872	0.0805000066757202	15.979106	3.60150027275085
15.995435	0.0801250040531158	16.001696	3.600750207901
16.018022	0.0817500054836273	16.024255	3.6010000705719
16.040583	0.0822500064969063	16.046821	3.60225009918213
16.063145	0.0847500041127205	16.069377	3.6027500629425
16.085704	0.0828750059008598	16.091937	3.60337519645691
16.108264	0.0806250050663948	16.114496	3.60337519645691
16.130819	0.0811250060796738	16.137052	3.60250020027161
16.153374	0.0805000066757202	16.159606	3.60112524032593
16.175926	0.0805000066757202	16.182161	3.6010000705719
16.198495	0.0815000012516975	16.204727	3.60112524032593
16.221052	0.0812500044703484	16.227285	3.60262513160706
16.243607	0.0823750048875809	16.249844	3.60350012779236
16.266164	0.0826250016689301	16.272396	3.60362505912781
16.288721	0.0813750028610229	16.294953	3.60350012779236
16.311273	0.0822500064969063	16.317505	3.60200023651123
16.333841	0.0801250040531158	16.340085	3.60150027275085
16.356408	0.0806250050663948	16.362642	3.60050010681152
16.378968	0.0782500058412552	16.385201	3.60125017166138
16.401542	0.0822500064969063	16.407781	3.60262513160706
16.424091	0.0833750069141388	16.430323	3.60337519645691
16.446643	0.0846250057220459	16.452876	3.60425019264221
16.469196	0.0817500054836273	16.475429	3.60300016403198
16.491751	0.0807500034570694	16.497988	3.60175013542175
16.514308	0.0807500034570694	16.520546	3.60050010681152
16.536866	0.0821250006556511	16.543098	3.60087513923645
16.559423	0.0807500034570694	16.565655	3.6016252040863
16.581974	0.0828750059008598	16.588212	3.60300016403198
16.604544	0.0825000032782555	16.610783	3.60350012779236
16.627094	0.0813750028610229	16.633327	3.60375022888184
16.649652	0.0802500024437904	16.655885	3.60237526893616
16.672205	0.0792500004172325	16.678442	3.60175013542175
16.694762	0.080875001847744	16.701	3.600750207901
16.717323	0.0812500044703484	16.723556	3.6010000705719
16.739881	0.0811250060796738	16.746114	3.60175013542175
16.762455	0.0821250006556511	16.768693	3.60325026512146
16.785013	0.083125002682209	16.791246	3.60425019264221
16.807575	0.0807500034570694	16.813808	3.60362505912781
16.830128	0.0818750038743019	16.836361	3.60262513160706
16.852682	0.0807500034570694	16.858919	3.60175013542175
16.875239	0.0813750028610229	16.881475	3.6010000705719
16.897799	0.0810000002384186	16.904032	3.60062527656555
16.920355	0.0815000012516975	16.926586	3.6016252040863
16.9429	0.0807500034570694	16.949133	3.60350012779236
16.965498	0.0843750014901161	16.971735	3.60400009155273
16.988073	0.0817500054836273	16.9943	3.60412526130676
17.010621	0.0816250070929527	17.016855	3.60262513160706
17.03318	0.0805000066757202	17.039418	3.60150027275085
17.055738	0.0783750042319298	17.061971	3.6010000705719
17.078296	0.0820000022649765	17.084528	3.60112524032593
17.100852	0.0811250060796738	17.107102	3.60362505912781
17.123424	0.0828750059008598	17.129661	3.60362505912781
17.145983	0.0810000002384186	17.152217	3.60437512397766
17.168541	0.0813750028610229	17.174774	3.60312509536743
17.191101	0.0813750028610229	17.197334	3.60250020027161
17.213654	0.0816250070929527	17.219887	3.60112524032593
17.236208	0.0812500044703484	17.242443	3.60087513923645
17.258766	0.0811250060796738	17.264994	3.60125017166138
17.281313	0.0815000012516975	17.287546	3.60300016403198
17.303866	0.0826250016689301	17.310103	3.60475015640259
17.326439	0.0821250006556511	17.332689	3.60412526130676
17.349021	0.0816250070929527	17.355259	3.60375022888184
17.371584	0.0812500044703484	17.377822	3.60200023651123
17.394141	0.0805000066757202	17.400374	3.60087513923645
17.416712	0.0806250050663948	17.42294	3.60125017166138
17.439268	0.0815000012516975	17.4455	3.60237526893616
17.461822	0.0826250016689301	17.468059	3.60287523269653
17.484379	0.0837500020861626	17.490611	3.60425019264221
17.506937	0.0846250057220459	17.513175	3.60412526130676
17.529501	0.0822500064969063	17.535734	3.60287523269653
17.55207	0.080875001847744	17.558309	3.60200023651123
17.574629	0.0805000066757202	17.580867	3.60112524032593
17.597197	0.080375000834465	17.60343	3.6010000705719
17.619754	0.0825000032782555	17.625986	3.60250020027161
17.642305	0.0826250016689301	17.648542	3.60312509536743
17.664862	0.0828750059008598	17.671099	3.60425019264221
17.687431	0.0813750028610229	17.693664	3.60412526130676
17.70998	0.0800000056624413	17.716213	3.60300016403198
17.732544	0.0807500034570694	17.738781	3.60225009918213
17.755102	0.0806250050663948	17.761335	3.60137510299683
17.77768	0.0811250060796738	17.783912	3.60200023651123
17.800236	0.0810000002384186	17.806469	3.6027500629425
17.822787	0.0825000032782555	17.829025	3.60337519645691
17.845351	0.0860000029206276	17.851586	3.60425019264221
17.867926	0.0815000012516975	17.874158	3.60325026512146
17.890477	0.0815000012516975	17.896713	3.60237526893616
17.913033	0.080375000834465	17.91927	3.60125017166138
17.93559	0.0811250060796738	17.941823	3.6010000705719
17.958147	0.0822500064969063	17.964405	3.6016252040863
17.98073	0.0817500054836273	17.986959	3.60300016403198
18.003283	0.0825000032782555	18.009516	3.60425019264221
18.02584	0.0820000022649765	18.032073	3.60500025749207
18.048397	0.0810000002384186	18.05463	3.60325026512146
18.070969	0.0801250040531158	18.077203	3.60250020027161
18.093513	0.0780000016093254	18.099747	3.60137510299683
18.116067	0.0813750028610229	18.1223	3.60112524032593
18.138625	0.0811250060796738	18.144857	3.60150027275085
18.161197	0.0813750028610229	18.16743	3.60312509536743
18.183749	0.0828750059008598	18.189986	3.60425019264221
18.206304	0.0820000022649765	18.212543	3.60425019264221
18.228866	0.0788750052452087	18.235099	3.60300016403198
18.251425	0.080875001847744	18.257679	3.60237526893616
18.274	0.0810000002384186	18.280232	3.60137510299683
18.296554	0.080875001847744	18.302787	3.60125017166138
18.319113	0.0802500024437904	18.325346	3.60212516784668
18.341696	0.0816250070929527	18.34793	3.60362505912781
18.364273	0.083125002682209	18.370506	3.60450005531311
18.386819	0.0816250070929527	18.393058	3.60450005531311
18.40939	0.0821250006556511	18.415623	3.60337519645691
18.431961	0.080375000834465	18.438193	3.6016252040863
18.454515	0.0810000002384186	18.460752	3.60125017166138
18.47709	0.0811250060796738	18.483323	3.6016252040863
18.499649	0.0813750028610229	18.505882	3.60250020027161
18.522201	0.0820000022649765	18.528439	3.60400009155273
18.544749	0.0830000042915344	18.550986	3.60437512397766
18.567306	0.0816250070929527	18.573539	3.60412526130676
18.589867	0.0817500054836273	18.596099	3.60337519645691
18.612418	0.0812500044703484	18.618655	3.60150027275085
18.634975	0.0811250060796738	18.641208	3.60137510299683
18.657527	0.0823750048875809	18.66376	3.6018750667572
18.680085	0.0817500054836273	18.686317	3.60262513160706
18.702636	0.083625003695488	18.708869	3.60400009155273
18.725187	0.0841250047087669	18.73142	3.60475015640259
18.747744	0.0812500044703484	18.753976	3.60387516021729
18.770301	0.0843750014901161	18.776533	3.60287523269653
18.792857	0.080875001847744	18.799094	3.60150027275085
18.815426	0.0810000002384186	18.821676	3.60125017166138
18.838013	0.080375000834465	18.844246	3.60237526893616
18.860577	0.0817500054836273	18.86681	3.6027500629425
18.883131	0.0841250047087669	18.889368	3.60450005531311
18.905687	0.0821250006556511	18.911921	3.60450005531311
18.928245	0.0821250006556511	18.934478	3.60412526130676
18.950792	0.0818750038743019	18.957024	3.60287523269653
18.97336	0.080875001847744	18.979593	3.60150027275085
18.995911	0.0813750028610229	19.002182	3.60150027275085
19.018522	0.0815000012516975	19.024754	3.60225009918213
19.041069	0.0815000012516975	19.047302	3.60375022888184
19.063623	0.0845000073313713	19.06986	3.60450005531311
19.086178	0.0817500054836273	19.092411	3.60462522506714
19.108734	0.080875001847744	19.114967	3.60400009155273
19.131293	0.0813750028610229	19.137526	3.60237526893616
19.153844	0.0785000026226044	19.160082	3.6018750667572
19.1764	0.0817500054836273	19.182633	3.60200023651123
19.198956	0.0817500054836273	19.205188	3.60250020027161
19.221508	0.0816250070929527	19.227746	3.60387516021729
19.244065	0.0841250047087669	19.250303	3.60437512397766
19.266624	0.0820000022649765	19.272857	3.60425019264221
19.289184	0.0810000002384186	19.295416	3.60325026512146
19.311737	0.0811250060796738	19.317975	3.6018750667572
19.334335	0.0817500054836273	19.340579	3.6016252040863
19.356903	0.0816250070929527	19.363136	3.60212516784668
19.379461	0.0816250070929527	19.385693	3.6027500629425
19.402012	0.0823750048875809	19.408246	3.60450005531311
19.424573	0.0818750038743019	19.430806	3.60425019264221
19.447127	0.0818750038743019	19.45336	3.60437512397766
19.469687	0.0813750028610229	19.47592	3.60337519645691
19.492261	0.080875001847744	19.498494	3.60200023651123
19.514805	0.080875001847744	19.521043	3.6016252040863
19.537364	0.0811250060796738	19.543597	3.6018750667572
19.559923	0.0812500044703484	19.566155	3.60312509536743
19.58255	0.0807500034570694	19.58881	3.60387516021729
19.605214	0.0861250013113022	19.611475	3.60500025749207
19.627851	0.0813750028610229	19.634121	3.60400009155273
19.650475	0.0806250050663948	19.656727	3.60287523269653
19.673049	0.0801250040531158	19.679282	3.60175013542175
19.695606	0.0825000032782555	19.701839	3.60137510299683
19.718164	0.0818750038743019	19.724396	3.60225009918213
19.740722	0.0817500054836273	19.746954	3.60375022888184
19.763279	0.0830000042915344	19.769517	3.60425019264221
19.785855	0.0821250006556511	19.792088	3.60437512397766
19.808407	0.080375000834465	19.81464	3.60412526130676
19.830967	0.0811250060796738	19.8372	3.60250020027161
19.85352	0.0807500034570694	19.859759	3.60175013542175
19.87608	0.0826250016689301	19.882313	3.60150027275085
19.898637	0.0815000012516975	19.90487	3.60312509536743
19.921199	0.0816250070929527	19.927431	3.60412526130676
19.943751	0.0838750004768372	19.949988	3.60512518882751
19.966355	0.0847500041127205	19.972598	3.60425019264221
19.988945	0.0813750028610229	19.995178	3.60300016403198
20.011514	0.0805000066757202	20.017753	3.60237526893616
20.034075	0.0811250060796738	20.040313	3.6018750667572
20.056632	0.0821250006556511	20.062867	3.60175013542175
20.079192	0.0821250006556511	20.085424	3.60337519645691
20.101744	0.0826250016689301	20.107981	3.60437512397766
20.124301	0.0833750069141388	20.130539	3.60437512397766
20.146858	0.0811250060796738	20.153091	3.60462522506714
20.169418	0.0817500054836273	20.175651	3.60312509536743
20.19197	0.0806250050663948	20.198207	3.60212516784668
20.214527	0.080375000834465	20.220765	3.60175013542175
20.237089	0.080875001847744	20.243322	3.60200023651123
20.259646	0.078625001013279	20.265879	3.60300016403198
20.282198	0.083125002682209	20.288436	3.60412526130676
20.304756	0.0822500064969063	20.310993	3.60475015640259
20.327312	0.0811250060796738	20.333562	3.60425019264221
20.349899	0.0852500051259995	20.356132	3.60225009918213
20.372457	0.0815000012516975	20.378695	3.6018750667572
20.39503	0.0806250050663948	20.401263	3.60200023651123
20.417583	0.0815000012516975	20.42382	3.60250020027161
20.440147	0.0816250070929527	20.446379	3.60400009155273
20.462698	0.0832500010728836	20.468935	3.60475015640259
20.485255	0.083125002682209	20.491488	3.60487508773804
20.507813	0.0810000002384186	20.514046	3.60412526130676
20.530369	0.0815000012516975	20.536602	3.6027500629425
20.552961	0.0861250013113022	20.559199	3.60150027275085
20.575524	0.0818750038743019	20.581757	3.60175013542175
20.598079	0.0813750028610229	20.604306	3.6027500629425
20.620629	0.0827500075101852	20.626857	3.60375022888184
20.643187	0.0825000032782555	20.649421	3.60475015640259
20.665742	0.0818750038743019	20.671979	3.60512518882751
20.688301	0.0818750038743019	20.694534	3.60312509536743
20.710853	0.0826250016689301	20.717092	3.60262513160706
20.733415	0.0810000002384186	20.739652	3.6018750667572
20.755972	0.0820000022649765	20.762205	3.60225009918213
20.778532	0.0816250070929527	20.784764	3.60300016403198
20.801089	0.0813750028610229	20.807322	3.60412526130676
20.823641	0.0825000032782555	20.829879	3.60487508773804
20.846201	0.0826250016689301	20.852454	3.60500025749207
20.868778	0.0798750072717667	20.875011	3.60337519645691
20.891332	0.080875001847744	20.897581	3.60262513160706
20.913915	0.0802500024437904	20.920153	3.6016252040863
20.936463	0.0828750059008598	20.942691	3.60212516784668
20.95902	0.0818750038743019	20.965277	3.60325026512146
20.981605	0.0820000022649765	20.987833	3.60462522506714
21.004161	0.0825000032782555	21.0104	3.60500025749207
21.026722	0.0828750059008598	21.032954	3.60462522506714
21.049279	0.0816250070929527	21.055511	3.60337519645691
21.071831	0.0806250050663948	21.078068	3.60225009918213
21.094392	0.0818750038743019	21.100629	3.60200023651123
21.116949	0.0820000022649765	21.123182	3.60225009918213
21.139509	0.0806250050663948	21.145742	3.60375022888184
21.162071	0.0830000042915344	21.168308	3.60487508773804
21.184628	0.0823750048875809	21.190865	3.60500025749207
21.207198	0.0817500054836273	21.213431	3.60412526130676
21.229755	0.0818750038743019	21.235987	3.60287523269653
21.252307	0.0812500044703484	21.258544	3.6016252040863
21.274877	0.0818750038743019	21.281114	3.60200023651123
21.297434	0.0816250070929527	21.303661	3.60287523269653
21.319987	0.0820000022649765	21.32622	3.60387516021729
21.342561	0.0835000053048134	21.3488	3.60437512397766
21.365123	0.0822500064969063	21.371356	3.60500025749207
21.387681	0.0815000012516975	21.393913	3.60350012779236
21.410236	0.0812500044703484	21.416468	3.60287523269653
21.432783	0.0807500034570694	21.43902	3.60175013542175
21.455343	0.0816250070929527	21.461584	3.60200023651123
21.477908	0.0826250016689301	21.48414	3.60325026512146
21.500459	0.0816250070929527	21.506713	3.60400009155273
21.523032	0.0832500010728836	21.529269	3.60487508773804
21.545588	0.0821250006556511	21.551821	3.60462522506714
21.568146	0.0820000022649765	21.574378	3.60350012779236
21.5907	0.0811250060796738	21.596933	3.60312509536743
21.613253	0.080875001847744	21.61949	3.60175013542175
21.635812	0.0823750048875809	21.64207	3.6018750667572
21.658391	0.0818750038743019	21.664618	3.60337519645691
21.680946	0.0833750069141388	21.687205	3.60450005531311
21.703526	0.0827500075101852	21.70976	3.60537528991699
21.726082	0.0860000029206276	21.732314	3.60462522506714
21.748635	0.0806250050663948	21.754867	3.60375022888184
21.771197	0.0805000066757202	21.77743	3.60237526893616
21.793767	0.0816250070929527	21.800004	3.60237526893616
21.816323	0.0813750028610229	21.822561	3.60250020027161
21.83889	0.0818750038743019	21.845122	3.60350012779236
21.861442	0.0830000042915344	21.86768	3.60450005531311
21.884	0.0830000042915344	21.890237	3.60475015640259
21.906556	0.0815000012516975	21.912788	3.60450005531311
21.929113	0.0812500044703484	21.935345	3.60325026512146
21.951677	0.0816250070929527	21.957915	3.60112524032593
21.974263	0.0810000002384186	21.980497	3.60225009918213
21.996825	0.0825000032782555	22.003065	3.60287523269653
22.019394	0.0822500064969063	22.025626	3.60437512397766
22.041965	0.0835000053048134	22.048198	3.60525012016296
22.064518	0.0827500075101852	22.070756	3.60525012016296
22.08709	0.0815000012516975	22.093323	3.60425019264221
22.109647	0.0810000002384186	22.11588	3.60350012779236
22.132199	0.0812500044703484	22.138437	3.6018750667572
22.154773	0.0816250070929527	22.161012	3.60237526893616
22.177322	0.0817500054836273	22.183555	3.60287523269653
22.199879	0.083125002682209	22.206112	3.60400009155273
22.222444	0.0825000032782555	22.228681	3.60525012016296
22.245001	0.0823750048875809	22.251234	3.60537528991699
22.267553	0.0813750028610229	22.273785	3.60387516021729
22.290109	0.0816250070929527	22.296341	3.6027500629425
22.312661	0.0802500024437904	22.318893	3.60212516784668
22.335231	0.0818750038743019	22.341479	3.60225009918213
22.357798	0.0810000002384186	22.364032	3.60325026512146
22.38036	0.0822500064969063	22.386593	3.60412526130676
22.402938	0.0833750069141388	22.409175	3.60562515258789
22.425495	0.0818750038743019	22.431728	3.60512518882751
22.448052	0.0813750028610229	22.454285	3.60425019264221
22.470609	0.0813750028610229	22.476841	3.60225009918213
22.493174	0.0821250006556511	22.499412	3.60237526893616
22.515722	0.0817500054836273	22.521971	3.60312509536743
22.538295	0.0821250006556511	22.544528	3.60375022888184
22.560851	0.0830000042915344	22.567087	3.60450005531311
22.583406	0.0835000053048134	22.589644	3.60575008392334
22.605963	0.0815000012516975	22.612195	3.60475015640259
22.628511	0.0812500044703484	22.634744	3.60400009155273
22.651068	0.0813750028610229	22.657301	3.60287523269653
22.673621	0.0820000022649765	22.679859	3.60237526893616
22.696185	0.0812500044703484	22.702418	3.60312509536743
22.718741	0.0822500064969063	22.724968	3.60362505912781
22.741306	0.0827500075101852	22.747539	3.60525012016296
22.763861	0.0842500030994415	22.770094	3.60537528991699
22.786416	0.0815000012516975	22.792649	3.60487508773804
22.808969	0.0838750004768372	22.815202	3.60375022888184
22.831526	0.0813750028610229	22.837764	3.6027500629425
22.854087	0.0822500064969063	22.860325	3.60200023651123
22.876643	0.0818750038743019	22.882876	3.60325026512146
22.899202	0.0817500054836273	22.905434	3.60350012779236
22.921753	0.0832500010728836	22.927991	3.60462522506714
22.944303	0.0825000032782555	22.950535	3.60512518882751
22.966899	0.0816250070929527	22.973133	3.60475015640259
22.989453	0.0815000012516975	22.995681	3.60287523269653
23.012013	0.0811250060796738	23.018251	3.60250020027161
23.034571	0.0810000002384186	23.040809	3.60225009918213
23.057135	0.0851250067353249	23.063369	3.60325026512146
23.079694	0.0818750038743019	23.085926	3.60500025749207
23.102253	0.0843750014901161	23.10849	3.60512518882751
23.124809	0.0816250070929527	23.131047	3.60525012016296
23.147367	0.0811250060796738	23.153599	3.60400009155273
23.169924	0.0820000022649765	23.176156	3.6027500629425
23.192476	0.0818750038743019	23.198714	3.6027500629425
23.215047	0.0813750028610229	23.221294	3.60225009918213
23.237614	0.080875001847744	23.243846	3.60362505912781
23.260171	0.0816250070929527	23.266404	3.60487508773804
23.282742	0.0832500010728836	23.28898	3.60537528991699
23.305298	0.0813750028610229	23.311532	3.60537528991699
23.327857	0.0810000002384186	23.334114	3.60437512397766
23.350456	0.0812500044703484	23.356715	3.6027500629425
23.373053	0.0812500044703484	23.379291	3.60237526893616
23.39561	0.0826250016689301	23.401843	3.60262513160706
23.41817	0.0815000012516975	23.424398	3.60375022888184
23.440733	0.0822500064969063	23.446966	3.60500025749207
23.463295	0.0832500010728836	23.46954	3.60600018501282
23.485864	0.0788750052452087	23.492097	3.60500025749207
23.508415	0.0815000012516975	23.514649	3.60375022888184
23.530973	0.0812500044703484	23.537206	3.60287523269653
23.553543	0.080875001847744	23.559781	3.60200023651123
23.576101	0.080375000834465	23.582341	3.60312509536743
23.598668	0.0796250030398369	23.604901	3.60437512397766
23.621221	0.0828750059008598	23.627454	3.60562515258789
23.643773	0.0823750048875809	23.650011	3.60550022125244
23.666322	0.0813750028610229	23.672557	3.60487508773804
23.688884	0.0807500034570694	23.695117	3.60312509536743
23.711435	0.0810000002384186	23.717673	3.60287523269653
23.733993	0.0817500054836273	23.74023	3.60212516784668
23.756554	0.0827500075101852	23.762787	3.60337519645691
23.779106	0.0811250060796738	23.785339	3.60412526130676
23.801675	0.0827500075101852	23.807912	3.60525012016296
23.824232	0.0817500054836273	23.830466	3.60550022125244
23.8468	0.0812500044703484	23.853033	3.60475015640259
23.869357	0.0816250070929527	23.87559	3.60325026512146
23.89191	0.0810000002384186	23.898143	3.60262513160706
23.914476	0.0810000002384186	23.920714	3.60212516784668
23.937033	0.0816250070929527	23.943266	3.60337519645691
23.959592	0.0821250006556511	23.965851	3.60500025749207
23.98219	0.0837500020861626	23.98843	3.60575008392334
24.004758	0.0816250070929527	24.010992	3.60575008392334
24.027316	0.0816250070929527	24.033549	3.60450005531311
24.049873	0.085875004529953	24.056105	3.60350012779236
24.07245	0.0812500044703484	24.078687	3.60262513160706
24.095009	0.0813750028610229	24.101241	3.60300016403198
24.117579	0.0813750028610229	24.123812	3.60400009155273
24.14015	0.0841250047087669	24.146382	3.60500025749207
24.162701	0.0835000053048134	24.168939	3.60587525367737
24.185259	0.0812500044703484	24.191492	3.60562515258789
24.207816	0.0821250006556511	24.214048	3.60375022888184
24.230372	0.0806250050663948	24.236605	3.60312509536743
24.25295	0.0807500034570694	24.259188	3.60287523269653
24.275507	0.0780000016093254	24.28174	3.60287523269653
24.298064	0.0807500034570694	24.304296	3.60437512397766
24.320623	0.0840000063180923	24.326856	3.60487508773804
24.343207	0.0833750069141388	24.349445	3.60537528991699
24.36577	0.0818750038743019	24.372004	3.60512518882751
24.388329	0.0812500044703484	24.394562	3.60375022888184
24.410887	0.0821250006556511	24.41712	3.60300016403198
24.43344	0.0817500054836273	24.439677	3.60237526893616
24.455997	0.0815000012516975	24.46223	3.60300016403198
24.478555	0.0826250016689301	24.484788	3.60450005531311
24.501112	0.083125002682209	24.507345	3.60537528991699
24.523679	0.0826250016689301	24.529916	3.60550022125244
24.546236	0.0813750028610229	24.552469	3.60537528991699
24.568795	0.0811250060796738	24.575027	3.60362505912781
24.591346	0.080375000834465	24.597579	3.60262513160706
24.613898	0.0817500054836273	24.620135	3.6027500629425
24.636455	0.0817500054836273	24.642688	3.60300016403198
24.659015	0.0826250016689301	24.665249	3.60512518882751
24.681584	0.0827500075101852	24.687821	3.60562515258789
24.704132	0.080875001847744	24.71037	3.60575008392334
24.726712	0.0806250050663948	24.732945	3.60350012779236
24.749261	0.080875001847744	24.755493	3.60350012779236
24.771819	0.0810000002384186	24.778057	3.60237526893616
24.794381	0.0816250070929527	24.800618	3.60287523269653
24.816939	0.0793750062584877	24.823172	3.60425019264221
24.839499	0.0828750059008598	24.845732	3.60487508773804
24.862072	0.0828750059008598	24.868309	3.60600018501282
24.884629	0.0813750028610229	24.890866	3.60525012016296
24.907197	0.0813750028610229	24.913429	3.60425019264221
24.929754	0.0813750028610229	24.935987	3.60325026512146
24.95231	0.080375000834465	24.958543	3.60262513160706
24.974881	0.0822500064969063	24.981114	3.60312509536743
24.997428	0.0823750048875809	25.003661	3.60362505912781
25.019985	0.0867500007152557	25.026213	3.60562515258789
25.042542	0.0826250016689301	25.048774	3.60587525367737
25.065094	0.0820000022649765	25.071326	3.60537528991699
25.087683	0.0850000008940697	25.093915	3.60387516021729
25.110254	0.0812500044703484	25.116486	3.60300016403198
25.132837	0.0812500044703484	25.139075	3.60250020027161
25.155395	0.0815000012516975	25.161629	3.60287523269653
25.177954	0.0810000002384186	25.184186	3.60437512397766
25.20051	0.0825000032782555	25.206743	3.60512518882751
25.223062	0.0823750048875809	25.229299	3.60600018501282
25.245619	0.0812500044703484	25.251873	3.60450005531311
25.268197	0.0818750038743019	25.27443	3.60400009155273
25.290767	0.0825000032782555	25.297	3.60312509536743
25.313319	0.0822500064969063	25.319556	3.60287523269653
25.335882	0.0822500064969063	25.342116	3.60400009155273
25.35844	0.0850000008940697	25.364672	3.60462522506714
25.380999	0.0837500020861626	25.387231	3.60550022125244
25.40355	0.0818750038743019	25.409787	3.60600018501282
25.426106	0.0821250006556511	25.432343	3.60487508773804
25.448668	0.0802500024437904	25.4549	3.60337519645691
25.471225	0.0816250070929527	25.477458	3.60212516784668
25.493791	0.0811250060796738	25.500028	3.60287523269653
25.516346	0.0813750028610229	25.52258	3.60425019264221
25.538905	0.0818750038743019	25.545137	3.60500025749207
25.561474	0.0806250050663948	25.567711	3.60587525367737
25.584021	0.0817500054836273	25.590254	3.60562515258789
25.606574	0.0820000022649765	25.612808	3.60437512397766
25.629132	0.0805000066757202	25.635364	3.60362505912781
25.651682	0.0807500034570694	25.65792	3.60300016403198
25.674242	0.0815000012516975	25.680479	3.60300016403198
25.696801	0.0817500054836273	25.703034	3.60362505912781
25.719359	0.0833750069141388	25.725591	3.60475015640259
25.741911	0.0827500075101852	25.748149	3.60562515258789
25.76447	0.0827500075101852	25.770707	3.60587525367737
25.787027	0.0818750038743019	25.79326	3.60437512397766
25.809585	0.0837500020861626	25.815818	3.60350012779236
25.832139	0.0818750038743019	25.838377	3.60262513160706
25.8547	0.0817500054836273	25.860937	3.60350012779236
25.877289	0.0807500034570694	25.883522	3.60475015640259
25.899837	0.0830000042915344	25.906069	3.60575008392334
25.922388	0.0821250006556511	25.928626	3.60612511634827
25.944945	0.0815000012516975	25.951198	3.60500025749207
25.96755	0.0820000022649765	25.973784	3.60450005531311
25.990109	0.0811250060796738	25.996342	3.60312509536743
26.012666	0.0838750004768372	26.018904	3.60262513160706
26.035224	0.0825000032782555	26.041475	3.60337519645691
26.057828	0.0816250070929527	26.064062	3.60462522506714
26.080389	0.0825000032782555	26.086622	3.60625028610229
26.102939	0.0820000022649765	26.109177	3.60562515258789
26.125489	0.0815000012516975	26.131721	3.60475015640259
26.148044	0.0806250050663948	26.154276	3.60462522506714
26.170598	0.0797500014305115	26.176831	3.60300016403198
26.193152	0.0820000022649765	26.199384	3.60300016403198
26.215703	0.0813750028610229	26.221936	3.60375022888184
26.238272	0.0822500064969063	26.244504	3.60500025749207
26.260842	0.0838750004768372	26.267086	3.60625028610229
26.283405	0.0823750048875809	26.289643	3.60612511634827
26.305962	0.0822500064969063	26.312195	3.60525012016296
26.328518	0.0816250070929527	26.334757	3.60425019264221
26.351086	0.0811250060796738	26.357319	3.60262513160706
26.373638	0.0820000022649765	26.379876	3.60312509536743
26.396196	0.0827500075101852	26.402446	3.60400009155273
26.418771	0.0826250016689301	26.425009	3.60500025749207
26.441344	0.0822500064969063	26.447579	3.60650014877319
26.463898	0.0821250006556511	26.470131	3.60562515258789
26.486452	0.0823750048875809	26.492685	3.60462522506714
26.509009	0.080375000834465	26.515242	3.60375022888184
26.531577	0.0810000002384186	26.537814	3.60325026512146
26.554134	0.0813750028610229	26.560371	3.60362505912781
26.576711	0.0815000012516975	26.582943	3.60450005531311
26.599267	0.0856250077486038	26.6055	3.60600018501282
26.621818	0.0837500020861626	26.628056	3.60625028610229
26.644388	0.0822500064969063	26.650626	3.60562515258789
26.666945	0.0828750059008598	26.673178	3.60475015640259
26.689501	0.0811250060796738	26.695733	3.60312509536743
26.712067	0.0845000073313713	26.718305	3.60312509536743
26.734625	0.0820000022649765	26.740862	3.60375022888184
26.757196	0.0817500054836273	26.763429	3.60487508773804
26.779753	0.0842500030994415	26.78598	3.60612511634827
26.802301	0.0823750048875809	26.808539	3.60662508010864
26.824861	0.0815000012516975	26.831094	3.60512518882751
26.847414	0.0826250016689301	26.853646	3.60450005531311
26.869969	0.0813750028610229	26.876202	3.60350012779236
26.892521	0.0816250070929527	26.898758	3.60312509536743
26.915079	0.0817500054836273	26.921311	3.60400009155273
26.93763	0.0815000012516975	26.943858	3.60512518882751
26.960202	0.0837500020861626	26.966455	3.60662508010864
26.982778	0.0818750038743019	26.989011	3.60675024986267
27.005338	0.0830000042915344	27.011586	3.60525012016296
27.027912	0.0813750028610229	27.034144	3.60450005531311
27.050473	0.0811250060796738	27.056711	3.60312509536743
27.073031	0.0830000042915344	27.079269	3.60362505912781
27.095588	0.0822500064969063	27.101821	3.60387516021729
27.118145	0.0823750048875809	27.124378	3.60575008392334
27.140702	0.083125002682209	27.146935	3.60625028610229
27.163254	0.0828750059008598	27.169492	3.60587525367737
27.185811	0.0823750048875809	27.192089	3.60512518882751
27.208418	0.0801250040531158	27.214652	3.60287523269653
27.230975	0.0810000002384186	27.237215	3.60312509536743
27.253537	0.0817500054836273	27.259769	3.60325026512146
27.276089	0.0821250006556511	27.282322	3.60450005531311
27.298644	0.083125002682209	27.304876	3.60600018501282
27.321198	0.0843750014901161	27.327431	3.60637521743774
27.343774	0.0812500044703484	27.350012	3.60587525367737
27.366339	0.0815000012516975	27.372572	3.60500025749207
27.388914	0.080875001847744	27.395147	3.60375022888184
27.411476	0.0815000012516975	27.417714	3.60312509536743
27.434036	0.0813750028610229	27.440273	3.60375022888184
27.456593	0.0812500044703484	27.46283	3.60437512397766
27.479156	0.0828750059008598	27.485388	3.60575008392334
27.501708	0.0827500075101852	27.507946	3.60662508010864
27.524265	0.0812500044703484	27.530503	3.60587525367737
27.546822	0.0821250006556511	27.553055	3.60462522506714
27.569383	0.0816250070929527	27.575615	3.60375022888184
27.591964	0.0787500068545341	27.598202	3.60300016403198
27.614522	0.080375000834465	27.62076	3.60425019264221
27.637089	0.0818750038743019	27.643321	3.60562515258789
27.65964	0.0827500075101852	27.665867	3.60625028610229
27.682188	0.0826250016689301	27.688425	3.6073751449585
27.704745	0.0806250050663948	27.710983	3.60625028610229
27.727302	0.0823750048875809	27.733535	3.60412526130676
27.749858	0.0806250050663948	27.756091	3.60337519645691
27.772412	0.0812500044703484	27.77865	3.60312509536743
27.794969	0.0820000022649765	27.801201	3.60387516021729
27.817522	0.0822500064969063	27.82375	3.60550022125244
27.840078	0.083625003695488	27.84631	3.60625028610229
27.862632	0.0830000042915344	27.868869	3.60600018501282
27.885189	0.0827500075101852	27.891422	3.60525012016296
27.907738	0.0812500044703484	27.913977	3.60362505912781
27.930303	0.0802500024437904	27.936535	3.60362505912781
27.952854	0.0813750028610229	27.959087	3.60362505912781
27.975434	0.083125002682209	27.981682	3.60450005531311
27.998032	0.0815000012516975	28.004265	3.60600018501282
28.020585	0.0832500010728836	28.026824	3.60637521743774
28.043144	0.0822500064969063	28.049381	3.60637521743774
28.065701	0.0823750048875809	28.071933	3.60562515258789
28.088259	0.0816250070929527	28.094492	3.60400009155273
28.110816	0.0818750038743019	28.11705	3.60312509536743
28.13337	0.0818750038743019	28.139607	3.60375022888184
28.155927	0.0823750048875809	28.162164	3.60475015640259
28.178503	0.0835000053048134	28.184735	3.60612511634827
28.201055	0.083625003695488	28.207288	3.60637521743774
28.223608	0.0837500020861626	28.229846	3.60587525367737
28.246165	0.0816250070929527	28.252398	3.60537528991699
28.268722	0.0806250050663948	28.274954	3.60387516021729
28.291297	0.0810000002384186	28.29753	3.60325026512146
28.313848	0.0815000012516975	28.320085	3.60387516021729
28.336427	0.0821250006556511	28.342661	3.60475015640259
28.358988	0.083125002682209	28.365221	3.60612511634827
28.381543	0.0835000053048134	28.387776	3.60662508010864
28.404103	0.0811250060796738	28.410335	3.60575008392334
28.426655	0.0821250006556511	28.432894	3.60487508773804
28.449216	0.0807500034570694	28.455448	3.60362505912781
28.471771	0.0812500044703484	28.478003	3.60337519645691
28.494326	0.0823750048875809	28.500558	3.60425019264221
28.516878	0.0816250070929527	28.52311	3.60587525367737
28.539449	0.0845000073313713	28.545682	3.60637521743774
28.562001	0.0828750059008598	28.568238	3.6071252822876
28.584559	0.0817500054836273	28.590797	3.60612511634827
28.607117	0.0810000002384186	28.613349	3.60400009155273
28.629674	0.0807500034570694	28.635906	3.60350012779236
28.652225	0.0812500044703484	28.658462	3.60400009155273
28.67478	0.0811250060796738	28.681018	3.60450005531311
28.697338	0.0815000012516975	28.703571	3.60662508010864
28.719894	0.083625003695488	28.726127	3.60612511634827
28.742453	0.0825000032782555	28.74869	3.60637521743774
28.76501	0.0822500064969063	28.771243	3.60612511634827
28.787572	0.0787500068545341	28.793805	3.60437512397766
28.810129	0.0813750028610229	28.816361	3.60337519645691
28.832686	0.0822500064969063	28.838923	3.60387516021729
28.855244	0.0815000012516975	28.861477	3.60475015640259
28.877803	0.083125002682209	28.884035	3.60575008392334
28.900359	0.0838750004768372	28.906592	3.60675024986267
28.922933	0.0810000002384186	28.929171	3.60650014877319
28.945496	0.0811250060796738	28.951734	3.60512518882751
28.968081	0.0807500034570694	28.974309	3.60412526130676
28.990632	0.0813750028610229	28.996861	3.60312509536743
29.013182	0.0835000053048134	29.019419	3.60362505912781
29.035744	0.0826250016689301	29.041977	3.60525012016296
29.058302	0.0842500030994415	29.064535	3.60637521743774
29.080858	0.083125002682209	29.087091	3.60650014877319
29.103411	0.0816250070929527	29.109648	3.60650014877319
29.125967	0.0821250006556511	29.1322	3.60462522506714
29.14854	0.0811250060796738	29.154772	3.60412526130676
29.171092	0.0812500044703484	29.177325	3.60375022888184
29.193646	0.0820000022649765	29.199883	3.60437512397766
29.216203	0.0827500075101852	29.222453	3.60575008392334
29.238777	0.0820000022649765	29.24501	3.60612511634827
29.261329	0.0802500024437904	29.267579	3.60687518119812
29.283926	0.0820000022649765	29.290164	3.60625028610229
29.306486	0.0818750038743019	29.312742	3.60450005531311
29.329067	0.0820000022649765	29.335305	3.60375022888184
29.351631	0.0820000022649765	29.357868	3.60362505912781
29.374188	0.0813750028610229	29.380426	3.60437512397766
29.396748	0.0833750069141388	29.40298	3.60587525367737
29.419304	0.0837500020861626	29.425537	3.60612511634827
29.441873	0.0821250006556511	29.44811	3.6073751449585
29.464429	0.0807500034570694	29.470666	3.60600018501282
29.487001	0.0798750072717667	29.493234	3.60475015640259
29.509558	0.0812500044703484	29.51579	3.60350012779236
29.532119	0.0822500064969063	29.538352	3.60362505912781
29.554672	0.0825000032782555	29.560904	3.60500025749207
29.577227	0.0828750059008598	29.58346	3.60600018501282
29.59978	0.0845000073313713	29.606013	3.60725021362305
29.622343	0.0812500044703484	29.628576	3.60725021362305
29.644889	0.0835000053048134	29.651122	3.60550022125244
29.667442	0.080875001847744	29.673675	3.60450005531311
29.690017	0.0813750028610229	29.696249	3.60387516021729
29.712568	0.0812500044703484	29.7188	3.60400009155273
29.735121	0.0820000022649765	29.741348	3.60587525367737
29.757673	0.0826250016689301	29.763905	3.60625028610229
29.78023	0.083625003695488	29.786463	3.6080002784729
29.802781	0.0811250060796738	29.809018	3.60687518119812
29.825337	0.0838750004768372	29.831589	3.60500025749207
29.847916	0.0816250070929527	29.854148	3.60412526130676
