Time_sec1	Voltage_A0TG	Time_sec2	Voltage_A1TG
0	0.900250017642975	0.006233	3.63425016403198
0.022557	0.900750041007996	0.02879	3.6340000629425
0.045135	0.900625050067902	0.051369	3.63462519645691
0.067696	0.900375068187714	0.073935	3.63612508773804
0.090287	0.900500059127808	0.096521	3.63687515258789
0.112837	0.900625050067902	0.11907	3.63687515258789
0.135391	0.90137505531311	0.141629	3.63612508773804
0.157948	0.900375068187714	0.164186	3.63512516021729
0.180507	0.901750028133392	0.18674	3.63412523269653
0.203063	0.901250064373016	0.209296	3.63425016403198
0.225627	0.900625050067902	0.231865	3.63462519645691
0.248184	0.902000069618225	0.254422	3.63625025749207
0.270741	0.901125013828278	0.276974	3.63712525367737
0.293298	0.900750041007996	0.299531	3.63712525367737
0.315852	0.901000022888184	0.32209	3.63550019264221
0.338409	0.900625050067902	0.344642	3.63512516021729
0.360968	0.901000022888184	0.367201	3.63325023651123
0.383524	0.902000069618225	0.389756	3.63387513160706
0.40609	0.899875044822693	0.41233	3.63475012779236
0.428664	0.901000022888184	0.434898	3.63625025749207
0.451224	0.901125013828278	0.457451	3.63812518119812
0.473801	0.900500059127808	0.480035	3.63700008392334
0.496358	0.900375068187714	0.50259	3.63500022888184
0.518911	0.899875044822693	0.525162	3.63437509536743
0.541484	0.900125026702881	0.547717	3.63350009918213
0.564037	0.899500072002411	0.57029	3.63437509536743
0.58661	0.901250064373016	0.592848	3.63575005531311
0.609168	0.902000069618225	0.615396	3.63675022125244
0.631721	0.901125013828278	0.63796	3.63737511634827
0.654302	0.900250017642975	0.660535	3.63662528991699
0.676846	0.900500059127808	0.683084	3.63500022888184
0.699404	0.900250017642975	0.705637	3.63450026512146
0.721962	0.898375034332275	0.728195	3.63362526893616
0.744515	0.900750041007996	0.750769	3.63437509536743
0.767088	0.901500046253204	0.773321	3.63587522506714
0.789643	0.905750036239624	0.795876	3.63600015640259
0.812201	0.901750028133392	0.818433	3.63725018501282
0.834762	0.901000022888184	0.840999	3.63650012016296
0.85731	0.900750041007996	0.863548	3.63525009155273
0.879869	0.900125026702881	0.886117	3.63437509536743
0.902442	0.901750028133392	0.90868	3.63375020027161
0.925003	0.899875044822693	0.931241	3.63375020027161
0.947561	0.901500046253204	0.953798	3.63600015640259
0.970118	0.901250064373016	0.976351	3.63675022125244
0.992674	0.90087503194809	0.998907	3.63687515258789
1.015241	0.90087503194809	1.021479	3.63550019264221
1.037837	0.899875044822693	1.044078	3.63475012779236
1.060403	0.902625024318695	1.066637	3.63375020027161
1.082966	0.899750053882599	1.089199	3.63350009918213
1.105538	0.901000022888184	1.111775	3.63475012779236
1.128096	0.90087503194809	1.134333	3.63600015640259
1.150652	0.900375068187714	1.156885	3.63737511634827
1.173209	0.901500046253204	1.179442	3.63675022125244
1.195761	0.900375068187714	1.201999	3.63550019264221
1.218333	0.903375029563904	1.22458	3.63450026512146
1.240901	0.901000022888184	1.247133	3.63350009918213
1.263459	0.901250064373016	1.269692	3.63337516784668
1.286028	0.90087503194809	1.292265	3.63512516021729
1.308587	0.897750020027161	1.31482	3.63625025749207
1.331145	0.900000035762787	1.337377	3.63687515258789
1.353702	0.900625050067902	1.359934	3.63612508773804
1.376244	0.90087503194809	1.382476	3.63550019264221
1.398798	0.899875044822693	1.405048	3.63412523269653
1.421381	0.90087503194809	1.427614	3.63375020027161
1.443939	0.89900004863739	1.450172	3.63387513160706
1.466494	0.900250017642975	1.472727	3.63487505912781
1.489046	0.901875019073486	1.495279	3.63687515258789
1.511605	0.900250017642975	1.517838	3.63662528991699
1.534179	0.90087503194809	1.540412	3.63587522506714
1.556731	0.899750053882599	1.562964	3.63500022888184
1.579284	0.900750041007996	1.585538	3.63362526893616
1.601863	0.900375068187714	1.608096	3.63362526893616
1.62442	0.900625050067902	1.630654	3.63425016403198
1.646973	0.901750028133392	1.65321	3.63537526130676
1.669529	0.900500059127808	1.675762	3.63700008392334
1.692086	0.901625037193298	1.698319	3.63687515258789
1.71464	0.899250030517578	1.720872	3.63575005531311
1.737192	0.900250017642975	1.743429	3.63487505912781
1.759749	0.899125039577484	1.765982	3.63375020027161
1.782305	0.900250017642975	1.788538	3.63387513160706
1.804869	0.904625058174133	1.811107	3.63475012779236
1.827428	0.901250064373016	1.833665	3.63525009155273
1.849997	0.902125060558319	1.85623	3.63650012016296
1.872553	0.898125052452087	1.878785	3.63687515258789
1.8951	0.900250017642975	1.901338	3.63550019264221
1.917661	0.900625050067902	1.923899	3.63437509536743
1.940221	0.90087503194809	1.946454	3.63387513160706
1.962778	0.899125039577484	1.96901	3.6331250667572
1.98535	0.900000035762787	1.991587	3.63450026512146
2.007907	0.900250017642975	2.014145	3.63562512397766
2.030484	0.901125013828278	2.036736	3.63700008392334
2.053064	0.901125013828278	2.059297	3.63700008392334
2.075674	0.900250017642975	2.081913	3.63575005531311
2.098233	0.899625062942505	2.104486	3.63387513160706
2.120804	0.900625050067902	2.127036	3.63362526893616
2.143378	0.900625050067902	2.149611	3.63300013542175
2.165926	0.900625050067902	2.172159	3.63450026512146
2.18848	0.901250064373016	2.194713	3.63587522506714
2.211037	0.900375068187714	2.217269	3.63662528991699
2.233592	0.898625016212463	2.239825	3.63637518882751
2.256144	0.899625062942505	2.262381	3.63512516021729
2.278699	0.904125034809113	2.284932	3.63350009918213
2.301255	0.900625050067902	2.307488	3.63350009918213
2.32381	0.900625050067902	2.330043	3.63375020027161
2.346363	0.900500059127808	2.3526	3.63487505912781
2.368919	0.901000022888184	2.375158	3.63612508773804
2.391484	0.90087503194809	2.397716	3.63650012016296
2.414063	0.901250064373016	2.420297	3.63625025749207
2.436619	0.901250064373016	2.442856	3.63487505912781
2.459176	0.900250017642975	2.465409	3.63300013542175
2.481733	0.901250064373016	2.487966	3.63325023651123
2.504289	0.901250064373016	2.510522	3.63387513160706
2.526841	0.902000069618225	2.533075	3.63487505912781
2.549397	0.902125060558319	2.55563	3.63650012016296
2.571956	0.900750041007996	2.578188	3.63637518882751
2.594508	0.901250064373016	2.600741	3.63575005531311
2.617062	0.902125060558319	2.623295	3.63462519645691
2.639616	0.900625050067902	2.645849	3.63337516784668
2.66217	0.900500059127808	2.668403	3.63337516784668
2.684722	0.900625050067902	2.690965	3.63425016403198
2.707299	0.900500059127808	2.713537	3.63562512397766
2.729855	0.900500059127808	2.736088	3.63600015640259
2.752414	0.90087503194809	2.758646	3.63612508773804
2.774965	0.897125065326691	2.781203	3.63575005531311
2.797522	0.90137505531311	2.80376	3.63387513160706
2.820087	0.89900004863739	2.82632	3.6328752040863
2.842644	0.900250017642975	2.848877	3.63375020027161
2.865197	0.901000022888184	2.871436	3.63450026512146
2.887758	0.90087503194809	2.893995	3.63550019264221
2.910318	0.900750041007996	2.916546	3.63637518882751
2.932872	0.900500059127808	2.9391	3.63612508773804
2.955422	0.900250017642975	2.961659	3.63487505912781
2.977978	0.900625050067902	2.984215	3.6340000629425
3.000535	0.900125026702881	3.006767	3.63337516784668
3.023081	0.900750041007996	3.029314	3.6331250667572
3.045666	0.902875065803528	3.0519	3.63450026512146
3.068212	0.899875044822693	3.074445	3.63625025749207
3.090776	0.900625050067902	3.097009	3.63675022125244
3.113333	0.900750041007996	3.119565	3.63575005531311
3.135892	0.901000022888184	3.14213	3.63525009155273
3.158451	0.900000035762787	3.164684	3.63350009918213
3.181009	0.901250064373016	3.187241	3.63300013542175
3.203565	0.901500046253204	3.209798	3.63375020027161
3.226117	0.90137505531311	3.232355	3.63450026512146
3.248673	0.899875044822693	3.254906	3.63537526130676
3.27123	0.900500059127808	3.277463	3.63600015640259
3.293792	0.901250064373016	3.300025	3.63550019264221
3.316357	0.901125013828278	3.322594	3.63475012779236
3.338913	0.90137505531311	3.345157	3.63362526893616
3.361481	0.897625029087067	3.367713	3.63337516784668
3.384033	0.900000035762787	3.390287	3.63362526893616
3.406623	0.899500072002411	3.412868	3.63500022888184
3.429189	0.900625050067902	3.435422	3.63575005531311
3.451762	0.900750041007996	3.458	3.63575005531311
3.474322	0.900750041007996	3.480579	3.63512516021729
3.496904	0.897125065326691	3.503136	3.6340000629425
3.519456	0.899875044822693	3.525688	3.6331250667572
3.542013	0.899625062942505	3.548246	3.63300013542175
3.564578	0.900125026702881	3.570811	3.63387513160706
3.587135	0.901125013828278	3.593373	3.63525009155273
3.609693	0.901000022888184	3.615925	3.63575005531311
3.63225	0.905250072479248	3.638482	3.63612508773804
3.654801	0.904750049114227	3.661039	3.63500022888184
3.67736	0.900125026702881	3.683593	3.63375020027161
3.699915	0.900000035762787	3.706143	3.63300013542175
3.722465	0.901000022888184	3.728699	3.6331250667572
3.745026	0.901000022888184	3.75126	3.63375020027161
3.767581	0.899625062942505	3.773815	3.63537526130676
3.790127	0.902000069618225	3.79636	3.63587522506714
3.812681	0.900125026702881	3.818914	3.63625025749207
3.835256	0.900375068187714	3.841494	3.63512516021729
3.857827	0.899500072002411	3.864065	3.63375020027161
3.880384	0.899875044822693	3.886617	3.63300013542175
3.90294	0.899625062942505	3.909178	3.63387513160706
3.925501	0.901500046253204	3.931739	3.63425016403198
3.948061	0.901500046253204	3.954299	3.63525009155273
3.970619	0.900375068187714	3.976847	3.63625025749207
3.993172	0.900750041007996	3.999405	3.63575005531311
4.015741	0.900375068187714	4.021978	3.63450026512146
4.038341	0.901875019073486	4.044611	3.63362526893616
4.060934	0.899625062942505	4.067173	3.6328752040863
4.083517	0.899875044822693	4.08975	3.63350009918213
4.106084	0.901000022888184	4.112322	3.63437509536743
4.128643	0.901250064373016	4.134877	3.63550019264221
4.151201	0.901250064373016	4.157434	3.63525009155273
4.17376	0.900750041007996	4.179994	3.63550019264221
4.196314	0.900375068187714	4.202551	3.63375020027161
4.218871	0.900125026702881	4.225104	3.6331250667572
4.241428	0.900250017642975	4.24766	3.63325023651123
4.263984	0.901000022888184	4.270217	3.63325023651123
4.286538	0.90087503194809	4.292775	3.63437509536743
4.309095	0.90137505531311	4.315352	3.63575005531311
4.331679	0.901500046253204	4.337911	3.63575005531311
4.354236	0.900625050067902	4.360481	3.63525009155273
4.376802	0.899750053882599	4.383041	3.63387513160706
4.39936	0.899375021457672	4.405613	3.63300013542175
4.421956	0.900500059127808	4.428188	3.6328752040863
4.44451	0.900125026702881	4.450743	3.63350009918213
4.467062	0.900125026702881	4.4733	3.63462519645691
4.48962	0.900500059127808	4.495853	3.63075017929077
4.512179	0.79262501001358	4.518411	3.57475018501282
4.53473	0.691875040531158	4.540968	3.36362504959106
4.557303	0.596625030040741	4.563541	3.0715000629425
4.57986	0.513999998569489	4.586093	2.74987506866455
4.602417	0.438500016927719	4.608649	2.48012518882751
4.624969	0.375750005245209	4.631207	2.2578752040863
4.647526	0.319000005722046	4.653763	2.09962511062622
4.670087	0.272000014781952	4.676321	1.98100006580353
4.692645	0.225875005125999	4.698877	1.9016250371933
4.715197	0.186000004410744	4.721434	1.84375011920929
4.737754	0.146375000476837	4.743991	1.80800008773804
4.760313	0.11150000244379	4.766546	1.78437507152557
4.782863	0.0805000066757202	4.789096	1.77262508869171
4.805416	0.055500004440546	4.811654	1.76875007152557
4.827972	0.0345000028610229	4.834205	1.76900005340576
4.850529	0.0172500014305115	4.856762	1.77050006389618
4.873082	0.00287500023841858	4.879315	1.77150011062622
4.895635	0.00262500019744039	4.901867	1.77175009250641
4.918194	0.0020000000949949	4.924431	1.77075004577637
4.940788	0.00112500006798655	4.947026	1.76775002479553
4.963347	0.000625000044237822	4.969579	1.76475012302399
4.985899	0.00150000001303852	4.992136	1.76150012016296
5.008455	0.00412499997764826	5.014687	1.75562512874603
5.031015	0.00412499997764826	5.037271	1.74900007247925
5.053599	0.0022500001359731	5.059832	1.74100005626678
5.076152	0.00375000014901161	5.082385	1.73112511634827
5.098705	0.00112500006798655	5.104938	1.72300004959106
5.121262	-0.00237500015646219	5.127494	1.71387505531311
5.143833	0.00162500003352761	5.150088	1.70675003528595
5.166422	0.00175000005401671	5.17266	1.70050013065338
5.188979	0.00375000014901161	5.195218	1.69550013542175
5.211545	0.00387500016950071	5.217778	1.68962502479553
5.234102	0.00625000009313226	5.240336	1.68312513828278
5.256657	0.00137500010896474	5.262894	1.67787504196167
5.279212	0.000750000006519258	5.285448	1.67325007915497
5.301772	0.000750000006519258	5.308005	1.66937506198883
5.324328	0.00150000001303852	5.33057	1.66737508773804
5.34689	0.00175000005401671	5.353128	1.66675007343292
5.369461	0.00412499997764826	5.375694	1.66650009155273
5.39201	0.00400000018998981	5.398243	1.66487503051758
5.414593	0.00625000009313226	5.420827	1.66362512111664
5.43715	0.000750000006519258	5.443388	1.66237509250641
5.45971	0.000750000006519258	5.465943	1.66237509250641
5.482267	0.00450000027194619	5.4885	1.66387510299683
5.504818	0.00187500007450581	5.511056	1.66787505149841
5.527376	0.00325000006705523	5.533614	1.67187511920929
5.549933	0.00387500016950071	5.556166	1.67650008201599
5.57249	0.00687500042840838	5.578722	1.68212509155273
5.595046	0.00137500010896474	5.601284	1.68775010108948
5.617604	0.00150000001303852	5.623841	1.69587504863739
5.640161	0.00150000001303852	5.646394	1.70637512207031
5.662721	0.00587500026449561	5.668954	1.71950006484985
5.685273	0.000375000003259629	5.69151	1.73887503147125
5.70783	0.00262500019744039	5.714067	1.76075005531311
5.730385	0.00350000010803342	5.736618	1.79075002670288
5.752941	0.00162500003352761	5.759173	1.8270001411438
5.775493	-0.000250000011874363	5.781731	1.87525010108948
5.79805	0.000250000011874363	5.804288	1.93800008296967
5.820607	-0.00312500004656613	5.826839	2.00824999809265
5.843162	0.00112500006798655	5.849395	2.09275007247925
5.865728	0.00187500007450581	5.871961	2.17600011825562
5.888274	0.00437500001862645	5.894507	2.26200008392334
5.91083	0.00337500008754432	5.917063	2.33525013923645
5.933383	0.00275000021792948	5.939616	2.40262508392334
5.955936	0.00162500003352761	5.962169	2.45650005340576
5.97848	0.000250000011874363	5.984717	2.50350022315979
6.001048	0.00175000005401671	6.007281	2.5402500629425
6.023606	0.000875000027008355	6.029838	2.57412505149841
6.046183	0.000375000003259629	6.052418	2.60087513923645
6.068754	0.004250000230968	6.075006	2.62537503242493
6.091334	0.00437500001862645	6.097567	2.64387512207031
6.113895	0.00262500019744039	6.120128	2.66100001335144
6.136447	0.000500000023748726	6.142685	2.67487502098083
6.159004	0.000500000023748726	6.165246	2.68850016593933
6.181571	0.00137500010896474	6.187803	2.70075011253357
6.20413	0.000625000044237822	6.210378	2.71475005149841
6.2267	0.00162500003352761	6.232939	2.72650003433228
6.24928	0.00350000010803342	6.255513	2.73837518692017
6.271835	0.0020000000949949	6.278068	2.74725008010864
6.294392	0.00100000004749745	6.300625	2.75575017929077
6.316943	0.000875000027008355	6.323181	2.76225018501282
6.339498	0.000875000027008355	6.345738	2.76875019073486
6.362061	0.00125000008847564	6.368293	2.77450013160706
6.384611	0.00112500006798655	6.390859	2.7810001373291
6.407195	0.0020000000949949	6.413439	2.78662514686584
6.42976	0.00312500004656613	6.435994	2.79075002670288
6.45232	0.00275000021792948	6.458552	2.79250001907349
6.474872	0.00412499997764826	6.48111	2.79387521743774
6.497445	0.00112500006798655	6.503683	2.7948751449585
6.520002	0.000625000044237822	6.52623	2.79462504386902
6.542555	0.0020000000949949	6.548788	2.79625010490417
6.565109	0.0022500001359731	6.571346	2.79587507247925
6.587665	0.00150000001303852	6.593902	2.80362510681152
6.610222	0.0020000000949949	6.616455	2.8050000667572
6.632778	0.00300000002607703	6.63901	2.80650019645691
6.655354	0.00337500008754432	6.661592	2.80950021743774
6.677911	0.00387500016950071	6.684149	2.81375002861023
6.700482	0.00375000014901161	6.706714	2.81937503814697
6.723033	0.00600000005215406	6.729265	2.82800006866455
6.745597	0.00762500055134296	6.751834	2.8371250629425
6.768153	0.0107500003650784	6.774391	2.84837508201599
6.790711	0.011875000782311	6.796943	2.85837507247925
6.813268	0.0115000009536743	6.8195	2.86825013160706
6.835827	0.0106250001117587	6.842065	2.87925004959106
6.858373	0.0107500003650784	6.864606	2.89062523841858
6.880925	0.0105000007897615	6.887158	2.90300011634827
6.903483	0.0141250006854534	6.909715	2.91812515258789
6.926034	0.0140000004321337	6.932271	2.93237519264221
6.94859	0.0176250003278255	6.954823	2.94825005531311
6.971146	0.0185000002384186	6.977378	2.96250009536743
6.993701	0.0172500014305115	6.999933	2.97725009918213
7.016255	0.017875000834465	7.022483	2.99062514305115
7.038806	0.0180000010877848	7.045063	3.00500011444092
7.061391	0.0191250015050173	7.067618	3.01912522315979
7.08393	0.0205000005662441	7.090159	3.03575015068054
7.106485	0.0215000007301569	7.112719	3.05237507820129
7.129045	0.0240000002086163	7.135279	3.06700015068054
7.151599	0.0227500014007092	7.157831	3.08150005340576
7.174151	0.0236250013113022	7.180384	3.09387516975403
7.196721	0.0236250013113022	7.202958	3.10612511634827
7.219277	0.0230000019073486	7.225515	3.11812520027161
7.241841	0.0248750019818544	7.248073	3.1311252117157
7.264398	0.0243750009685755	7.27063	3.14412522315979
7.286949	0.0270000007003546	7.293187	3.15750026702881
7.309505	0.0293750017881393	7.315738	3.16850018501282
7.33206	0.0272500012069941	7.338293	3.17937517166138
7.35461	0.0286250021308661	7.360859	3.1881251335144
7.377177	0.0275000017136335	7.383415	3.19675016403198
7.399734	0.0288750007748604	7.405986	3.20537519454956
7.422316	0.0303750019520521	7.428549	3.21525025367737
7.444875	0.0307500008493662	7.451112	3.22425007820129
7.467433	0.032124999910593	7.473671	3.23400020599365
7.489998	0.0345000028610229	7.496231	3.24200010299683
7.512567	0.0329999998211861	7.5188	3.24937510490417
7.535122	0.032625000923872	7.541359	3.25487518310547
7.557679	0.0328750014305115	7.563916	3.26037526130676
7.580236	0.0325000025331974	7.586469	3.26687526702881
7.602793	0.0333750024437904	7.609025	3.27387523651123
7.62535	0.0352500006556511	7.631588	3.28087520599365
7.647906	0.0367499999701977	7.654144	3.2876250743866
7.670483	0.0370000004768372	7.676716	3.29337525367737
7.69304	0.0361250005662441	7.699272	3.29837512969971
7.715592	0.0360000021755695	7.721829	3.30225014686584
7.738148	0.0372500009834766	7.744386	3.30625009536743
7.760704	0.0361250005662441	7.766936	3.31150007247925
7.783261	0.0367499999701977	7.789493	3.31625008583069
7.80583	0.0368750020861626	7.812067	3.32137513160706
7.828387	0.0408750027418137	7.83462	3.32712507247925
7.850959	0.0426250025629997	7.857191	3.33150005340576
7.87351	0.038500003516674	7.879743	3.3353750705719
7.896074	0.0388750024139881	7.902311	3.33737516403198
7.918633	0.0386250019073486	7.924866	3.34087514877319
7.941193	0.0391250029206276	7.947425	3.34500026702881
7.96375	0.0398750007152557	7.969993	3.34937524795532
7.986312	0.0453750006854534	7.99255	3.35450005531311
8.008868	0.0425000004470348	8.015101	3.35925006866455
8.031426	0.0417500026524067	8.037678	3.36275005340576
8.054004	0.0426250025629997	8.060232	3.3655002117157
8.076568	0.0418750010430813	8.082806	3.36825013160706
8.099127	0.0410000011324883	8.105366	3.37150025367737
8.121695	0.0422500036656857	8.127928	3.37512516975403
8.14425	0.0420000031590462	8.150484	3.37875008583069
8.166805	0.0423750020563602	8.173043	3.38412523269653
8.189361	0.0442500002682209	8.195595	3.38800024986267
8.211917	0.0435000024735928	8.21815	3.39100027084351
8.23448	0.0426250025629997	8.240714	3.39425015449524
8.257032	0.0428750030696392	8.26327	3.39575004577637
8.279604	0.0422500036656857	8.285837	3.39887523651123
8.302161	0.0438750013709068	8.308393	3.40262508392334
8.324713	0.0442500002682209	8.330966	3.40662527084351
8.347285	0.0457500033080578	8.353523	3.4115002155304
8.369841	0.0465000011026859	8.376074	3.41562509536743
8.392398	0.0456250011920929	8.398631	3.41775012016296
8.414974	0.0451250039041042	8.421212	3.42000007629395
8.437533	0.0441250018775463	8.443771	3.42212510108948
8.460093	0.0447500012814999	8.466326	3.42512512207031
8.48265	0.0453750006854534	8.488883	3.42850017547607
8.505212	0.0460000038146973	8.511449	3.43312525749207
8.527769	0.047375001013279	8.534006	3.43762516975403
8.550326	0.0478750020265579	8.556559	3.44137525558472
8.572883	0.0460000038146973	8.579115	3.44350028038025
8.595447	0.0460000038146973	8.601685	3.44500017166138
8.618004	0.0455000028014183	8.624242	3.44775009155273
8.640573	0.0467500016093254	8.646805	3.45025014877319
8.663129	0.0481250025331974	8.669361	3.45362520217896
8.685681	0.047375001013279	8.691918	3.45800018310547
8.708237	0.0522500015795231	8.714485	3.46162509918213
8.730817	0.0490000024437904	8.73705	3.46500015258789
8.753374	0.0476250015199184	8.759606	3.46662521362305
8.775927	0.0480000004172325	8.782164	3.46812510490417
8.798483	0.0477500036358833	8.804716	3.47037506103516
8.82104	0.0481250025331974	8.827272	3.47300004959106
8.843596	0.0472500026226044	8.849829	3.47650027275085
8.866149	0.0492500029504299	8.872386	3.48062515258789
8.888705	0.0508750006556511	8.894938	3.48375010490417
8.911265	0.0481250025331974	8.917498	3.48725008964539
8.933822	0.0485000014305115	8.94005	3.48862504959106
8.956371	0.0472500026226044	8.962609	3.4896252155304
8.978929	0.0477500036358833	8.985162	3.49125027656555
9.001488	0.0492500029504299	9.00772	3.49375009536743
9.024039	0.0490000024437904	9.030293	3.49762511253357
9.046633	0.0512500032782555	9.052866	3.50100016593933
9.06918	0.0512500032782555	9.075413	3.50412511825562
9.091738	0.0500000007450581	9.097966	3.50587511062622
9.114299	0.0497500039637089	9.120533	3.50762510299683
9.136852	0.0517500042915344	9.14309	3.50825023651123
9.15941	0.0492500029504299	9.165642	3.50975012779236
9.181961	0.0507500022649765	9.188194	3.51262521743774
9.204514	0.0508750006556511	9.210769	3.51637506484985
9.227089	0.0545000024139881	9.233326	3.51875019073486
9.249645	0.0517500042915344	9.255879	3.52137517929077
9.2722	0.0503750033676624	9.278433	3.5228750705719
9.294758	0.049625001847744	9.300991	3.52337527275085
9.317308	0.0498750023543835	9.32354	3.52487516403198
9.339859	0.0488750040531158	9.346092	3.52612519264221
9.362431	0.0497500039637089	9.368663	3.52850008010864
9.384981	0.0525000020861626	9.391218	3.5318751335144
9.407555	0.0565000027418137	9.4138	3.53450012207031
9.430122	0.0522500015795231	9.436356	3.53625011444092
9.452682	0.0503750033676624	9.458914	3.5373752117157
9.475251	0.0515000037848949	9.481488	3.5376250743866
9.497807	0.0497500039637089	9.504045	3.53837513923645
9.520373	0.0500000007450581	9.526606	3.53962516784668
9.542931	0.0508750006556511	9.549163	3.54150009155273
9.565483	0.0517500042915344	9.571721	3.5448751449585
9.588055	0.0528750009834766	9.594293	3.54700016975403
9.61062	0.0520000010728836	9.616853	3.54912519454956
9.63318	0.0515000037848949	9.639413	3.54862523078918
9.655741	0.0502500012516975	9.661978	3.54912519454956
9.678298	0.0512500032782555	9.684531	3.54975008964539
9.700859	0.0522500015795231	9.707092	3.55075025558472
9.723416	0.0506250038743019	9.729648	3.55275011062622
9.745967	0.0513750016689301	9.752205	3.55537509918213
9.768523	0.0530000030994415	9.77476	3.55750012397766
9.791098	0.052375003695488	9.79733	3.55850005149841
9.813655	0.051875002682209	9.819882	3.55787515640259
9.836228	0.0507500022649765	9.842466	3.55875015258789
9.858785	0.0507500022649765	9.865018	3.55862522125244
9.881342	0.0525000020861626	9.887575	3.55987524986267
9.903898	0.051875002682209	9.910131	3.56187510490417
9.92645	0.0537500008940697	9.932688	3.56375026702881
9.949006	0.0536250025033951	9.955246	3.56600022315979
9.971569	0.051875002682209	9.977801	3.56650018692017
9.994128	0.0525000020861626	10.000371	3.56600022315979
10.01669	0.0515000037848949	10.022927	3.56562519073486
10.039267	0.0515000037848949	10.045502	3.56612515449524
10.061827	0.0528750009834766	10.068061	3.56725025177002
10.084395	0.0521250031888485	10.090628	3.56912517547607
10.106948	0.0548750013113022	10.113186	3.57100009918213
10.129505	0.052750002592802	10.135734	3.57237505912781
10.152061	0.052375003695488	10.158293	3.57287526130676
10.174614	0.052750002592802	10.180859	3.57225012779236
10.197178	0.0526250042021275	10.203411	3.57187509536743
10.219723	0.0528750009834766	10.225961	3.57162523269653
10.242284	0.0537500008940697	10.248517	3.57300019264221
10.264863	0.0528750009834766	10.271096	3.57525014877319
10.287416	0.0535000041127205	10.293649	3.5767502784729
10.30999	0.0538750030100346	10.316222	3.57775020599365
10.332541	0.052750002592802	10.338773	3.57725024223328
10.355096	0.0526250042021275	10.361333	3.5767502784729
10.377652	0.0525000020861626	10.383889	3.57637524604797
10.40021	0.0528750009834766	10.406462	3.57625007629395
10.422807	0.052750002592802	10.429041	3.57775020599365
10.445367	0.0530000030994415	10.451604	3.57987523078918
10.467924	0.0553750023245811	10.474161	3.58100008964539
10.490483	0.0536250025033951	10.496715	3.58175015449524
10.51304	0.0528750009834766	10.519273	3.58162522315979
10.535599	0.0537500008940697	10.541837	3.58087515830994
10.55817	0.051875002682209	10.564407	3.58025026321411
10.580727	0.0535000041127205	10.586959	3.58062505722046
10.603283	0.0536250025033951	10.609516	3.58200025558472
10.625836	0.0536250025033951	10.632074	3.58350014686584
10.648392	0.0546250008046627	10.654625	3.5845000743866
10.67097	0.0538750030100346	10.677202	3.58562517166138
10.693525	0.052750002592802	10.699757	3.5842502117157
10.716077	0.0528750009834766	10.722314	3.5842502117157
10.738634	0.0516250021755695	10.744869	3.58312511444092
10.761192	0.0528750009834766	10.767425	3.5833752155304
10.783749	0.0531250014901161	10.789994	3.585125207901
10.806312	0.054125003516674	10.812549	3.58637523651123
10.828881	0.0553750023245811	10.835115	3.58800005912781
10.851439	0.0536250025033951	10.857671	3.58675026893616
10.873997	0.0570000037550926	10.88023	3.5871250629425
10.896549	0.0531250014901161	10.902787	3.5860002040863
10.919111	0.0492500029504299	10.925353	3.58575010299683
10.941677	0.0535000041127205	10.94791	3.58637523651123
10.964235	0.0538750030100346	10.970479	3.58800005912781
10.986798	0.0546250008046627	10.993035	3.58975005149841
11.009354	0.0578750036656857	11.015582	3.59037518501282
11.031902	0.0537500008940697	11.038165	3.58950018882751
11.054525	0.0531250014901161	11.060784	3.58912515640259
11.077104	0.053250003606081	11.083337	3.58800005912781
11.099653	0.0493750013411045	11.105893	3.58800005912781
11.122219	0.0538750030100346	11.128452	3.58912515640259
11.144775	0.054125003516674	11.151012	3.59025025367737
11.167331	0.0550000034272671	11.173568	3.5915002822876
11.18989	0.0547500029206276	11.196123	3.59200024604797
11.212448	0.0542500019073486	11.218681	3.59200024604797
11.234999	0.053250003606081	11.241237	3.59075021743774
11.257548	0.0533750019967556	11.26378	3.59000015258789
11.2801	0.053250003606081	11.286334	3.58975005149841
11.302658	0.054125003516674	11.30889	3.59087514877319
11.325209	0.0538750030100346	11.331446	3.59225010871887
11.347768	0.0576250031590462	11.354008	3.5932502746582
11.370329	0.0556250028312206	11.376562	3.59375023841858
11.392889	0.0553750023245811	11.399121	3.5932502746582
11.415466	0.0535000041127205	11.4217	3.5926251411438
11.438024	0.0513750016689301	11.444262	3.59112524986267
11.460583	0.054125003516674	11.466816	3.5915002822876
11.483135	0.052750002592802	11.489367	3.5926251411438
11.505698	0.0536250025033951	11.511931	3.59500026702881
11.528266	0.0553750023245811	11.534499	3.59500026702881
11.550819	0.0561250038444996	11.557052	3.59462523460388
11.573377	0.0538750030100346	11.579609	3.59462523460388
11.595928	0.0536250025033951	11.602166	3.59287524223328
11.618486	0.0533750019967556	11.624718	3.5926251411438
11.641043	0.0533750019967556	11.647276	3.59300017356873
11.663594	0.0543750040233135	11.669826	3.59462523460388
11.686148	0.0515000037848949	11.692386	3.59550023078918
11.70871	0.0560000017285347	11.714961	3.59662508964539
11.731299	0.0535000041127205	11.737532	3.59687519073486
11.753856	0.0546250008046627	11.760089	3.59575009346008
11.77641	0.0546250008046627	11.782648	3.59450006484985
11.798967	0.0535000041127205	11.8052	3.5943751335144
11.821525	0.0546250008046627	11.827757	3.59475016593933
11.844081	0.0542500019073486	11.850314	3.59575009346008
11.866634	0.0553750023245811	11.872871	3.59737515449524
11.88919	0.0615000016987324	11.895423	3.59787511825562
11.911751	0.0548750013113022	11.917984	3.59762525558472
11.934311	0.0542500019073486	11.940544	3.59675025939941
11.956876	0.0545000024139881	11.963113	3.59575009346008
11.979432	0.0543750040233135	11.985665	3.59512519836426
12.00199	0.0536250025033951	12.008223	3.59675025939941
12.024541	0.0566250011324883	12.030774	3.59750008583069
12.047111	0.0557500012218952	12.053345	3.59925007820129
12.06967	0.0565000027418137	12.075903	3.59975028038025
12.09223	0.0546250008046627	12.098462	3.59837508201599
12.114787	0.0546250008046627	12.121025	3.59700012207031
12.137361	0.051000002771616	12.143599	3.59662508964539
12.160037	0.054125003516674	12.16632	3.59687519073486
12.182703	0.0538750030100346	12.188964	3.59787511825562
12.205341	0.0545000024139881	12.211588	3.59912514686584
12.227911	0.0568750016391277	12.234139	3.5998752117157
12.250482	0.0547500029206276	12.256709	3.60062527656555
12.273039	0.0573750026524067	12.279271	3.59975028038025
12.295586	0.0535000041127205	12.301824	3.59862518310547
12.318143	0.0538750030100346	12.324381	3.59737515449524
12.340705	0.0542500019073486	12.346939	3.59800028800964
12.363258	0.0543750040233135	12.36949	3.59912514686584
12.385828	0.0556250028312206	12.39206	3.60025024414062
12.408386	0.0566250011324883	12.414626	3.6016252040863
12.43097	0.0552500039339066	12.437204	3.60137510299683
12.453525	0.0548750013113022	12.459758	3.60037517547607
12.476077	0.0540000014007092	12.48231	3.59925007820129
12.498634	0.0543750040233135	12.50487	3.59812521934509
12.521194	0.0536250025033951	12.527427	3.59887528419495
12.543754	0.0548750013113022	12.549995	3.60087513923645
12.566314	0.0565000027418137	12.572552	3.60175013542175
12.58887	0.0572500042617321	12.595103	3.60125017166138
12.611427	0.0583750009536743	12.617659	3.60175013542175
12.633983	0.0548750013113022	12.640216	3.60112524032593
12.656534	0.0528750009834766	12.662772	3.6001250743866
12.679091	0.0543750040233135	12.685349	3.59962511062622
12.701673	0.0551250018179417	12.707906	3.60000014305115
12.724234	0.0548750013113022	12.73048	3.60225009918213
12.7468	0.0566250011324883	12.753032	3.60262513160706
12.769352	0.0585000030696392	12.775584	3.60300016403198
12.791908	0.0545000024139881	12.79814	3.60237526893616
12.814489	0.0548750013113022	12.820722	3.60137510299683
12.837042	0.0536250025033951	12.843279	3.60087513923645
12.859596	0.055500004440546	12.86583	3.59950017929077
12.882153	0.0548750013113022	12.888386	3.60125017166138
12.904709	0.0557500012218952	12.910967	3.60225009918213
12.927287	0.0571250021457672	12.933519	3.60362505912781
12.949852	0.0552500039339066	12.956085	3.60375022888184
12.972409	0.0545000024139881	12.978646	3.60250020027161
12.994966	0.0588750019669533	13.001203	3.60175013542175
13.017513	0.0543750040233135	13.023746	3.60137510299683
13.040123	0.0551250018179417	13.046359	3.60112524032593
13.062673	0.0537500008940697	13.0689	3.60237526893616
13.085223	0.0592500045895576	13.09146	3.60362505912781
13.107784	0.0583750009536743	13.114022	3.60487508773804
13.130342	0.0550000034272671	13.136575	3.60475015640259
13.1529	0.0552500039339066	13.159132	3.60400009155273
13.175467	0.0533750019967556	13.181705	3.60262513160706
13.198015	0.0542500019073486	13.204248	3.6018750667572
13.220573	0.054125003516674	13.226805	3.60250020027161
13.243128	0.0551250018179417	13.249361	3.60362505912781
13.265675	0.0558750033378601	13.271913	3.60437512397766
13.288233	0.0570000037550926	13.294481	3.60537528991699
13.310799	0.0548750013113022	13.317031	3.60525012016296
13.333356	0.0545000024139881	13.339583	3.60400009155273
13.355903	0.0531250014901161	13.36214	3.60337519645691
13.378462	0.0550000034272671	13.384695	3.60250020027161
13.401014	0.0543750040233135	13.407265	3.60262513160706
13.423599	0.0550000034272671	13.429832	3.60437512397766
13.446153	0.0566250011324883	13.452388	3.60550022125244
13.46872	0.0566250011324883	13.474987	3.60587525367737
13.491301	0.0550000034272671	13.497528	3.60562515258789
13.51385	0.0590000040829182	13.520085	3.60362505912781
13.536414	0.0528750009834766	13.542652	3.60362505912781
13.558971	0.0581250041723251	13.565204	3.60312509536743
13.58153	0.0548750013113022	13.587763	3.60337519645691
13.604087	0.0522500015795231	13.61032	3.60500025749207
13.626639	0.0568750016391277	13.632877	3.60550022125244
13.649196	0.0568750016391277	13.655447	3.60650014877319
13.671772	0.0545000024139881	13.678004	3.60600018501282
13.694328	0.0525000020861626	13.70057	3.60512518882751
13.716889	0.0537500008940697	13.723126	3.60362505912781
13.739448	0.0570000037550926	13.745681	3.60375022888184
13.762018	0.0540000014007092	13.76825	3.60475015640259
13.784582	0.0577500015497208	13.790815	3.60575008392334
13.807135	0.0568750016391277	13.813372	3.60687518119812
13.829691	0.0552500039339066	13.835924	3.6073751449585
13.852249	0.0550000034272671	13.858481	3.60600018501282
13.8748	0.0596250034868717	13.881037	3.60537528991699
13.897357	0.0546250008046627	13.903594	3.60462522506714
13.919914	0.0546250008046627	13.926147	3.60437512397766
13.942471	0.0537500008940697	13.948704	3.60512518882751
13.965037	0.0576250031590462	13.971275	3.60637521743774
13.987593	0.0565000027418137	13.99383	3.60787510871887
14.010152	0.0551250018179417	14.016384	3.60762524604797
14.032703	0.0521250031888485	14.03896	3.60662508010864
14.055291	0.0538750030100346	14.061531	3.60575008392334
14.077858	0.0546250008046627	14.084096	3.60450005531311
14.100417	0.0553750023245811	14.10665	3.60512518882751
14.122975	0.0547500029206276	14.129207	3.60575008392334
14.145554	0.0553750023245811	14.151797	3.60700011253357
14.168134	0.0563750043511391	14.174371	3.6080002784729
14.190682	0.0546250008046627	14.19692	3.60700011253357
14.213245	0.055500004440546	14.219477	3.60700011253357
14.235797	0.0548750013113022	14.242029	3.60537528991699
14.258349	0.0535000041127205	14.264581	3.60500025749207
14.280901	0.0557500012218952	14.287134	3.60537528991699
14.30345	0.0546250008046627	14.309682	3.60675024986267
14.326024	0.0557500012218952	14.332262	3.6080002784729
14.348581	0.0568750016391277	14.354814	3.60850024223328
14.371138	0.0550000034272671	14.377365	3.6073751449585
14.393695	0.054125003516674	14.399927	3.60687518119812
14.416271	0.0537500008940697	14.422509	3.60575008392334
14.438833	0.0545000024139881	14.445066	3.60537528991699
14.461392	0.0556250028312206	14.467625	3.60612511634827
14.483948	0.0548750013113022	14.490181	3.60725021362305
14.506501	0.0568750016391277	14.512738	3.60862517356873
14.529058	0.0563750043511391	14.535291	3.60837507247925
14.551615	0.0552500039339066	14.557847	3.6080002784729
14.574172	0.0552500039339066	14.580405	3.6073751449585
14.596724	0.0537500008940697	14.602957	3.60637521743774
14.61928	0.0561250038444996	14.625512	3.60600018501282
14.641837	0.0553750023245811	14.648069	3.60700011253357
14.664391	0.0551250018179417	14.670624	3.60762524604797
14.686946	0.0577500015497208	14.693179	3.6088752746582
14.7095	0.0562500022351742	14.715734	3.60900020599365
14.732054	0.055500004440546	14.738286	3.60812520980835
14.754611	0.0548750013113022	14.760862	3.60762524604797
14.777197	0.0531250014901161	14.783434	3.60637521743774
14.799753	0.0595000013709068	14.805986	3.60612511634827
14.822313	0.0572500042617321	14.828546	3.60725021362305
14.844872	0.0547500029206276	14.85111	3.6080002784729
14.86743	0.0567500032484531	14.873667	3.60987520217896
14.889998	0.0560000017285347	14.89623	3.60925006866455
14.912558	0.0551250018179417	14.918791	3.60850024223328
14.93511	0.0556250028312206	14.941348	3.6071252822876
14.957673	0.0552500039339066	14.96391	3.60637521743774
14.980244	0.0603750012814999	14.986477	3.60662508010864
15.002792	0.0542500019073486	15.009025	3.6080002784729
15.025381	0.0552500039339066	15.031614	3.60937523841858
15.047959	0.0601250045001507	15.054192	3.61025023460388
15.070517	0.0563750043511391	15.076749	3.6091251373291
15.093074	0.0570000037550926	15.099307	3.60837507247925
15.115631	0.0535000041127205	15.121869	3.60725021362305
15.138193	0.054125003516674	15.144431	3.60687518119812
15.160773	0.0542500019073486	15.167006	3.60725021362305
15.183328	0.0530000030994415	15.189561	3.60875010490417
15.205887	0.0560000017285347	15.212125	3.60950016975403
15.228445	0.0560000017285347	15.234677	3.61025023460388
15.251002	0.055500004440546	15.257235	3.60962510108948
15.27356	0.0552500039339066	15.279793	3.60862517356873
15.296117	0.0547500029206276	15.302354	3.60750007629395
15.318674	0.0543750040233135	15.324907	3.60687518119812
15.341223	0.0543750040233135	15.347456	3.6080002784729
15.363797	0.0547500029206276	15.370029	3.60850024223328
15.38635	0.0567500032484531	15.392587	3.60987520217896
15.408914	0.0563750043511391	15.415162	3.61050009727478
15.431492	0.0556250028312206	15.437726	3.61025023460388
15.454053	0.0543750040233135	15.46029	3.60862517356873
15.47661	0.054125003516674	15.482848	3.60762524604797
15.499167	0.0547500029206276	15.505399	3.6071252822876
15.521724	0.0545000024139881	15.527956	3.60812520980835
15.544283	0.052750002592802	15.550516	3.60975027084351
15.566836	0.0570000037550926	15.573073	3.61075019836426
15.589394	0.0598750039935112	15.59563	3.61062526702881
15.611955	0.0547500029206276	15.618188	3.61025023460388
15.634508	0.0552500039339066	15.640741	3.60837507247925
15.65706	0.054125003516674	15.663292	3.60762524604797
15.679611	0.0546250008046627	15.685844	3.60775017738342
15.702169	0.0550000034272671	15.708402	3.60850024223328
15.724731	0.0561250038444996	15.730969	3.6091251373291
15.747292	0.0570000037550926	15.753525	3.61037516593933
15.769846	0.0602500028908253	15.776079	3.61050009727478
15.792403	0.053250003606081	15.798637	3.6100001335144
15.81496	0.0551250018179417	15.821198	3.60850024223328
15.837521	0.0543750040233135	15.843754	3.60775017738342
15.860087	0.0551250018179417	15.86632	3.60862517356873
15.882643	0.0547500029206276	15.888878	3.60875010490417
15.905216	0.0548750013113022	15.911459	3.61025023460388
15.92778	0.0561250038444996	15.934018	3.61100006103516
15.950341	0.055500004440546	15.956574	3.61075019836426
15.972898	0.0533750019967556	15.979131	3.60937523841858
15.995451	0.0528750009834766	16.001689	3.60837507247925
16.018008	0.0538750030100346	16.024245	3.60812520980835
16.040615	0.0547500029206276	16.04685	3.6082501411438
16.063177	0.054125003516674	16.06941	3.6100001335144
16.085751	0.0568750016391277	16.091989	3.61050009727478
16.108308	0.0563750043511391	16.114541	3.61125016212463
16.130863	0.0558750033378601	16.137095	3.61050009727478
16.153434	0.0548750013113022	16.159668	3.6088752746582
16.175989	0.0545000024139881	16.182227	3.60875010490417
16.198547	0.0548750013113022	16.204779	3.60787510871887
16.221103	0.0550000034272671	16.227336	3.60850024223328
16.243659	0.0547500029206276	16.249891	3.6091251373291
16.266215	0.0563750043511391	16.272453	3.61112523078918
16.288787	0.0568750016391277	16.29502	3.61125016212463
16.31134	0.0552500039339066	16.317572	3.61100006103516
16.333898	0.0551250018179417	16.340131	3.60975027084351
16.356451	0.0547500029206276	16.362689	3.60850024223328
16.379	0.0547500029206276	16.385264	3.60875010490417
16.401589	0.054125003516674	16.407841	3.60862517356873
16.424182	0.0552500039339066	16.430416	3.61025023460388
16.446736	0.0567500032484531	16.452974	3.61112523078918
16.469305	0.0571250021457672	16.475542	3.61137509346008
16.491881	0.055500004440546	16.498114	3.61075019836426
16.514434	0.0550000034272671	16.520668	3.60937523841858
16.536988	0.0540000014007092	16.543225	3.60837507247925
16.559544	0.055500004440546	16.565777	3.60837507247925
16.582101	0.0535000041127205	16.588335	3.6088752746582
16.604669	0.0561250038444996	16.610901	3.61075019836426
16.62722	0.0566250011324883	16.633458	3.61137509346008
16.649777	0.0543750040233135	16.656027	3.61125016212463
16.672353	0.054125003516674	16.678585	3.61012506484985
16.694904	0.054125003516674	16.701142	3.6091251373291
16.717462	0.0546250008046627	16.723699	3.60837507247925
16.740019	0.0548750013113022	16.746252	3.60837507247925
16.762575	0.0556250028312206	16.768807	3.6100001335144
16.785127	0.0570000037550926	16.791364	3.61087512969971
16.807683	0.0566250011324883	16.813921	3.61175012588501
16.830239	0.0548750013113022	16.836472	3.61112523078918
16.852791	0.0553750023245811	16.859024	3.6100001335144
16.875351	0.0538750030100346	16.881583	3.60962510108948
16.897909	0.0546250008046627	16.904147	3.60850024223328
16.920483	0.0543750040233135	16.926715	3.60875010490417
16.943038	0.0557500012218952	16.94927	3.61012506484985
16.965591	0.0570000037550926	16.971823	3.61137509346008
16.988144	0.0571250021457672	16.994376	3.61162519454956
17.010697	0.0543750040233135	17.01693	3.61150026321411
17.033271	0.0551250018179417	17.039516	3.61012506484985
17.055847	0.0546250008046627	17.062079	3.6091251373291
17.078404	0.0548750013113022	17.084636	3.6088752746582
17.100961	0.0511250011622906	17.107193	3.6088752746582
17.123517	0.0548750013113022	17.129749	3.61037516593933
17.146068	0.0578750036656857	17.152305	3.61125016212463
17.168626	0.0565000027418137	17.174868	3.61200022697449
17.191192	0.0570000037550926	17.197425	3.61162519454956
17.213751	0.0547500029206276	17.219994	3.61025023460388
17.236328	0.0545000024139881	17.242566	3.6091251373291
17.258879	0.0552500039339066	17.265112	3.60837507247925
17.281439	0.055500004440546	17.287672	3.6100001335144
17.303996	0.0553750023245811	17.310229	3.61050009727478
17.32655	0.0568750016391277	17.332787	3.61187505722046
17.349107	0.0596250034868717	17.35535	3.61200022697449
17.371674	0.0547500029206276	17.377906	3.61087512969971
17.394233	0.0547500029206276	17.400481	3.61025023460388
17.416826	0.0543750040233135	17.423064	3.60925006866455
17.43939	0.0556250028312206	17.445633	3.6088752746582
17.461958	0.0553750023245811	17.46819	3.60975027084351
17.48451	0.0557500012218952	17.490743	3.61087512969971
17.507066	0.0571250021457672	17.513303	3.61237525939941
17.529621	0.0561250038444996	17.535854	3.61200022697449
17.552178	0.054125003516674	17.55841	3.61025023460388
17.57473	0.0547500029206276	17.580967	3.61012506484985
17.59729	0.0521250031888485	17.603527	3.60862517356873
17.619848	0.0551250018179417	17.626081	3.60937523841858
17.642407	0.0543750040233135	17.648639	3.6100001335144
17.664959	0.0557500012218952	17.671196	3.61100006103516
17.687516	0.0573750026524067	17.693754	3.61200022697449
17.710087	0.0553750023245811	17.716319	3.61200022697449
17.732644	0.0546250008046627	17.738877	3.61062526702881
17.755198	0.054125003516674	17.761436	3.60987520217896
17.777768	0.0537500008940697	17.784006	3.60900020599365
17.800326	0.055500004440546	17.806559	3.6091251373291
17.822884	0.0542500019073486	17.829117	3.61100006103516
17.845447	0.0552500039339066	17.851684	3.61150026321411
17.868004	0.0565000027418137	17.874242	3.61200022697449
17.890574	0.0557500012218952	17.896807	3.61125016212463
17.913148	0.0543750040233135	17.919381	3.61062526702881
17.935702	0.0545000024139881	17.94194	3.6091251373291
17.958263	0.0545000024139881	17.964501	3.60925006866455
17.980824	0.0556250028312206	17.987056	3.60900020599365
18.003379	0.0552500039339066	18.009611	3.61075019836426
18.025931	0.0573750026524067	18.032163	3.61212515830994
18.048484	0.055500004440546	18.054739	3.61250019073486
18.071087	0.0563750043511391	18.077315	3.61137509346008
18.093639	0.0547500029206276	18.099872	3.61062526702881
18.116221	0.0545000024139881	18.122464	3.60962510108948
18.1388	0.0537500008940697	18.145033	3.6091251373291
18.161353	0.0540000014007092	18.167585	3.6100001335144
18.18391	0.0560000017285347	18.190145	3.61137509346008
18.206465	0.0567500032484531	18.212697	3.61187505722046
18.229017	0.0557500012218952	18.23525	3.61237525939941
18.251574	0.0560000017285347	18.257807	3.61125016212463
18.274131	0.0547500029206276	18.280378	3.61075019836426
18.296701	0.0538750030100346	18.302938	3.60975027084351
18.319258	0.0551250018179417	18.32549	3.6091251373291
18.341815	0.0545000024139881	18.348047	3.6100001335144
18.364371	0.0547500029206276	18.370604	3.61112523078918
18.386924	0.0566250011324883	18.393162	3.61225008964539
18.409515	0.0560000017285347	18.415755	3.61237525939941
18.432082	0.0551250018179417	18.438315	3.61162519454956
18.454629	0.0537500008940697	18.460873	3.60962510108948
18.477208	0.0543750040233135	18.483446	3.60937523841858
18.499765	0.0548750013113022	18.505998	3.60987520217896
18.522325	0.0553750023245811	18.528557	3.61075019836426
18.544886	0.0561250038444996	18.551124	3.61212515830994
18.567445	0.0565000027418137	18.573683	3.61250019073486
18.590002	0.0558750033378601	18.596235	3.61212515830994
18.612559	0.0546250008046627	18.618792	3.61125016212463
18.635111	0.0556250028312206	18.641349	3.61012506484985
18.657669	0.0550000034272671	18.663906	3.60975027084351
18.680241	0.0550000034272671	18.686474	3.60962510108948
18.702788	0.0542500019073486	18.709021	3.61100006103516
18.725356	0.0562500022351742	18.731594	3.61225008964539
18.747913	0.0567500032484531	18.754151	3.61250019073486
18.770483	0.055500004440546	18.776716	3.61125016212463
18.793039	0.0545000024139881	18.799272	3.61162519454956
18.815591	0.054125003516674	18.821829	3.6100001335144
18.838147	0.0548750013113022	18.84438	3.60937523841858
18.860712	0.0547500029206276	18.866945	3.61012506484985
18.88327	0.0602500028908253	18.889503	3.61087512969971
18.905835	0.0563750043511391	18.912073	3.61225008964539
18.928392	0.0565000027418137	18.934625	3.61250019073486
18.95097	0.0556250028312206	18.957202	3.61225008964539
18.973527	0.055500004440546	18.97976	3.61125016212463
18.996079	0.0538750030100346	19.002316	3.60975027084351
19.018626	0.0548750013113022	19.024892	3.60925006866455
19.041238	0.0533750019967556	19.047473	3.61025023460388
19.063794	0.0552500039339066	19.070022	3.61150026321411
19.086346	0.0566250011324883	19.092578	3.61250019073486
19.108899	0.0566250011324883	19.115132	3.61287522315979
19.131453	0.0547500029206276	19.137686	3.61200022697449
19.154007	0.0547500029206276	19.160251	3.61037516593933
19.176575	0.0536250025033951	19.182808	3.6100001335144
19.199136	0.0543750040233135	19.205369	3.6100001335144
19.221711	0.0553750023245811	19.227943	3.61012506484985
19.244263	0.0548750013113022	19.250496	3.61200022697449
19.266817	0.0567500032484531	19.273054	3.61237525939941
19.289373	0.0557500012218952	19.295606	3.61225008964539
19.311931	0.0557500012218952	19.318163	3.61212515830994
19.334478	0.0543750040233135	19.340707	3.61050009727478
19.357027	0.0545000024139881	19.363265	3.60975027084351
19.379582	0.0552500039339066	19.385827	3.60962510108948
19.402164	0.0552500039339066	19.408403	3.61062526702881
19.424726	0.0562500022351742	19.430985	3.61212515830994
19.447306	0.0565000027418137	19.453544	3.61250019073486
19.469863	0.055500004440546	19.476115	3.61262512207031
19.492438	0.0545000024139881	19.498665	3.61150026321411
19.514992	0.0573750026524067	19.52123	3.61037516593933
19.53755	0.0542500019073486	19.543788	3.60950016975403
19.560108	0.055500004440546	19.56634	3.61037516593933
19.582665	0.0550000034272671	19.588898	3.61100006103516
19.605219	0.0565000027418137	19.611456	3.61212515830994
19.627778	0.0551250018179417	19.634015	3.61287522315979
19.650334	0.0560000017285347	19.656567	3.61237525939941
19.672892	0.0548750013113022	19.679124	3.61100006103516
19.695449	0.0531250014901161	19.701686	3.6100001335144
19.718006	0.0537500008940697	19.724243	3.60937523841858
19.740574	0.0550000034272671	19.746807	3.61012506484985
19.76313	0.0550000034272671	19.769362	3.61087512969971
19.785683	0.0561250038444996	19.791919	3.61225008964539
19.808238	0.0573750026524067	19.814481	3.61325025558472
19.8308	0.0557500012218952	19.837032	3.61262512207031
19.853356	0.0550000034272671	19.859588	3.61075019836426
19.875907	0.0535000041127205	19.882144	3.61012506484985
19.898464	0.0546250008046627	19.904701	3.60975027084351
19.921033	0.0565000027418137	19.927266	3.61025023460388
19.943603	0.0548750013113022	19.949836	3.61212515830994
19.96615	0.0570000037550926	19.972387	3.61287522315979
19.988721	0.0563750043511391	19.994962	3.61287522315979
20.011288	0.0545000024139881	20.017521	3.61237525939941
20.033863	0.0546250008046627	20.040128	3.61075019836426
20.056452	0.054125003516674	20.062692	3.61025023460388
20.079019	0.0577500015497208	20.085252	3.60962510108948
20.101577	0.0548750013113022	20.107809	3.61025023460388
20.124133	0.0560000017285347	20.130372	3.61150026321411
20.146696	0.0562500022351742	20.152929	3.61262512207031
20.16925	0.0557500012218952	20.175478	3.61300015449524
20.191814	0.054125003516674	20.198047	3.61237525939941
20.214367	0.0545000024139881	20.2206	3.61050009727478
20.236921	0.0540000014007092	20.243154	3.6100001335144
20.259474	0.0550000034272671	20.26573	3.60962510108948
20.282055	0.0546250008046627	20.288288	3.61100006103516
20.304623	0.0565000027418137	20.31086	3.61225008964539
20.327179	0.0562500022351742	20.333412	3.61262512207031
20.34973	0.0553750023245811	20.355963	3.61300015449524
20.372288	0.0546250008046627	20.37852	3.61137509346008
20.394862	0.0533750019967556	20.4011	3.61075019836426
20.417449	0.0545000024139881	20.423687	3.60975027084351
20.440008	0.055500004440546	20.446241	3.6100001335144
20.462566	0.0557500012218952	20.468798	3.61112523078918
20.485118	0.0567500032484531	20.491356	3.61250019073486
20.50768	0.0570000037550926	20.513917	3.61312508583069
20.530236	0.0546250008046627	20.536464	3.61250019073486
20.552793	0.0557500012218952	20.559025	3.61175012588501
20.575356	0.0538750030100346	20.581594	3.61012506484985
20.597915	0.0551250018179417	20.604152	3.60962510108948
20.620494	0.0542500019073486	20.626732	3.61012506484985
20.643056	0.0528750009834766	20.649289	3.61137509346008
20.665631	0.0562500022351742	20.671868	3.61237525939941
20.688187	0.0582500025629997	20.694424	3.61312508583069
20.710746	0.0550000034272671	20.716978	3.61287522315979
20.733303	0.0547500029206276	20.739535	3.61150026321411
20.755856	0.0542500019073486	20.762094	3.61037516593933
20.778413	0.0536250025033951	20.784646	3.60962510108948
20.80097	0.0552500039339066	20.807203	3.61012506484985
20.823528	0.0540000014007092	20.82976	3.61150026321411
20.846077	0.0575000010430813	20.852315	3.61312508583069
20.868633	0.0568750016391277	20.874869	3.61337518692017
20.891187	0.0551250018179417	20.89742	3.61237525939941
20.91376	0.0551250018179417	20.919995	3.61137509346008
20.936315	0.0533750019967556	20.942552	3.61025023460388
20.958873	0.0567500032484531	20.965106	3.61025023460388
20.981431	0.0553750023245811	20.987663	3.61012506484985
21.003987	0.0586250014603138	21.01022	3.61187505722046
21.026539	0.0572500042617321	21.032771	3.61287522315979
21.049115	0.0560000017285347	21.055359	3.61287522315979
21.071687	0.0560000017285347	21.07792	3.61212515830994
21.094245	0.0551250018179417	21.10048	3.61112523078918
21.116801	0.0592500045895576	21.123039	3.61025023460388
21.139359	0.0550000034272671	21.145591	3.60975027084351
21.161916	0.0548750013113022	21.168148	3.61100006103516
21.184509	0.0545000024139881	21.190744	3.61212515830994
21.207063	0.0563750043511391	21.213301	3.61325025558472
21.229619	0.0548750013113022	21.235852	3.61312508583069
21.252177	0.0536250025033951	21.258409	3.61225008964539
21.27473	0.0550000034272671	21.280969	3.61087512969971
21.29729	0.0547500029206276	21.303522	3.60975027084351
21.319843	0.0551250018179417	21.326077	3.61025023460388
21.342397	0.0560000017285347	21.34863	3.61112523078918
21.364971	0.0566250011324883	21.371203	3.61225008964539
21.387522	0.0566250011324883	21.393755	3.61337518692017
21.410099	0.0545000024139881	21.416333	3.61287522315979
21.432676	0.0580000020563602	21.438909	3.61175012588501
21.455243	0.0548750013113022	21.461481	3.61075019836426
21.477802	0.0546250008046627	21.48404	3.60962510108948
21.500373	0.055500004440546	21.506606	3.6100001335144
21.522929	0.0551250018179417	21.529162	3.61162519454956
21.545482	0.0567500032484531	21.55172	3.61262512207031
21.568038	0.0561250038444996	21.574275	3.61312508583069
21.590597	0.0545000024139881	21.59683	3.61237525939941
21.613169	0.0543750040233135	21.619401	3.61175012588501
21.635733	0.0561250038444996	21.641966	3.6100001335144
21.658276	0.0547500029206276	21.664514	3.6100001335144
21.680834	0.0550000034272671	21.687067	3.61075019836426
21.703392	0.0538750030100346	21.709624	3.61162519454956
21.725944	0.0566250011324883	21.732181	3.61312508583069
21.7485	0.0575000010430813	21.754733	3.61325025558472
21.771057	0.055500004440546	21.77729	3.61187505722046
21.793628	0.0540000014007092	21.79986	3.61112523078918
21.816178	0.0537500008940697	21.822411	3.60987520217896
21.838732	0.0545000024139881	21.844965	3.61025023460388
21.861289	0.0551250018179417	21.867521	3.61100006103516
21.883845	0.0558750033378601	21.890085	3.61200022697449
21.906409	0.0598750039935112	21.912647	3.61287522315979
21.928967	0.0562500022351742	21.9352	3.61375021934509
21.951524	0.0553750023245811	21.957757	3.61250019073486
21.974083	0.055500004440546	21.980316	3.61112523078918
21.996635	0.0545000024139881	22.002867	3.61012506484985
22.019186	0.0546250008046627	22.02542	3.61012506484985
22.041766	0.0553750023245811	22.047995	3.61112523078918
22.064327	0.0556250028312206	22.070589	3.61287522315979
22.086912	0.0576250031590462	22.093149	3.61287522315979
22.109468	0.0570000037550926	22.115701	3.61287522315979
22.132026	0.0560000017285347	22.138258	3.61262512207031
22.154578	0.0542500019073486	22.160811	3.61062526702881
22.177135	0.0540000014007092	22.183373	3.61037516593933
22.199693	0.0578750036656857	22.205926	3.61025023460388
22.222254	0.0570000037550926	22.228486	3.61087512969971
22.244805	0.0548750013113022	22.251042	3.61287522315979
22.267361	0.0566250011324883	22.273599	3.61362528800964
22.289918	0.0552500039339066	22.296151	3.61312508583069
22.312475	0.0567500032484531	22.318708	3.61200022697449
22.335027	0.0577500015497208	22.341266	3.61087512969971
22.357586	0.0546250008046627	22.363819	3.61012506484985
22.380143	0.0552500039339066	22.386371	3.61050009727478
22.402695	0.0552500039339066	22.408957	3.61175012588501
22.425292	0.055500004440546	22.431529	3.61300015449524
22.447852	0.0571250021457672	22.454085	3.61362528800964
22.47041	0.0552500039339066	22.476638	3.61325025558472
22.492959	0.0565000027418137	22.499191	3.61212515830994
22.515517	0.0542500019073486	22.521755	3.61050009727478
22.538074	0.055500004440546	22.544312	3.61037516593933
22.560635	0.0565000027418137	22.566867	3.61037516593933
22.583191	0.0552500039339066	22.589423	3.61150026321411
22.605744	0.0568750016391277	22.611982	3.61300015449524
22.628304	0.0570000037550926	22.634536	3.61350011825562
22.65086	0.055500004440546	22.657092	3.61262512207031
22.673416	0.055500004440546	22.679648	3.61187505722046
22.69597	0.055500004440546	22.702208	3.61050009727478
22.718529	0.0546250008046627	22.724762	3.61050009727478
22.741088	0.0543750040233135	22.74732	3.61062526702881
22.763644	0.0542500019073486	22.769876	3.61262512207031
22.786222	0.0568750016391277	22.79246	3.61312508583069
22.808779	0.0560000017285347	22.815012	3.61350011825562
22.831336	0.0558750033378601	22.837569	3.61300015449524
22.853893	0.0551250018179417	22.860126	3.61137509346008
22.876447	0.0551250018179417	22.882684	3.61037516593933
22.899015	0.0548750013113022	22.905254	3.61062526702881
22.921581	0.0542500019073486	22.927813	3.61100006103516
22.944137	0.0533750019967556	22.950371	3.61237525939941
22.966689	0.0568750016391277	22.972926	3.61325025558472
22.989245	0.0558750033378601	22.995478	3.61300015449524
23.011802	0.0563750043511391	23.018029	3.61275005340576
23.034372	0.0548750013113022	23.040626	3.61112523078918
23.056967	0.0546250008046627	23.0632	3.61037516593933
23.079524	0.0546250008046627	23.085757	3.61062526702881
23.102084	0.0543750040233135	23.108318	3.61125016212463
23.124637	0.0560000017285347	23.13087	3.61300015449524
23.147188	0.0596250034868717	23.153426	3.61350011825562
23.169746	0.0565000027418137	23.175978	3.61362528800964
23.192302	0.0551250018179417	23.198535	3.61250019073486
23.214869	0.0550000034272671	23.221106	3.61125016212463
23.237429	0.053250003606081	23.243666	3.61037516593933
23.259998	0.0578750036656857	23.266231	3.61125016212463
23.282556	0.0552500039339066	23.288789	3.61162519454956
23.30511	0.0576250031590462	23.311348	3.61312508583069
23.327667	0.0577500015497208	23.333906	3.61337518692017
23.350225	0.0547500029206276	23.356463	3.61387515068054
23.372787	0.0553750023245811	23.379019	3.61212515830994
23.395354	0.0546250008046627	23.401591	3.61150026321411
23.417929	0.0536250025033951	23.424163	3.61012506484985
23.440486	0.0560000017285347	23.446718	3.61087512969971
23.463064	0.0558750033378601	23.469309	3.61250019073486
23.485634	0.0568750016391277	23.491869	3.61312508583069
23.508197	0.0570000037550926	23.514436	3.61375021934509
23.530779	0.0556250028312206	23.537012	3.61325025558472
23.553337	0.0566250011324883	23.55957	3.61200022697449
23.575893	0.054125003516674	23.58213	3.61087512969971
23.59845	0.0547500029206276	23.604682	3.61087512969971
23.621009	0.0560000017285347	23.627241	3.61137509346008
23.643566	0.0552500039339066	23.649798	3.61225008964539
23.666135	0.0570000037550926	23.672373	3.61325025558472
23.688693	0.0566250011324883	23.694926	3.61362528800964
23.71125	0.0561250038444996	23.717483	3.61337518692017
23.733807	0.0548750013113022	23.740034	3.61175012588501
23.756354	0.0537500008940697	23.762592	3.61100006103516
23.778926	0.0550000034272671	23.785159	3.61062526702881
23.801474	0.0553750023245811	23.807707	3.61100006103516
23.824031	0.0558750033378601	23.830288	3.61250019073486
23.846608	0.0567500032484531	23.852839	3.61337518692017
23.869158	0.0551250018179417	23.875391	3.61387515068054
23.891715	0.0531250014901161	23.897947	3.61275005340576
23.914275	0.0548750013113022	23.920508	3.61175012588501
23.936827	0.0540000014007092	23.943066	3.61075019836426
23.959385	0.0550000034272671	23.96563	3.61062526702881
23.981968	0.0545000024139881	23.9882	3.61250019073486
24.004518	0.0560000017285347	24.010772	3.61287522315979
24.027091	0.0568750016391277	24.033329	3.61387515068054
24.04967	0.0548750013113022	24.055905	3.61350011825562
24.072245	0.0551250018179417	24.078478	3.61200022697449
24.094799	0.0545000024139881	24.101037	3.61137509346008
24.117356	0.0538750030100346	24.123594	3.61037516593933
24.139913	0.0553750023245811	24.146152	3.61125016212463
24.162478	0.055500004440546	24.16871	3.61200022697449
24.185035	0.0577500015497208	24.191274	3.61300015449524
24.207594	0.0587500035762787	24.213831	3.61362528800964
24.230159	0.0557500012218952	24.236392	3.61350011825562
24.252716	0.0553750023245811	24.258949	3.61250019073486
24.275269	0.0543750040233135	24.281506	3.61150026321411
24.297825	0.0550000034272671	24.304062	3.61050009727478
24.320381	0.0546250008046627	24.326614	3.61125016212463
24.342936	0.0553750023245811	24.349168	3.61250019073486
24.365486	0.0566250011324883	24.371724	3.61325025558472
24.388043	0.0572500042617321	24.394281	3.61437511444092
24.410625	0.055500004440546	24.416863	3.61375021934509
24.433189	0.0536250025033951	24.439421	3.61200022697449
24.45574	0.0545000024139881	24.461978	3.61175012588501
24.478312	0.0546250008046627	24.484545	3.61062526702881
24.500865	0.0563750043511391	24.507092	3.61125016212463
24.523419	0.055500004440546	24.529651	3.61262512207031
24.545972	0.0546250008046627	24.552209	3.61387515068054
24.568529	0.0551250018179417	24.574762	3.61362528800964
24.591086	0.0560000017285347	24.597319	3.61312508583069
24.613642	0.0556250028312206	24.619874	3.61212515830994
24.636219	0.0547500029206276	24.642457	3.61075019836426
24.658777	0.0556250028312206	24.66501	3.61062526702881
24.681334	0.0556250028312206	24.687567	3.61175012588501
24.703887	0.0548750013113022	24.710121	3.61287522315979
24.726441	0.0580000020563602	24.732678	3.61350011825562
24.748997	0.0556250028312206	24.755247	3.61387515068054
24.771571	0.055500004440546	24.777798	3.61312508583069
24.794124	0.0560000017285347	24.800371	3.61212515830994
24.816695	0.055500004440546	24.822933	3.61100006103516
24.83925	0.0571250021457672	24.845483	3.61100006103516
24.861805	0.0548750013113022	24.868037	3.61212515830994
24.884363	0.0553750023245811	24.890599	3.61337518692017
24.906932	0.0562500022351742	24.913171	3.61437511444092
24.929493	0.0571250021457672	24.935738	3.61425018310547
24.952063	0.0551250018179417	24.958295	3.61312508583069
24.97462	0.0550000034272671	24.980865	3.61187505722046
24.997189	0.050500001758337	25.003427	3.61112523078918
25.019737	0.0547500029206276	25.025975	3.61137509346008
25.042316	0.0552500039339066	25.048549	3.61212515830994
25.06487	0.0557500012218952	25.071103	3.61325025558472
25.087426	0.0561250038444996	25.093665	3.61425018310547
25.109997	0.0553750023245811	25.116229	3.61400008201599
25.132553	0.0545000024139881	25.138786	3.61287522315979
25.155105	0.0551250018179417	25.161343	3.61137509346008
25.177662	0.0556250028312206	25.1839	3.61087512969971
25.200218	0.0552500039339066	25.206451	3.61087512969971
25.222776	0.0553750023245811	25.229009	3.61200022697449
25.245353	0.0607500039041042	25.251591	3.61325025558472
25.267908	0.0566250011324883	25.274145	3.61387515068054
25.290482	0.0548750013113022	25.296715	3.61400008201599
25.313038	0.0550000034272671	25.319271	3.61262512207031
25.335596	0.0545000024139881	25.341834	3.61150026321411
25.35817	0.055500004440546	25.364407	3.61075019836426
25.380726	0.0560000017285347	25.386958	3.61150026321411
25.403285	0.0546250008046627	25.409536	3.61237525939941
25.425867	0.0575000010430813	25.432105	3.61425018310547
25.448426	0.0578750036656857	25.45467	3.61450028419495
25.470994	0.0552500039339066	25.477227	3.61362528800964
25.493551	0.0548750013113022	25.499783	3.61262512207031
25.516118	0.0545000024139881	25.522355	3.61125016212463
25.538674	0.0547500029206276	25.544907	3.61112523078918
25.56123	0.0551250018179417	25.567463	3.61175012588501
25.583777	0.0557500012218952	25.590011	3.61262512207031
25.606329	0.0557500012218952	25.612567	3.61387515068054
25.628886	0.0568750016391277	25.635119	3.61387515068054
25.651443	0.0547500029206276	25.657676	3.61375021934509
25.673999	0.0551250018179417	25.680231	3.61275005340576
25.69655	0.0542500019073486	25.702788	3.61125016212463
25.719123	0.0552500039339066	25.725356	3.61100006103516
25.741678	0.0546250008046627	25.74791	3.61225008964539
25.764239	0.055500004440546	25.770487	3.61350011825562
25.786807	0.0576250031590462	25.793046	3.61412525177002
25.809365	0.0567500032484531	25.815592	3.61412525177002
25.831919	0.054125003516674	25.838151	3.61325025558472
25.854481	0.0550000034272671	25.860714	3.61125016212463
25.877033	0.0535000041127205	25.88327	3.61150026321411
25.899589	0.0546250008046627	25.90583	3.61112523078918
25.922155	0.0550000034272671	25.928387	3.61237525939941
25.944706	0.0562500022351742	25.950938	3.61387515068054
25.967257	0.0570000037550926	25.973494	3.61437511444092
25.989813	0.0550000034272671	25.996045	3.61412525177002
26.012365	0.0548750013113022	26.018597	3.61287522315979
26.034946	0.0552500039339066	26.041194	3.61237525939941
26.057517	0.0551250018179417	26.063756	3.61100006103516
26.08009	0.0550000034272671	26.08633	3.61137509346008
26.102651	0.0570000037550926	26.108884	3.61250019073486
26.125204	0.052375003695488	26.131438	3.61350011825562
26.147756	0.0566250011324883	26.153994	3.61437511444092
26.170316	0.0556250028312206	26.176549	3.61437511444092
26.192869	0.0556250028312206	26.199101	3.61325025558472
26.215421	0.054125003516674	26.221659	3.61100006103516
26.237979	0.0550000034272671	26.244213	3.61100006103516
26.260531	0.0547500029206276	26.266765	3.61162519454956
26.283105	0.0543750040233135	26.289337	3.61287522315979
26.305656	0.0566250011324883	26.311893	3.61400008201599
26.328212	0.0571250021457672	26.334444	3.61387515068054
26.350771	0.055500004440546	26.357004	3.61400008201599
26.373327	0.0556250028312206	26.379559	3.61300015449524
26.395877	0.0546250008046627	26.402114	3.61175012588501
26.418462	0.0546250008046627	26.424695	3.61100006103516
26.441021	0.0550000034272671	26.447253	3.61200022697449
26.463577	0.0526250042021275	26.46981	3.61337518692017
26.486128	0.0567500032484531	26.492366	3.61400008201599
26.508684	0.0573750026524067	26.514917	3.6146252155304
26.531247	0.0558750033378601	26.537479	3.61362528800964
26.553804	0.0553750023245811	26.560037	3.61212515830994
26.576356	0.0540000014007092	26.582593	3.61175012588501
26.598913	0.0552500039339066	26.605158	3.61137509346008
26.621482	0.0551250018179417	26.627714	3.61162519454956
26.644038	0.0543750040233135	26.650283	3.61300015449524
26.666601	0.0566250011324883	26.672839	3.61425018310547
26.689157	0.0560000017285347	26.69539	3.61375021934509
26.711714	0.0552500039339066	26.717946	3.61400008201599
26.73427	0.0540000014007092	26.740503	3.61200022697449
26.756822	0.054125003516674	26.763059	3.61175012588501
26.779369	0.0562500022351742	26.785602	3.61137509346008
26.801923	0.0561250038444996	26.808156	3.61212515830994
26.824489	0.0553750023245811	26.830722	3.61400008201599
26.847042	0.0567500032484531	26.853279	3.61412525177002
26.869602	0.0560000017285347	26.875834	3.61400008201599
26.892158	0.0548750013113022	26.898391	3.61350011825562
26.914713	0.0548750013113022	26.920971	3.61225008964539
26.937291	0.0546250008046627	26.943529	3.61162519454956
26.959847	0.0547500029206276	26.96608	3.61125016212463
26.982405	0.0556250028312206	26.988637	3.61275005340576
27.004959	0.0565000027418137	27.011197	3.61412525177002
27.027516	0.0572500042617321	27.033772	3.61475014686584
27.050111	0.0551250018179417	27.056344	3.61425018310547
27.072667	0.0547500029206276	27.0789	3.61312508583069
27.095252	0.0537500008940697	27.101485	3.61262512207031
27.117811	0.0545000024139881	27.124043	3.61150026321411
27.140384	0.0545000024139881	27.146618	3.61150026321411
27.162943	0.0548750013113022	27.169176	3.61325025558472
27.185497	0.0572500042617321	27.19173	3.61400008201599
27.208051	0.0578750036656857	27.214284	3.61475014686584
27.230602	0.0557500012218952	27.236834	3.6146252155304
27.253157	0.0552500039339066	27.25939	3.61225008964539
27.275739	0.0547500029206276	27.281976	3.61175012588501
27.298295	0.0543750040233135	27.304528	3.61200022697449
27.320859	0.0546250008046627	27.327091	3.61225008964539
27.343415	0.0553750023245811	27.349648	3.61387515068054
27.365966	0.0577500015497208	27.372204	3.61425018310547
27.388523	0.0575000010430813	27.39476	3.61437511444092
27.411103	0.0545000024139881	27.417336	3.61425018310547
27.433664	0.0550000034272671	27.439896	3.61287522315979
27.456219	0.054125003516674	27.462457	3.61187505722046
27.478777	0.0547500029206276	27.485011	3.61137509346008
27.501336	0.0552500039339066	27.507568	3.61200022697449
27.523893	0.0557500012218952	27.530126	3.61362528800964
27.546436	0.0575000010430813	27.552668	3.61450028419495
27.568993	0.0548750013113022	27.57525	3.61475014686584
27.591589	0.0547500029206276	27.597822	3.61412525177002
27.614146	0.0551250018179417	27.620378	3.61225008964539
27.636699	0.0547500029206276	27.642936	3.61162519454956
27.659246	0.0553750023245811	27.665478	3.61137509346008
27.681803	0.055500004440546	27.688035	3.61312508583069
27.70436	0.0556250028312206	27.710593	3.61412525177002
27.726912	0.0568750016391277	27.733149	3.61387515068054
27.749468	0.0547500029206276	27.755701	3.61475014686584
27.772024	0.0535000041127205	27.778257	3.61337518692017
27.794578	0.0542500019073486	27.80081	3.61187505722046
27.81712	0.0562500022351742	27.823354	3.61137509346008
27.839674	0.0550000034272671	27.845907	3.61150026321411
27.862232	0.0552500039339066	27.868465	3.61312508583069
27.884798	0.0563750043511391	27.891035	3.61437511444092
27.907362	0.0573750026524067	27.913599	3.61400008201599
27.929921	0.0556250028312206	27.936154	3.61450028419495
27.952478	0.055500004440546	27.958711	3.61287522315979
27.975033	0.0576250031590462	27.981271	3.61225008964539
27.997589	0.0550000034272671	28.003826	3.61212515830994
28.020146	0.0557500012218952	28.026379	3.61225008964539
28.042721	0.0558750033378601	28.04895	3.61325025558472
28.06528	0.0565000027418137	28.071519	3.61387515068054
28.087844	0.0568750016391277	28.094078	3.61512517929077
28.110399	0.0551250018179417	28.116632	3.61475014686584
28.132958	0.055500004440546	28.139191	3.61325025558472
28.155517	0.0575000010430813	28.16175	3.61225008964539
28.17807	0.0542500019073486	28.184303	3.61137509346008
28.200622	0.0558750033378601	28.206855	3.61200022697449
28.223178	0.0552500039339066	28.229411	3.61325025558472
28.245747	0.0571250021457672	28.251985	3.61400008201599
28.268304	0.0557500012218952	28.274537	3.6146252155304
28.29086	0.0542500019073486	28.297092	3.61450028419495
28.313415	0.0550000034272671	28.319647	3.61337518692017
28.335965	0.0537500008940697	28.342202	3.61225008964539
28.358521	0.0542500019073486	28.364759	3.61187505722046
28.381082	0.0560000017285347	28.387315	3.61287522315979
28.40364	0.0587500035762787	28.409895	3.61362528800964
28.426238	0.0571250021457672	28.432476	3.61475014686584
28.448796	0.0562500022351742	28.455029	3.61500024795532
28.471353	0.0548750013113022	28.477585	3.61350011825562
28.493909	0.0533750019967556	28.500143	3.61287522315979
28.516462	0.0547500029206276	28.5227	3.61200022697449
28.539023	0.0545000024139881	28.545257	3.61200022697449
28.561582	0.0570000037550926	28.567814	3.61275005340576
28.584141	0.0543750040233135	28.590377	3.61362528800964
28.606695	0.0576250031590462	28.612933	3.6146252155304
28.629253	0.0546250008046627	28.635486	3.61487507820129
28.65181	0.0543750040233135	28.658042	3.61362528800964
28.674365	0.0545000024139881	28.680599	3.61325025558472
28.696916	0.0546250008046627	28.703153	3.61200022697449
28.719472	0.0551250018179417	28.725728	3.61175012588501
28.742051	0.0540000014007092	28.748284	3.61275005340576
28.764603	0.0552500039339066	28.770835	3.61412525177002
28.787154	0.0567500032484531	28.793391	3.61525011062622
28.809709	0.0553750023245811	28.815942	3.61500024795532
28.832261	0.0556250028312206	28.838494	3.61362528800964
28.854828	0.0546250008046627	28.861055	3.61312508583069
28.877377	0.0540000014007092	28.883615	3.61225008964539
28.899936	0.0546250008046627	28.906169	3.61212515830994
28.922494	0.0547500029206276	28.928726	3.61375021934509
28.945047	0.0546250008046627	28.951285	3.61400008201599
28.967604	0.0567500032484531	28.973841	3.61512517929077
28.99016	0.0556250028312206	28.996394	3.61512517929077
29.012717	0.054125003516674	29.018944	3.61362528800964
29.035289	0.0551250018179417	29.04153	3.61225008964539
29.057847	0.0537500008940697	29.064075	3.61175012588501
29.080397	0.0551250018179417	29.086631	3.61200022697449
29.102952	0.0550000034272671	29.109184	3.61337518692017
29.125542	0.0565000027418137	29.131779	3.61487507820129
29.148099	0.0563750043511391	29.154331	3.61487507820129
29.170652	0.0556250028312206	29.176884	3.61437511444092
29.193209	0.0545000024139881	29.199441	3.61325025558472
29.215761	0.0546250008046627	29.221998	3.61262512207031
29.238317	0.0508750006556511	29.244551	3.61225008964539
29.260878	0.0552500039339066	29.267117	3.61262512207031
29.283444	0.0548750013113022	29.289676	3.61375021934509
29.305994	0.0567500032484531	29.312232	3.61437511444092
29.328551	0.0566250011324883	29.334783	3.61525011062622
29.351106	0.0562500022351742	29.357338	3.61425018310547
29.373657	0.0556250028312206	29.379891	3.61362528800964
29.396215	0.0548750013113022	29.402448	3.61162519454956
29.418791	0.0551250018179417	29.42503	3.61200022697449
29.441356	0.055500004440546	29.447589	3.61300015449524
29.463915	0.0566250011324883	29.470144	3.61375021934509
29.486465	0.0573750026524067	29.492697	3.61525011062622
29.509024	0.0568750016391277	29.515257	3.61512517929077
29.531597	0.0547500029206276	29.537829	3.61375021934509
29.554154	0.0552500039339066	29.560387	3.61362528800964
29.576708	0.0538750030100346	29.582946	3.61187505722046
29.599265	0.0550000034272671	29.605497	3.61225008964539
29.621822	0.0550000034272671	29.628055	3.61312508583069
29.64438	0.0561250038444996	29.650613	3.61412525177002
29.666931	0.0565000027418137	29.673169	3.6155002117157
29.689487	0.0560000017285347	29.695738	3.61475014686584
29.712062	0.0552500039339066	29.718295	3.61412525177002
29.734608	0.0548750013113022	29.740837	3.61300015449524
29.757157	0.0537500008940697	29.763395	3.61212515830994
29.779716	0.0552500039339066	29.785949	3.61212515830994
29.802274	0.0556250028312206	29.808506	3.61362528800964
29.824831	0.0566250011324883	29.831069	3.6146252155304
29.847388	0.0565000027418137	29.853625	3.61537528038025
29.869945	0.055500004440546	29.876178	3.61512517929077
29.892502	0.0557500012218952	29.89873	3.61400008201599
29.915068	0.0551250018179417	29.921306	3.61262512207031
29.937627	0.0535000041127205	29.943864	3.61212515830994
29.960185	0.0513750016689301	29.966418	3.61200022697449
