Time_sec1	Voltage_A0TG	Time_sec2	Voltage_A1TG
0	0.387125015258789	0.006237	3.61912512779236
0.022557	0.387875020503998	0.02879	3.6183750629425
0.045114	0.38850000500679	0.051347	3.61862516403198
0.067671	0.388250023126602	0.073904	3.61975026130676
0.090237	0.388625025749207	0.096475	3.62112522125244
0.112796	0.388625025749207	0.119029	3.62225008010864
0.135356	0.387500017881393	0.141588	3.62175011634827
0.157913	0.387500017881393	0.164146	3.62025022506714
0.180465	0.387750029563904	0.186703	3.61937522888184
0.203021	0.387250006198883	0.209254	3.6183750629425
0.225579	0.384750008583069	0.231811	3.61925005912781
0.248136	0.386125028133392	0.254369	3.62087512016296
0.27069	0.389000028371811	0.276922	3.62137508392334
0.293245	0.388000011444092	0.299491	3.62200021743774
0.315812	0.388000011444092	0.322045	3.62162518501282
0.338365	0.387500017881393	0.344599	3.62000012397766
0.360937	0.387500017881393	0.36717	3.61950016021729
0.383484	0.388000011444092	0.389719	3.61850023269653
0.406041	0.388875007629395	0.412273	3.61925005912781
0.428597	0.387250006198883	0.434834	3.62062525749207
0.451155	0.388375014066696	0.457392	3.62150025367737
0.473717	0.388125032186508	0.479979	3.62212514877319
0.496318	0.389000028371811	0.502551	3.62112522125244
0.51888	0.388000011444092	0.525118	3.62012505531311
0.541439	0.387625008821487	0.547677	3.61900019645691
0.563998	0.387750029563904	0.570231	3.61900019645691
0.586554	0.387750029563904	0.592787	3.62025022506714
0.60912	0.386250019073486	0.615357	3.62112522125244
0.631691	0.388375014066696	0.637929	3.62225008010864
0.654256	0.38850000500679	0.660488	3.62187528610229
0.676814	0.389000028371811	0.683047	3.62075018882751
0.699365	0.387875020503998	0.705603	3.62012505531311
0.721922	0.387250006198883	0.728159	3.61875009536743
0.744478	0.387500017881393	0.75071	3.61887526512146
0.767044	0.388000011444092	0.77332	3.62025022506714
0.789676	0.391500025987625	0.795909	3.62137508392334
0.812247	0.388375014066696	0.818481	3.62212514877319
0.834799	0.388625025749207	0.841031	3.62225008010864
0.857376	0.388000011444092	0.86361	3.62012505531311
0.87993	0.387625008821487	0.886168	3.61962509155273
0.902488	0.389000028371811	0.908726	3.61912512779236
0.925052	0.388250023126602	0.931284	3.61975026130676
0.947607	0.388250023126602	0.95385	3.62112522125244
0.970171	0.388625025749207	0.976409	3.62150025367737
0.992728	0.389375030994415	0.998961	3.62200021743774
1.015284	0.387750029563904	1.021516	3.62175011634827
1.037841	0.388375014066696	1.044074	3.62087512016296
1.060393	0.387500017881393	1.06663	3.61937522888184
1.082949	0.387375026941299	1.089182	3.61925005912781
1.10551	0.387500017881393	1.111743	3.62062525749207
1.128067	0.388000011444092	1.1343	3.62125015258789
1.15062	0.387875020503998	1.156857	3.62200021743774
1.173178	0.388000011444092	1.179411	3.62262511253357
1.195735	0.388250023126602	1.201968	3.62137508392334
1.218288	0.387500017881393	1.224543	3.62050008773804
1.240863	0.387250006198883	1.247101	3.61900019645691
1.263411	0.388000011444092	1.269644	3.61937522888184
1.285968	0.387375026941299	1.2922	3.62062525749207
1.30853	0.388625025749207	1.314767	3.62175011634827
1.331091	0.38850000500679	1.337324	3.62287521362305
1.353662	0.387750029563904	1.359895	3.62250018119812
1.376219	0.387750029563904	1.382451	3.62100028991699
1.39877	0.386875003576279	1.405008	3.62037515640259
1.421319	0.387500017881393	1.427557	3.61962509155273
1.443878	0.387500017881393	1.450111	3.61962509155273
1.46643	0.388250023126602	1.472663	3.62125015258789
1.489054	0.38850000500679	1.495288	3.62212514877319
1.511617	0.388375014066696	1.517855	3.6230001449585
1.534179	0.384875029325485	1.540412	3.61650013923645
1.556737	0.356000006198883	1.56297	3.61450028419495
1.579303	0.298750013113022	1.58554	3.60262513160706
1.60186	0.242625012993813	1.608097	3.57987523078918
1.624417	0.199500009417534	1.630649	3.54325008392334
1.646973	0.158875003457069	1.653206	3.49837517738342
1.669542	0.126625001430511	1.675779	3.44262504577637
1.69209	0.0981250032782555	1.698328	3.3840000629425
1.714648	0.0706249997019768	1.720881	3.31837511062622
1.737205	0.0447500012814999	1.743433	3.25850009918213
1.759758	0.0206250008195639	1.765997	3.19737505912781
1.782316	0.000125000005937181	1.788548	3.14412522315979
1.804872	0.00100000004749745	1.811104	3.09387516975403
1.827429	-0.000375000003259629	1.833662	3.0521252155304
1.850016	0.002125000115484	1.85626	3.01337504386902
1.872583	0.00162500003352761	1.878816	2.97887516021729
1.895143	0.00137500010896474	1.901376	2.94612503051758
1.9177	0.00187500007450581	1.923933	2.91812515258789
1.940251	-0.000625000044237822	1.946489	2.89275002479553
1.962807	0.00362500012852252	1.969041	2.86987519264221
1.985364	-0.000500000023748726	1.991597	2.850750207901
2.007922	0.000625000044237822	2.014155	2.8345000743866
2.030473	0.00337500008754432	2.036711	2.81962513923645
2.053031	0.0020000000949949	2.059264	2.80512523651123
2.075588	-0.000250000011874363	2.081821	2.79075002670288
2.098145	0	2.104378	2.77862524986267
2.120697	-0.00112500006798655	2.126934	2.76700019836426
2.143252	0.000250000011874363	2.149503	2.7581250667572
2.165827	0.000125000005937181	2.172059	2.7506251335144
2.18838	0.00125000008847564	2.194626	2.74412512779236
2.210944	0.0022500001359731	2.217176	2.73800015449524
2.233495	0.00100000004749745	2.239728	2.73100018501282
2.256051	0.000500000023748726	2.262284	2.72500014305115
2.278627	-0.000375000003259629	2.284864	2.71800017356873
2.301182	0.000250000011874363	2.30742	2.71387505531311
2.323754	0.000625000044237822	2.329987	2.7110002040863
2.34631	0.000375000003259629	2.352544	2.70737504959106
2.368865	0.00250000017695129	2.375099	2.70562505722046
2.39144	0.00237500015646219	2.39768	2.70325016975403
2.414003	0.00162500003352761	2.420236	2.69975018501282
2.436556	0.000375000003259629	2.442788	2.69637513160706
2.45912	-0.000625000044237822	2.465406	2.69325017929077
2.481765	-0.00112500006798655	2.488007	2.69000005722046
2.504354	-0.000500000023748726	2.510592	2.68900012969971
2.526912	-0.000375000003259629	2.533149	2.68862509727478
2.549528	0.00237500015646219	2.555766	2.68925023078918
2.572087	0.00275000021792948	2.578325	2.68687510490417
2.594647	0.000125000005937181	2.60088	2.68500018119812
2.617205	0.00112500006798655	2.623438	2.68237519264221
2.639758	-0.000750000006519258	2.645997	2.68112516403198
2.662316	-0.000500000023748726	2.668544	2.67937517166138
2.684869	0.00100000004749745	2.691101	2.67937517166138
2.707426	0	2.713659	2.67962503433228
2.729998	0.00262500019744039	2.736236	2.67950010299683
2.752556	0.00300000002607703	2.758789	2.6780002117157
2.775115	-0.000375000003259629	2.781348	2.67675018310547
2.797671	-0.000750000006519258	2.803904	2.67550015449524
2.820224	0.00337500008754432	2.826462	2.6771252155304
2.842781	0.000125000005937181	2.849033	2.6800000667572
2.865363	0.0022500001359731	2.871596	2.68537521362305
2.88792	0	2.894153	2.69212508201599
2.910476	0.00325000006705523	2.916714	2.69712519645691
2.933035	0.00362500012852252	2.939267	2.7011251449585
2.955594	-0.00162500003352761	2.961827	2.70300006866455
2.978153	-0.000500000023748726	2.984385	2.7037501335144
3.000705	-0.000500000023748726	3.006943	2.70475006103516
3.023262	0.00362500012852252	3.029503	2.70625019073486
3.045827	0.00512500014156103	3.052059	2.70750021934509
3.068378	0.000875000027008355	3.074625	2.70812511444092
3.090947	0.00537500018253922	3.097184	2.70775008201599
3.113503	0.00150000001303852	3.119736	2.70650005340576
3.13606	0.000500000023748726	3.142293	2.70412516593933
3.158628	-0.00162500003352761	3.164866	2.70175004005432
3.181185	0.000375000003259629	3.187417	2.69925022125244
3.203762	0	3.209995	2.69850015640259
3.226317	-0.000500000023748726	3.232549	2.69812512397766
3.248869	0.00162500003352761	3.255106	2.69900012016296
3.271426	0.00275000021792948	3.277664	2.69750022888184
3.293987	0.000750000006519258	3.30022	2.69637513160706
3.316545	0.000125000005937181	3.322772	2.694500207901
3.339123	-0.000375000003259629	3.345355	2.69400024414062
3.361677	-0.000750000006519258	3.367915	2.6938750743866
3.38425	0.000375000003259629	3.390482	2.69487524032593
3.406807	0.00137500010896474	3.41304	2.69637513160706
3.429358	0.002125000115484	3.435595	2.69775009155273
3.451918	0.00275000021792948	3.458151	2.69737505912781
3.474473	0	3.480725	2.69675016403198
3.49705	0.000125000005937181	3.503278	2.69525003433228
3.519614	0.000375000003259629	3.525853	2.69875001907349
3.542178	-0.000500000023748726	3.548411	2.70187520980835
3.564738	-0.000250000011874363	3.570965	2.70475006103516
3.587288	-0.000375000003259629	3.59352	2.70937514305115
3.609845	0.00350000010803342	3.616083	2.71387505531311
3.632403	0.00337500008754432	3.638636	2.71800017356873
3.654962	0.002125000115484	3.661195	2.72162508964539
3.677524	0.00187500007450581	3.68376	2.72525024414062
3.700079	0.000875000027008355	3.706317	2.72875022888184
3.722636	0.00175000005401671	3.728869	2.73250007629395
3.745194	0.0020000000949949	3.751426	2.73700022697449
3.76775	0.00512500014156103	3.773983	2.74150013923645
3.790303	0.00550000043585896	3.796542	2.74562501907349
3.812861	0.00337500008754432	3.819119	2.7480001449585
3.835443	0.00262500019744039	3.841675	2.75000023841858
3.858022	0.00400000018998981	3.864256	2.75187516212463
3.88058	0.00412499997764826	3.886817	2.75300002098083
3.903137	0.00412499997764826	3.90937	2.75575017929077
3.925694	0.00625000009313226	3.931927	2.75937509536743
3.94825	0.00837500020861626	3.954483	2.76150012016296
3.970818	0.00824999995529652	3.977056	2.76337504386902
3.99339	0.00650000013411045	3.999624	2.76437520980835
4.015949	0.00587500026449561	4.022181	2.7645001411438
4.0385	0.00500000035390258	4.044738	2.76575016975403
4.061057	0.00437500001862645	4.067294	2.7662501335144
4.083613	0.006375000346452	4.089846	2.76800012588501
4.10617	0.00700000021606684	4.112403	2.77062511444092
4.128728	0.00987500045448542	4.134965	2.77212524414062
4.151283	0.0101250000298023	4.15752	2.77250003814697
4.173854	0.00800000037997961	4.180087	2.7728750705719
4.196425	0.00762500055134296	4.202658	2.7717502117157
4.218974	0.00275000021792948	4.225211	2.77125024795532
4.24153	0.00837500020861626	4.247767	2.77112507820129
4.264087	0.00787500012665987	4.270319	2.7720000743866
4.286643	0.00950000062584877	4.292876	2.77337503433228
4.309216	0.0117500005289912	4.315453	2.77412509918213
4.331772	0.0105000007897615	4.33801	2.77400016784668
4.35434	0.00975000020116568	4.360573	2.77337503433228
4.376899	0.00925000011920929	4.383131	2.77225017547607
4.39945	0.00900000054389238	4.405687	2.77212524414062
4.422011	0.0101250000298023	4.428249	2.7735002040863
4.44457	0.0105000007897615	4.450802	2.77562522888184
4.467118	0.0125000001862645	4.47335	2.77862524986267
4.489698	0.0133750010281801	4.495932	2.78150010108948
4.512244	0.0138750011101365	4.518482	2.78387522697449
4.534808	0.0120000001043081	4.541041	2.78587508201599
4.557376	0.0108750006183982	4.563608	2.79075002670288
4.57993	0.0108750006183982	4.586162	2.79775023460388
4.602483	0.0115000009536743	4.608727	2.80562520027161
4.62505	0.0132500007748604	4.631283	2.81500005722046
4.647605	0.0140000004321337	4.653858	2.82262516021729
4.670169	0.0150000005960464	4.676401	2.8287501335144
4.69272	0.0133750010281801	4.698954	2.83312511444092
4.715294	0.0150000005960464	4.721526	2.83575010299683
4.73785	0.0121250003576279	4.744083	2.83812522888184
4.760402	0.0143750002607703	4.76664	2.83962512016296
4.78296	0.0135000003501773	4.789214	2.84137511253357
4.805538	0.0147500010207295	4.811771	2.84375023841858
4.828096	0.0171250011771917	4.834336	2.84450006484985
4.850671	0.0177500005811453	4.856916	2.84462523460388
4.873239	0.0150000005960464	4.879502	2.84375023841858
4.895842	0.0151250008493662	4.902074	2.84137511253357
4.918393	0.0151250008493662	4.924626	2.84112524986267
4.940946	0.0153750004246831	4.947185	2.84062504768372
4.963503	0.016499999910593	4.969736	2.84087514877319
4.98606	0.0171250011771917	4.992292	2.84250020980835
5.008632	0.0180000010877848	5.01487	2.84312510490417
5.031189	0.0176250003278255	5.037427	2.84537506103516
5.053764	0.0171250011771917	5.059997	2.84537506103516
5.076333	0.0168750006705523	5.082565	2.84712505340576
5.098884	0.0173750016838312	5.105122	2.85000014305115
5.121442	0.016499999910593	5.127679	2.85525012016296
5.143998	0.0181250013411045	5.150231	2.86250019073486
5.166554	0.0186250004917383	5.172786	2.86887502670288
5.18912	0.0207500010728836	5.195358	2.87687516212463
5.211678	0.0186250004917383	5.217915	2.8840000629425
5.234249	0.019250001758337	5.240482	2.89050006866455
5.256806	0.0182500015944242	5.263039	2.89825010299683
5.27937	0.0186250004917383	5.285608	2.90637516975403
5.301928	0.0198750011622906	5.308165	2.9152500629425
5.324486	0.0200000014156103	5.330719	2.92575025558472
5.347043	0.0217500012367964	5.353275	2.93450021743774
5.369595	0.0228750016540289	5.375833	2.94312524795532
5.392153	0.0206250008195639	5.398385	2.95087504386902
5.414704	0.0211250018328428	5.420931	2.95687508583069
5.437255	0.0203750003129244	5.443488	2.96387505531311
5.459812	0.0198750011622906	5.466051	2.97075009346008
5.482416	0.0210000015795231	5.488665	2.97875022888184
5.504996	0.0217500012367964	5.51123	2.98800015449524
5.527572	0.0245000012218952	5.533804	2.99537515640259
5.550124	0.0222500003874302	5.556362	3.00312519073486
5.572683	0.0218750014901161	5.57892	3.00850009918213
5.595248	0.0223750006407499	5.60148	3.01400017738342
5.617806	0.0222500003874302	5.62405	3.01950025558472
5.64037	0.0222500003874302	5.646607	3.0246250629425
5.662918	0.023250000551343	5.669157	3.0310001373291
5.685482	0.0230000019073486	5.691714	3.03625011444092
5.708036	0.0256250016391277	5.71427	3.04125022888184
5.73059	0.024125000461936	5.736828	3.04462504386902
5.75315	0.0231250002980232	5.759391	3.04712510108948
5.775712	0.0227500014007092	5.781945	3.04862523078918
5.798264	0.0225000008940697	5.804497	3.05012512207031
5.820822	0.0235000010579824	5.827059	3.05275011062622
5.843379	0.0236250013113022	5.849631	3.05675005912781
5.86597	0.0262500010430813	5.872203	3.05875015258789
5.888527	0.0271250009536743	5.894765	3.06150007247925
5.911085	0.0293750017881393	5.917322	3.06300020217896
5.933642	0.025500001385808	5.939881	3.06362509727478
5.956205	0.024125000461936	5.962438	3.06450009346008
5.978758	0.0280000008642673	5.984995	3.06587505340576
6.00132	0.0262500010430813	6.007557	3.0677502155304
6.023893	0.0231250002980232	6.030126	3.07125020027161
6.046442	0.0281250011175871	6.052675	3.07412505149841
6.069014	0.0283750016242266	6.075251	3.07737517356873
6.091571	0.026375001296401	6.097809	3.0787501335144
6.11414	0.0267500020563602	6.120373	3.08000016212463
6.136698	0.0260000005364418	6.14293	3.08137512207031
6.15925	0.0268750004470348	6.165487	3.08375024795532
6.181807	0.0271250009536743	6.188044	3.0860002040863
6.204365	0.0271250009536743	6.210598	3.09012508392334
6.226922	0.0291250012814999	6.233154	3.09450006484985
6.249496	0.0281250011175871	6.255734	3.09725022315979
6.272052	0.0273750014603138	6.278284	3.09912514686584
6.294604	0.0287500005215406	6.300837	3.10025024414062
6.317162	0.0266250018030405	6.323394	3.1018750667572
6.339714	0.0286250021308661	6.345951	3.10512518882751
6.362273	0.0292500015348196	6.368526	3.10850024223328
6.384847	0.0286250021308661	6.39108	3.11225008964539
6.407418	0.0302500016987324	6.41365	3.1157500743866
6.429996	0.032625000923872	6.436233	3.11850023269653
6.452554	0.0285000018775463	6.458782	3.12000012397766
6.475109	0.0290000010281801	6.481366	3.12137508392334
6.497696	0.0273750014603138	6.503925	3.12287521362305
6.520248	0.0287500005215406	6.526486	3.12537503242493
6.542804	0.0308750011026859	6.549038	3.12912511825562
6.565361	0.0302500016987324	6.571593	3.13237524032593
6.587924	0.0318750031292439	6.594156	3.13562512397766
6.610476	0.0300000011920929	6.616709	3.13712525367737
6.63304	0.0301250014454126	6.639273	3.13837504386902
6.655598	0.0292500015348196	6.661831	3.13975024223328
6.678159	0.0323750004172325	6.684392	3.14087510108948
6.700703	0.0301250014454126	6.706941	3.14325022697449
6.72326	0.03125	6.729503	3.14662504196167
6.745828	0.0329999998211861	6.75206	3.14925003051758
6.768384	0.0332500003278255	6.774627	3.15237522125244
6.79095	0.031750001013279	6.797184	3.15387511253357
6.813508	0.0318750031292439	6.819741	3.15500020980835
6.836066	0.0302500016987324	6.8423	3.15562510490417
6.858643	0.0318750031292439	6.864878	3.15750026702881
6.881199	0.0322500020265579	6.887432	3.16025018692017
6.903759	0.0305000022053719	6.909993	3.16387510299683
6.926329	0.0338750034570694	6.932561	3.16750025749207
6.948882	0.0338750034570694	6.95512	3.17000007629395
6.971444	0.0347500033676624	6.977682	3.17125010490417
6.994001	0.0318750031292439	7.000235	3.17275023460388
7.016559	0.0323750004172325	7.022792	3.17462515830994
7.039123	0.0328750014305115	7.045361	3.17600011825562
7.061681	0.0325000025331974	7.067918	3.17925024032593
7.084249	0.0329999998211861	7.090481	3.18287515640259
7.106806	0.0347500033676624	7.113038	3.18650007247925
7.129372	0.0342500023543835	7.135609	3.18900012969971
7.15193	0.0338750034570694	7.158164	3.19075012207031
7.174486	0.0322500020265579	7.180718	3.19200015068054
7.197042	0.0328750014305115	7.203275	3.19350004196167
7.219593	0.0337500013411045	7.225831	3.19575023651123
7.24215	0.034000001847744	7.248384	3.19912505149841
7.264729	0.035375002771616	7.270961	3.20212507247925
7.287285	0.0372500009834766	7.293518	3.20550012588501
7.30985	0.0352500006556511	7.316088	3.20800018310547
7.332399	0.0343750007450581	7.33864	3.20875024795532
7.354967	0.0336250029504299	7.361199	3.21000003814697
7.377524	0.0356250032782555	7.383761	3.21112513542175
7.400079	0.0341250002384186	7.406317	3.21337509155273
7.422635	0.034875001758337	7.428868	3.21662521362305
7.445191	0.0361250005662441	7.451424	3.21987509727478
7.467747	0.0378750003874302	7.47398	3.22225022315979
7.490327	0.036250002682209	7.49656	3.22287511825562
7.512888	0.0387500002980232	7.519132	3.22450017929077
7.535461	0.0350000001490116	7.541694	3.2248752117157
7.558018	0.0342500023543835	7.564251	3.2266252040863
7.580573	0.035375002771616	7.58681	3.22925019264221
7.60313	0.0361250005662441	7.609363	3.23150014877319
7.625687	0.0382500030100346	7.631919	3.23437523841858
7.648259	0.0372500009834766	7.654492	3.23625016212463
7.670813	0.0361250005662441	7.677051	3.23662519454956
7.693373	0.0365000031888485	7.699605	3.23737525939941
7.715931	0.036250002682209	7.722163	3.23787522315979
7.738483	0.0355000011622906	7.744746	3.23912525177002
7.761068	0.0366250015795231	7.767305	3.24125003814697
7.783624	0.0363750010728836	7.789857	3.24375009536743
7.806181	0.0390000008046627	7.812413	3.24637508392334
7.828733	0.0380000025033951	7.834972	3.24775004386902
7.851316	0.0366250015795231	7.857558	3.24775004386902
7.87388	0.0367499999701977	7.880118	3.24875020980835
7.896437	0.0388750024139881	7.90267	3.24875020980835
7.919019	0.0381250008940697	7.925252	3.24962520599365
7.94157	0.0372500009834766	7.947808	3.25275015830994
7.964142	0.0382500030100346	7.970376	3.25462508201599
7.986698	0.0403750017285347	7.992931	3.257000207901
8.00927	0.0388750024139881	8.015508	3.25762510299683
8.031828	0.0383750014007092	8.03806	3.25750017166138
8.054382	0.0375000014901161	8.060615	3.25800013542175
8.076939	0.0387500002980232	8.083171	3.25850009918213
8.099503	0.0377500019967556	8.105741	3.25987505912781
8.12206	0.038500003516674	8.128292	3.26225018501282
8.144626	0.0396250002086163	8.150859	3.26500010490417
8.167183	0.0401250012218952	8.173416	3.2662501335144
8.189739	0.0408750027418137	8.195977	3.26712512969971
8.212309	0.0380000025033951	8.218542	3.26725006103516
8.234857	0.0386250019073486	8.24109	3.26750016212463
8.257415	0.0402500033378601	8.263647	3.26800012588501
8.279991	0.0395000018179417	8.286228	3.26987504959106
8.302548	0.0388750024139881	8.308781	3.27225017547607
8.325105	0.0407500006258488	8.331337	3.27412509918213
8.347661	0.0406250022351742	8.353894	3.27612519264221
8.370219	0.0398750007152557	8.376456	3.27700018882751
8.392788	0.0397500023245811	8.399022	3.27675008773804
8.41534	0.0383750014007092	8.421572	3.27675008773804
8.437898	0.0377500019967556	8.444137	3.27800011634827
8.460447	0.0398750007152557	8.46668	3.28050017356873
8.483043	0.0403750017285347	8.489279	3.28275012969971
8.505599	0.0418750010430813	8.511827	3.28525018692017
8.528154	0.0422500036656857	8.534387	3.2865002155304
8.550706	0.0412500016391277	8.556944	3.28750014305115
8.573262	0.0405000001192093	8.579509	3.28725004196167
8.59585	0.0402500033378601	8.602083	3.28750014305115
8.618404	0.0380000025033951	8.624637	3.28975009918213
8.640964	0.0411250032484531	8.647202	3.29125022888184
8.663522	0.0420000031590462	8.669755	3.29525017738342
8.68608	0.0433750003576279	8.692312	3.2957501411438
8.708651	0.0447500012814999	8.714889	3.29700016975403
8.731211	0.0451250039041042	8.737448	3.29775023460388
8.753768	0.0416250005364418	8.760001	3.29800009727478
8.776339	0.0411250032484531	8.782566	3.29837512969971
8.798888	0.0437500029802322	8.805121	3.29975008964539
8.821441	0.0417500026524067	8.827678	3.30225014686584
8.843998	0.0430000014603138	8.850249	3.30525016784668
8.866583	0.0440000034868717	8.872817	3.30737519264221
8.889138	0.0430000014603138	8.895375	3.30800008773804
8.911694	0.0413750037550926	8.917932	3.30862522125244
8.934252	0.0417500026524067	8.940485	3.30825018882751
8.956821	0.0401250012218952	8.963054	3.30975008010864
8.979394	0.0422500036656857	8.985632	3.31175017356873
9.001955	0.0421250015497208	9.008192	3.31412506103516
9.024511	0.0442500002682209	9.03075	3.31662511825562
9.047078	0.0442500002682209	9.05331	3.3186252117157
9.069632	0.0417500026524067	9.075864	3.31900024414062
9.092184	0.0425000004470348	9.09844	3.3197500705719
9.11478	0.0425000004470348	9.121013	3.31987524032593
9.137336	0.0462500005960464	9.143569	3.32025027275085
9.159889	0.0415000021457672	9.166127	3.32300019264221
9.182447	0.0462500005960464	9.18868	3.32600021362305
9.205005	0.0477500036358833	9.211237	3.32750010490417
9.227562	0.0437500029802322	9.233795	3.32825016975403
9.250114	0.0417500026524067	9.256352	3.32987523078918
9.27267	0.0427500009536743	9.278924	3.32937526702881
9.295251	0.0430000014603138	9.301485	3.33012509346008
9.317808	0.0418750010430813	9.324049	3.33062505722046
9.340368	0.0432500019669533	9.346605	3.3333752155304
9.362927	0.0437500029802322	9.369159	3.3362500667572
9.385485	0.0451250039041042	9.391717	3.33800005912781
9.408043	0.0438750013709068	9.414276	3.33887505531311
9.430594	0.0435000024735928	9.436831	3.33975005149841
9.453154	0.0441250018775463	9.459395	3.33987522125244
9.475719	0.0433750003576279	9.481977	3.34037518501282
9.498304	0.0442500002682209	9.504565	3.34225010871887
9.520905	0.0436250008642673	9.527143	3.34400010108948
9.543464	0.0441250018775463	9.549698	3.34675025939941
9.566024	0.0453750006854534	9.572257	3.34862518310547
9.588578	0.0451250039041042	9.594815	3.34925007820129
9.611135	0.0445000007748604	9.617373	3.34950017929077
9.633692	0.0430000014603138	9.639936	3.3498752117157
9.656276	0.0436250008642673	9.662509	3.35025024414062
9.678823	0.0446250028908253	9.685061	3.3518750667572
9.701381	0.0440000034868717	9.707619	3.35425019264221
9.723938	0.0471250005066395	9.730171	3.35662508010864
9.746487	0.0463750027120113	9.75272	3.3582501411438
9.769041	0.0448750033974648	9.775278	3.35950016975403
9.791597	0.0445000007748604	9.797834	3.35850024223328
9.814154	0.0440000034868717	9.820387	3.35937523841858
9.836727	0.0440000034868717	9.842959	3.36050009727478
9.859321	0.0453750006854534	9.865555	3.36237525939941
9.881879	0.0456250011920929	9.888116	3.3646252155304
9.904469	0.0463750027120113	9.910741	3.3672502040863
9.927073	0.0475000031292439	9.933301	3.36862516403198
9.949619	0.0453750006854534	9.955851	3.36900019645691
9.972174	0.0458750016987324	9.978407	3.36875009536743
9.994736	0.0447500012814999	10.000968	3.36937522888184
10.017293	0.047375001013279	10.023521	3.37075018882751
10.039854	0.0442500002682209	10.046087	3.37225008010864
10.062409	0.0460000038146973	10.068643	3.37487506866455
10.084969	0.0476250015199184	10.091202	3.37762522697449
10.107523	0.0475000031292439	10.113765	3.37837505340576
10.130087	0.0466250032186508	10.136329	3.37875008583069
10.152665	0.0450000017881393	10.158898	3.37850022315979
10.175218	0.0445000007748604	10.181451	3.37937521934509
10.197777	0.0457500033080578	10.204009	3.38075017929077
10.220328	0.0481250025331974	10.226566	3.3822500705719
10.242886	0.0478750020265579	10.249119	3.38537526130676
10.265443	0.0490000024437904	10.271676	3.38712525367737
10.287999	0.0465000011026859	10.294251	3.38800024986267
10.31057	0.0462500005960464	10.316802	3.38775014877319
10.333134	0.0452500022947788	10.339366	3.38825011253357
10.35571	0.0467500016093254	10.361943	3.38887524604797
10.378274	0.0465000011026859	10.384507	3.39050006866455
10.400826	0.0466250032186508	10.407063	3.39362525939941
10.423383	0.0472500026226044	10.429616	3.39525008201599
10.44594	0.0490000024437904	10.452173	3.3970000743866
10.468492	0.0467500016093254	10.474731	3.39775013923645
10.491069	0.0470000021159649	10.497298	3.39750027656555
10.513619	0.0468750037252903	10.519857	3.3987500667572
10.536184	0.0468750037252903	10.542417	3.39950013160706
10.558747	0.0475000031292439	10.564985	3.40137505531311
10.581304	0.0466250032186508	10.587542	3.40400004386902
10.60386	0.0492500029504299	10.610093	3.40637516975403
10.626417	0.0498750023543835	10.632649	3.40812516212463
10.648969	0.0472500026226044	10.655206	3.40900015830994
10.671526	0.0481250025331974	10.677764	3.40837526321411
10.694088	0.0495000034570694	10.700321	3.40962505340576
10.716645	0.0468750037252903	10.722877	3.41100025177002
10.739217	0.047375001013279	10.745455	3.4126250743866
10.761775	0.0475000031292439	10.768013	3.41612505912781
10.784352	0.0501250028610229	10.790585	3.41800022125244
10.806911	0.0476250015199184	10.813143	3.41975021362305
10.829462	0.0475000031292439	10.835699	3.4205002784729
10.852038	0.0470000021159649	10.858272	3.42000007629395
10.874599	0.0470000021159649	10.880831	3.4213752746582
10.897156	0.0481250025331974	10.903388	3.42287516593933
10.91971	0.0472500026226044	10.925948	3.42525005340576
10.942267	0.0517500042915344	10.948499	3.4280002117157
10.964824	0.0501250028610229	10.971056	3.43012523651123
10.987381	0.0477500036358833	10.993613	3.43150019645691
11.009932	0.0481250025331974	11.016169	3.43162512779236
11.032499	0.0470000021159649	11.038732	3.43187522888184
11.055061	0.0477500036358833	11.061293	3.43337512016296
11.077614	0.0481250025331974	11.08385	3.43512511253357
11.100173	0.0477500036358833	11.106406	3.43787527084351
11.122724	0.050500001758337	11.128957	3.43950009346008
11.145278	0.0516250021755695	11.151511	3.44187521934509
11.167833	0.0490000024437904	11.174066	3.44237518310547
11.190385	0.0485000014305115	11.196618	3.44225025177002
11.212937	0.0481250025331974	11.21917	3.44287514686584
11.235509	0.0485000014305115	11.241741	3.4438750743866
11.258061	0.0485000014305115	11.264294	3.44512510299683
11.280615	0.0488750040531158	11.286853	3.44837522506714
11.303172	0.0508750006556511	11.309405	3.45012521743774
11.325729	0.0515000037848949	11.331962	3.45212507247925
11.348287	0.0493750013411045	11.35454	3.45250010490417
11.370859	0.0490000024437904	11.377097	3.45125007629395
11.393415	0.0481250025331974	11.399648	3.4520001411438
11.415975	0.048250000923872	11.422208	3.45225024223328
11.438527	0.0488750040531158	11.44476	3.45487523078918
11.46108	0.0502500012516975	11.467317	3.45625019073486
11.483686	0.0506250038743019	11.489922	3.45900011062622
11.506251	0.0497500039637089	11.512485	3.46050024032593
11.528815	0.0483750030398369	11.535053	3.46000027656555
11.551373	0.0480000004172325	11.55761	3.45962524414062
11.57393	0.048250000923872	11.580163	3.460125207901
11.596493	0.0500000007450581	11.602727	3.4603750705719
11.619048	0.0492500029504299	11.625285	3.46150016784668
11.641607	0.0525000020861626	11.647844	3.46425008773804
11.664155	0.050500001758337	11.670389	3.46575021743774
11.686714	0.0485000014305115	11.692947	3.46637511253357
11.709266	0.0498750023543835	11.715504	3.46537518501282
11.731821	0.0498750023543835	11.738059	3.46537518501282
11.754378	0.049625001847744	11.760615	3.46537518501282
11.776955	0.0498750023543835	11.783187	3.46612524986267
11.799508	0.0506250038743019	11.80574	3.46775007247925
11.822051	0.0508750006556511	11.828296	3.46962523460388
11.844633	0.052375003695488	11.850885	3.47062516212463
11.867226	0.0501250028610229	11.873458	3.47075009346008
11.889797	0.0552500039339066	11.896035	3.46975016593933
11.912358	0.048750001937151	11.918591	3.46975016593933
11.934916	0.049625001847744	11.941149	3.46975016593933
11.957477	0.0501250028610229	11.96371	3.47025012969971
11.980002	0.0500000007450581	11.98624	3.47237515449524
12.002562	0.0517500042915344	12.008795	3.47362518310547
12.02512	0.0528750009834766	12.031347	3.47450017929077
12.047675	0.0503750033676624	12.053908	3.47450017929077
12.070227	0.0501250028610229	12.076465	3.47312521934509
12.092783	0.0500000007450581	12.099016	3.47312521934509
12.115341	0.0506250038743019	12.121573	3.47300004959106
12.137896	0.0502500012516975	12.144138	3.47350025177002
12.16046	0.0522500015795231	12.166693	3.47612524032593
12.183016	0.0512500032782555	12.189248	3.4768750667572
12.205568	0.051000002771616	12.211802	3.47700023651123
12.228124	0.0537500008940697	12.234357	3.4766252040863
12.250676	0.0500000007450581	12.256909	3.47587513923645
12.273228	0.0495000034570694	12.27946	3.47562527656555
12.295788	0.0507500022649765	12.30202	3.47587513923645
12.318345	0.0511250011622906	12.324578	3.47650027275085
12.340899	0.0515000037848949	12.347137	3.47875022888184
12.363458	0.0530000030994415	12.369691	3.48050022125244
12.386017	0.0521250031888485	12.392249	3.48000025749207
12.408568	0.0511250011622906	12.414806	3.47787523269653
12.431126	0.049625001847744	12.437364	3.47762513160706
12.453688	0.0471250005066395	12.459916	3.47800016403198
12.47625	0.0515000037848949	12.482506	3.47812509536743
12.498834	0.0512500032782555	12.505062	3.48012518882751
12.521392	0.0526250042021275	12.527629	3.48112511634827
12.54395	0.0535000041127205	12.550183	3.48225021362305
12.566507	0.051875002682209	12.57274	3.4821252822876
12.589059	0.0511250011622906	12.595296	3.48137521743774
12.611615	0.0500000007450581	12.617852	3.48025012016296
12.634171	0.0502500012516975	12.640404	3.47937512397766
12.656728	0.0520000010728836	12.662961	3.48050022125244
12.679312	0.0515000037848949	12.685549	3.48250007629395
12.701869	0.053250003606081	12.708101	3.48375010490417
12.724422	0.0550000034272671	12.730654	3.48425006866455
12.746978	0.0515000037848949	12.753212	3.4838752746582
12.769531	0.051000002771616	12.775769	3.4823751449585
12.792088	0.0503750033676624	12.798321	3.48175024986267
12.81464	0.0517500042915344	12.820873	3.48150014877319
12.837197	0.0521250031888485	12.843429	3.4823751449585
12.859804	0.0517500042915344	12.866044	3.48400020599365
12.882366	0.0531250014901161	12.888603	3.48525023460388
12.904931	0.0521250031888485	12.911163	3.48587512969971
12.927488	0.0516250021755695	12.933721	3.48375010490417
12.950077	0.051000002771616	12.956314	3.48400020599365
12.972635	0.0517500042915344	12.978868	3.48362517356873
12.995192	0.0517500042915344	13.001426	3.48337507247925
13.017755	0.0517500042915344	13.023988	3.48487520217896
13.040308	0.0530000030994415	13.046545	3.48625016212463
13.062866	0.0540000014007092	13.069119	3.48725008964539
13.085444	0.0535000041127205	13.091676	3.48737525939941
13.108001	0.0512500032782555	13.114275	3.48650026321411
13.130596	0.0516250021755695	13.136833	3.48575019836426
13.153153	0.0512500032782555	13.159394	3.48512506484985
13.175718	0.0522500015795231	13.181951	3.48575019836426
13.198277	0.051875002682209	13.20451	3.48725008964539
13.220835	0.0572500042617321	13.227067	3.48825025558472
13.243396	0.0540000014007092	13.249629	3.48975014686584
13.265954	0.052750002592802	13.272187	3.48987507820129
13.288523	0.052375003695488	13.294755	3.48862504959106
13.311076	0.0512500032782555	13.317308	3.48837518692017
13.333628	0.0537500008940697	13.33986	3.48775005340576
13.356196	0.0508750006556511	13.362428	3.48850011825562
13.378748	0.0528750009834766	13.384981	3.4905002117157
13.401302	0.0537500008940697	13.40754	3.49200010299683
13.423858	0.0535000041127205	13.430092	3.49312520027161
13.446416	0.0526250042021275	13.452649	3.49262523651123
13.469036	0.0521250031888485	13.475269	3.4922502040863
13.491608	0.0512500032782555	13.497841	3.49200010299683
13.514173	0.0521250031888485	13.520412	3.491375207901
13.536749	0.0530000030994415	13.542981	3.4933750629425
13.559304	0.052750002592802	13.565542	3.49487519264221
13.581864	0.0538750030100346	13.588102	3.49650025367737
13.604421	0.0565000027418137	13.610654	3.49687504768372
13.626977	0.0531250014901161	13.633209	3.49600005149841
13.649528	0.051875002682209	13.655766	3.49612522125244
13.672085	0.052375003695488	13.678318	3.49550008773804
13.694638	0.052750002592802	13.70087	3.49612522125244
13.717197	0.0533750019967556	13.723429	3.49812507629395
13.739748	0.0536250025033951	13.745981	3.49925017356873
13.762301	0.0548750013113022	13.768533	3.50087523460388
13.784857	0.0530000030994415	13.791089	3.50150012969971
13.807408	0.054125003516674	13.81364	3.50087523460388
13.829986	0.0520000010728836	13.836223	3.50050020217896
13.85256	0.0525000020861626	13.8588	3.50025010108948
13.875128	0.053250003606081	13.881361	3.50087523460388
13.897684	0.053250003606081	13.903914	3.50300025939941
13.920262	0.0545000024139881	13.9265	3.50412511825562
13.942819	0.0576250031590462	13.949052	3.50562524795532
13.965378	0.0528750009834766	13.971611	3.50550007820129
13.987931	0.0531250014901161	13.994164	3.50500011444092
14.010485	0.0515000037848949	14.016722	3.50450015068054
14.033041	0.0537500008940697	14.039274	3.50437521934509
14.055598	0.0530000030994415	14.061825	3.50550007820129
14.078178	0.052750002592802	14.084419	3.50737524032593
14.100759	0.0546250008046627	14.106992	3.50875020027161
14.123318	0.0548750013113022	14.129551	3.50975012779236
14.145882	0.0530000030994415	14.152135	3.50975012779236
14.168473	0.0533750019967556	14.174726	3.50887513160706
14.191046	0.0528750009834766	14.197279	3.50825023651123
14.2136	0.0533750019967556	14.219833	3.50825023651123
14.236156	0.053250003606081	14.242389	3.50912523269653
14.258726	0.0538750030100346	14.264959	3.51112508773804
14.281281	0.0557500012218952	14.287513	3.51275014877319
14.303855	0.0586250014603138	14.310088	3.5136251449585
14.32641	0.054125003516674	14.332643	3.51325011253357
14.348969	0.0535000041127205	14.355201	3.51225018501282
14.371524	0.0531250014901161	14.377756	3.51175022125244
14.394076	0.053250003606081	14.400309	3.51200008392334
14.416648	0.0538750030100346	14.422881	3.51325011253357
14.439216	0.0546250008046627	14.445449	3.51525020599365
14.46176	0.0550000034272671	14.467993	3.51637506484985
14.484373	0.0562500022351742	14.490609	3.51700019836426
14.506929	0.0540000014007092	14.513157	3.51612520217896
14.529501	0.0537500008940697	14.535739	3.51500010490417
14.552058	0.054125003516674	14.558291	3.51487517356873
14.574629	0.0545000024139881	14.580862	3.5153751373291
14.597203	0.0547500029206276	14.603436	3.51712512969971
14.619761	0.0548750013113022	14.625998	3.51900005340576
14.64232	0.0556250028312206	14.648553	3.51975011825562
14.664878	0.0542500019073486	14.671111	3.51937508583069
14.687435	0.053250003606081	14.693667	3.51900005340576
14.709991	0.0538750030100346	14.716228	3.51787519454956
14.732548	0.0535000041127205	14.738781	3.51787519454956
14.755105	0.0547500029206276	14.761338	3.51837515830994
14.777665	0.0538750030100346	14.783898	3.52037525177002
14.800217	0.0558750033378601	14.806455	3.52162528038025
14.822775	0.0561250038444996	14.829013	3.522625207901
14.845337	0.0538750030100346	14.851576	3.52225017547607
14.867903	0.0542500019073486	14.874141	3.52100014686584
14.890461	0.0540000014007092	14.896698	3.52062511444092
14.913017	0.0543750040233135	14.91925	3.52037525177002
14.935574	0.0540000014007092	14.941802	3.52250027656555
14.958141	0.0562500022351742	14.96438	3.52325010299683
14.980717	0.0548750013113022	14.986955	3.52412509918213
15.003275	0.0553750023245811	15.009508	3.52487516403198
15.025832	0.054125003516674	15.032065	3.52425026893616
15.048386	0.0545000024139881	15.054625	3.522625207901
15.070945	0.0540000014007092	15.077183	3.52225017547607
15.093501	0.0542500019073486	15.099734	3.52250027656555
15.116059	0.0576250031590462	15.122291	3.52387523651123
15.138628	0.0538750030100346	15.144866	3.52512526512146
15.161188	0.0553750023245811	15.167425	3.52675008773804
15.183763	0.0552500039339066	15.189996	3.52737522125244
15.206331	0.053250003606081	15.212564	3.52612519264221
15.228885	0.0537500008940697	15.235122	3.52512526512146
15.251441	0.0545000024139881	15.257678	3.52475023269653
15.273998	0.0542500019073486	15.280231	3.52512526512146
15.296557	0.0547500029206276	15.30279	3.52675008773804
15.31912	0.055500004440546	15.325357	3.52800011634827
15.34168	0.0566250011324883	15.347918	3.5292501449585
15.364248	0.0552500039339066	15.37048	3.52887511253357
15.386802	0.0543750040233135	15.393034	3.52775025367737
15.409359	0.0543750040233135	15.415593	3.52712512016296
15.431914	0.0540000014007092	15.438147	3.52662515640259
15.454458	0.0550000034272671	15.460686	3.52837514877319
15.477012	0.0556250028312206	15.483271	3.52850008010864
15.499627	0.0567500032484531	15.505867	3.53037524223328
15.522186	0.0565000027418137	15.528476	3.53112506866455
15.544804	0.0540000014007092	15.551038	3.53037524223328
15.567363	0.0550000034272671	15.573595	3.52975010871887
15.589916	0.054125003516674	15.596153	3.52862524986267
15.612473	0.0556250028312206	15.618726	3.52875018119812
15.635052	0.0573750026524067	15.641285	3.52950024604797
15.657609	0.0552500039339066	15.66385	3.53162527084351
15.680174	0.0571250021457672	15.686411	3.53225016593933
15.702731	0.0562500022351742	15.708964	3.53262519836426
15.72529	0.0551250018179417	15.731523	3.53200006484985
15.747848	0.0550000034272671	15.754081	3.5310001373291
15.7704	0.0553750023245811	15.776638	3.53062510490417
15.792957	0.0551250018179417	15.799189	3.5310001373291
15.815514	0.0545000024139881	15.821741	3.5318751335144
15.838066	0.0550000034272671	15.8443	3.53325009346008
15.860649	0.0572500042617321	15.866887	3.53425025939941
15.883225	0.055500004440546	15.889458	3.53387522697449
15.905774	0.0545000024139881	15.912007	3.53375005722046
15.928347	0.0552500039339066	15.93458	3.53237509727478
15.950899	0.0553750023245811	15.957137	3.53225016593933
15.973457	0.0577500015497208	15.979685	3.53287506103516
15.996012	0.0548750013113022	16.002244	3.53362512588501
16.018563	0.0552500039339066	16.0248	3.53525018692017
16.04112	0.0567500032484531	16.047352	3.53600025177002
16.063677	0.0546250008046627	16.069915	3.53587508201599
16.08624	0.0542500019073486	16.092473	3.53525018692017
16.108792	0.0545000024139881	16.11503	3.53412508964539
16.13135	0.0553750023245811	16.137588	3.53387522697449
16.153907	0.0547500029206276	16.16014	3.53450012207031
16.176465	0.0546250008046627	16.182698	3.53600025177002
16.199018	0.0566250011324883	16.205256	3.53800010681152
16.221575	0.0578750036656857	16.227812	3.53812527656555
16.244141	0.0553750023245811	16.250374	3.53750014305115
16.266699	0.0553750023245811	16.272932	3.5365002155304
16.289252	0.0548750013113022	16.295489	3.53575015068054
16.311809	0.0521250031888485	16.318047	3.53550004959106
16.334366	0.0557500012218952	16.340598	3.53687524795532
16.356926	0.0560000017285347	16.363158	3.5385000705719
16.3795	0.0593750029802322	16.385738	3.53975009918213
16.402057	0.0568750016391277	16.408289	3.53987526893616
16.424626	0.0566250011324883	16.430865	3.53962516784668
16.447187	0.0552500039339066	16.453421	3.53700017929077
16.469738	0.0533750019967556	16.475979	3.5373752117157
16.492312	0.0553750023245811	16.498545	3.53812527656555
16.51487	0.0546250008046627	16.521103	3.53862524032593
16.537425	0.0561250038444996	16.543657	3.54037523269653
16.559984	0.0581250041723251	16.566217	3.54175019264221
16.582537	0.0563750043511391	16.588775	3.54212522506714
16.605115	0.0551250018179417	16.611348	3.54125022888184
16.627668	0.0556250028312206	16.633901	3.53950023651123
16.650222	0.0552500039339066	16.656459	3.53962516784668
16.672778	0.0557500012218952	16.679012	3.54000020027161
16.695337	0.0557500012218952	16.701569	3.54087519645691
16.717893	0.0576250031590462	16.724142	3.54262518882751
16.740462	0.0578750036656857	16.7467	3.54337525367737
16.76302	0.0552500039339066	16.769252	3.54325008392334
16.785571	0.0560000017285347	16.791804	3.54287505149841
16.808141	0.0550000034272671	16.814374	3.54162526130676
16.830693	0.0550000034272671	16.836925	3.54162526130676
16.853278	0.0562500022351742	16.859517	3.54200005531311
16.875845	0.0560000017285347	16.882077	3.54387521743774
16.898397	0.0578750036656857	16.90463	3.54500007629395
16.920949	0.0568750016391277	16.927187	3.54587507247925
16.943505	0.0556250028312206	16.949738	3.54537510871887
16.966063	0.055500004440546	16.972296	3.54387521743774
16.98864	0.0548750013113022	16.994877	3.54337525367737
17.01121	0.0548750013113022	17.017447	3.54275012016296
17.033769	0.0568750016391277	17.040002	3.54450011253357
17.056328	0.0570000037550926	17.06256	3.54625010490417
17.078881	0.0593750029802322	17.085118	3.54700016975403
17.101429	0.0587500035762787	17.107667	3.54737520217896
17.123986	0.0563750043511391	17.130219	3.54737520217896
17.146543	0.0557500012218952	17.152775	3.54587507247925
17.169119	0.0557500012218952	17.175356	3.54600024223328
17.191676	0.0553750023245811	17.197914	3.5457501411438
17.214249	0.055500004440546	17.220481	3.54687523841858
17.236797	0.0565000027418137	17.243029	3.54837512969971
17.259348	0.0582500025629997	17.265586	3.54950022697449
17.281914	0.0573750026524067	17.288152	3.54950022697449
17.304474	0.0561250038444996	17.310707	3.54900026321411
17.327031	0.0545000024139881	17.333263	3.54812526702881
17.349601	0.0553750023245811	17.355839	3.54737520217896
17.372158	0.0558750033378601	17.37839	3.54800009727478
17.394738	0.0563750043511391	17.40097	3.54925012588501
17.417295	0.0576250031590462	17.423528	3.55050015449524
17.439846	0.0581250041723251	17.446083	3.55200028419495
17.462402	0.0566250011324883	17.468636	3.55187511444092
17.484987	0.0560000017285347	17.491221	3.55025005340576
17.507545	0.055500004440546	17.513808	3.54962515830994
17.530132	0.0552500039339066	17.536369	3.54987525939941
17.552689	0.0556250028312206	17.558924	3.55075025558472
17.575249	0.0567500032484531	17.581482	3.5532500743866
17.597803	0.0581250041723251	17.604052	3.55337524414062
17.620379	0.0582500025629997	17.626612	3.553875207901
17.642933	0.0567500032484531	17.649167	3.55350017547607
17.665488	0.055500004440546	17.671721	3.55237507820129
17.688042	0.0547500029206276	17.69427	3.55162525177002
17.71059	0.0566250011324883	17.716823	3.55187511444092
17.733142	0.0600000023841858	17.739397	3.55237507820129
17.755738	0.0563750043511391	17.76197	3.5541250705719
17.778289	0.0576250031590462	17.784538	3.55562520027161
17.80086	0.0576250031590462	17.807098	3.55600023269653
17.823416	0.0562500022351742	17.829649	3.55525016784668
17.845974	0.0561250038444996	17.852232	3.55400013923645
17.868555	0.0562500022351742	17.874792	3.55362510681152
17.891112	0.0561250038444996	17.897349	3.55350017547607
17.913668	0.0560000017285347	17.9199	3.5550000667572
17.936226	0.0572500042617321	17.942458	3.55662512779236
17.958797	0.0583750009536743	17.965036	3.55750012397766
17.981355	0.0565000027418137	17.987592	3.55762505531311
18.003912	0.0572500042617321	18.010145	3.55662512779236
18.026469	0.0548750013113022	18.032702	3.55550026893616
18.049021	0.0563750043511391	18.055258	3.55487513542175
18.071579	0.0592500045895576	18.077817	3.55562520027161
18.09414	0.0567500032484531	18.100373	3.55725026130676
18.116697	0.0581250041723251	18.122929	3.55850005149841
18.139252	0.0581250041723251	18.145485	3.55975008010864
18.161819	0.0565000027418137	18.168056	3.55900025367737
18.184377	0.0552500039339066	18.190609	3.55787515640259
18.206934	0.0553750023245811	18.213166	3.55750012397766
18.229503	0.0557500012218952	18.23574	3.55700016021729
18.252059	0.0560000017285347	18.258292	3.55750012397766
18.274626	0.0561250038444996	18.280858	3.55925011634827
18.297182	0.0583750009536743	18.303415	3.5602502822876
18.319735	0.0578750036656857	18.325973	3.56125020980835
18.342294	0.0567500032484531	18.348532	3.5611252784729
18.364857	0.0558750033378601	18.37109	3.55975008010864
18.387416	0.055500004440546	18.393648	3.55862522125244
18.409988	0.0557500012218952	18.416225	3.55862522125244
18.432545	0.0568750016391277	18.438778	3.55962514877319
18.455101	0.0570000037550926	18.461328	3.5613751411438
18.47767	0.0575000010430813	18.483929	3.56187510490417
18.500254	0.0565000027418137	18.506483	3.56237506866455
18.522812	0.0565000027418137	18.529045	3.5620002746582
18.545371	0.0575000010430813	18.551603	3.56075024604797
18.567931	0.0560000017285347	18.574164	3.5602502822876
18.590483	0.0571250021457672	18.596721	3.56000018119812
18.61304	0.0563750043511391	18.619273	3.5613751411438
18.635597	0.0580000020563602	18.641829	3.56275010108948
18.658153	0.0583750009536743	18.664386	3.56400012969971
18.680705	0.0570000037550926	18.686942	3.56375026702881
18.703261	0.0563750043511391	18.709504	3.56187510490417
18.725829	0.0547500029206276	18.732062	3.5622501373291
18.748388	0.0561250038444996	18.754627	3.5613751411438
18.770953	0.0568750016391277	18.777185	3.56187510490417
18.793506	0.0566250011324883	18.799739	3.56337523460388
18.816061	0.0613750033080578	18.822295	3.56487512588501
18.838631	0.0582500025629997	18.844864	3.56562519073486
18.861204	0.0571250021457672	18.867438	3.56512522697449
18.883764	0.0568750016391277	18.889997	3.56400012969971
18.906337	0.0561250038444996	18.91257	3.56337523460388
18.928888	0.0528750009834766	18.935122	3.56287527084351
18.951442	0.0602500028908253	18.957679	3.56287527084351
18.973998	0.0586250014603138	18.980231	3.56537508964539
18.996556	0.0580000020563602	19.002789	3.56587505340576
19.019118	0.0582500025629997	19.025355	3.56662511825562
19.041685	0.0567500032484531	19.047929	3.56612515449524
19.064252	0.0563750043511391	19.070485	3.56512522697449
19.086825	0.0562500022351742	19.093057	3.56425023078918
19.109374	0.0558750033378601	19.115607	3.56412506103516
19.131929	0.0566250011324883	19.138166	3.56437516212463
19.154486	0.0580000020563602	19.160719	3.56637525558472
19.177045	0.0590000040829182	19.183273	3.56725025177002
19.199596	0.0577500015497208	19.205833	3.56800007820129
19.222153	0.0563750043511391	19.228385	3.56737518310547
19.244705	0.0588750019669533	19.250938	3.56600022315979
19.267265	0.0556250028312206	19.273498	3.56537508964539
19.289818	0.0582500025629997	19.296051	3.56525015830994
19.31237	0.0572500042617321	19.318627	3.56637525558472
19.334952	0.0573750026524067	19.341185	3.56787514686584
19.357525	0.0592500045895576	19.363764	3.56875014305115
19.380084	0.0566250011324883	19.386321	3.56925010681152
19.402641	0.0567500032484531	19.408873	3.56737518310547
19.425198	0.0560000017285347	19.431431	3.56650018692017
19.447751	0.0571250021457672	19.453984	3.56600022315979
19.470318	0.0568750016391277	19.47655	3.56612515449524
19.492895	0.0567500032484531	19.499129	3.56787514686584
19.515475	0.0595000013709068	19.521709	3.56900024414062
19.538034	0.0586250014603138	19.544268	3.57000017166138
19.560588	0.0580000020563602	19.566826	3.56962513923645
19.583145	0.0573750026524067	19.589391	3.56837511062622
19.605716	0.0562500022351742	19.611948	3.56750011444092
19.628267	0.0561250038444996	19.6345	3.56675028800964
19.650826	0.0572500042617321	19.657064	3.56737518310547
19.673398	0.0570000037550926	19.679631	3.5686252117157
19.69595	0.0588750019669533	19.702182	3.5703752040863
19.718501	0.0585000030696392	19.724739	3.5706250667572
19.741058	0.0562500022351742	19.747295	3.57050013542175
19.763614	0.0567500032484531	19.769846	3.5688750743866
19.78617	0.0563750043511391	19.792403	3.56837511062622
19.808727	0.0616250038146973	19.814965	3.5677502155304
19.831284	0.0573750026524067	19.837522	3.56825017929077
19.853868	0.0570000037550926	19.860107	3.56987524032593
19.876429	0.0591250024735928	19.882661	3.57175016403198
19.89899	0.0578750036656857	19.905228	3.5715000629425
19.921549	0.0563750043511391	19.927782	3.57025027275085
19.944093	0.0566250011324883	19.950326	3.56987524032593
19.966642	0.0565000027418137	19.972874	3.56825017929077
19.989195	0.0577500015497208	19.995433	3.5686252117157
20.011769	0.0575000010430813	20.018007	3.5697500705719
20.034336	0.0582500025629997	20.040568	3.57162523269653
20.056894	0.0593750029802322	20.063127	3.57237505912781
20.079446	0.0578750036656857	20.085684	3.57212519645691
20.102003	0.0570000037550926	20.10825	3.5703752040863
20.12457	0.0563750043511391	20.130802	3.57012510299683
20.147123	0.0525000020861626	20.153357	3.56925010681152
20.169676	0.0571250021457672	20.175913	3.56925010681152
20.192236	0.0568750016391277	20.198469	3.57100009918213
20.214794	0.0581250041723251	20.221022	3.57225012779236
20.23735	0.0591250024735928	20.243583	3.57300019264221
20.259903	0.0571250021457672	20.266141	3.57300019264221
20.282461	0.0587500035762787	20.288694	3.5715000629425
20.305018	0.0562500022351742	20.31125	3.57087516784668
20.327574	0.0560000017285347	20.333807	3.5703752040863
20.350137	0.0568750016391277	20.356376	3.57087516784668
20.372712	0.0577500015497208	20.378944	3.57237505912781
20.395269	0.0581250041723251	20.401501	3.57312512397766
20.417827	0.0583750009536743	20.424059	3.57375025749207
20.440377	0.0575000010430813	20.446615	3.57375025749207
20.462925	0.0576250031590462	20.469158	3.57250022888184
20.4855	0.0565000027418137	20.491728	3.57175016403198
20.508047	0.0551250018179417	20.514275	3.57137513160706
20.530594	0.0577500015497208	20.536832	3.57200026512146
20.553159	0.0577500015497208	20.559398	3.57262516021729
20.57574	0.0596250034868717	20.581973	3.57425022125244
20.598289	0.0575000010430813	20.604538	3.57487511634827
20.620859	0.0571250021457672	20.627096	3.57375025749207
20.643415	0.0566250011324883	20.649648	3.57300019264221
20.665971	0.0568750016391277	20.672204	3.5715000629425
20.688526	0.0572500042617321	20.694763	3.57175016403198
20.711081	0.0570000037550926	20.717318	3.57287526130676
20.733636	0.0578750036656857	20.73988	3.57425022125244
20.756217	0.0597500018775463	20.762449	3.57525014877319
20.778768	0.0581250041723251	20.785001	3.57525014877319
20.801322	0.0595000013709068	20.807561	3.57437515258789
20.82388	0.0565000027418137	20.830112	3.57325005531311
20.846436	0.0575000010430813	20.852688	3.57237505912781
20.869026	0.0570000037550926	20.875264	3.57237505912781
20.891584	0.0576250031590462	20.897821	3.57450008392334
20.914141	0.0585000030696392	20.920374	3.57525014877319
20.936697	0.0590000040829182	20.942929	3.57600021362305
20.95925	0.0577500015497208	20.965483	3.57600021362305
20.981803	0.0575000010430813	20.988041	3.57500028610229
21.004361	0.0566250011324883	21.010595	3.57375025749207
21.026916	0.0578750036656857	21.033149	3.57287526130676
21.049469	0.0577500015497208	21.055703	3.57350015640259
21.072022	0.0571250021457672	21.078254	3.57487511634827
21.094578	0.0593750029802322	21.10081	3.57600021362305
21.117134	0.0590000040829182	21.123367	3.57687520980835
21.139688	0.0575000010430813	21.145925	3.57662510871887
21.162244	0.0588750019669533	21.168477	3.57512521743774
21.184793	0.0573750026524067	21.191025	3.57425022125244
21.20735	0.0573750026524067	21.213582	3.57325005531311
21.229901	0.0575000010430813	21.236138	3.57475018501282
21.252458	0.0576250031590462	21.258686	3.5758752822876
21.275016	0.0590000040829182	21.281248	3.57687520980835
21.297572	0.0583750009536743	21.303805	3.57737517356873
21.320125	0.0577500015497208	21.326362	3.57662510871887
21.342681	0.0567500032484531	21.34893	3.57575011253357
21.365256	0.0575000010430813	21.371489	3.57475018501282
21.387813	0.0580000020563602	21.394049	3.57487511634827
21.410368	0.0591250024735928	21.416605	3.57562518119812
21.432934	0.0590000040829182	21.439166	3.57687520980835
21.455497	0.0601250045001507	21.461729	3.57775020599365
21.478091	0.0590000040829182	21.484371	3.57775020599365
21.500695	0.0572500042617321	21.506935	3.57687520980835
21.523263	0.0572500042617321	21.529506	3.5758752822876
21.545833	0.0575000010430813	21.552066	3.57487511634827
21.568386	0.0582500025629997	21.574632	3.57550024986267
21.590951	0.0558750033378601	21.597189	3.5767502784729
21.613507	0.0587500035762787	21.619739	3.5778751373291
21.63607	0.0596250034868717	21.642303	3.57850027084351
21.658635	0.0581250041723251	21.664873	3.57850027084351
21.681194	0.0562500022351742	21.687432	3.5776252746582
21.703763	0.0568750016391277	21.709996	3.57637524604797
21.726321	0.0571250021457672	21.732553	3.57537508010864
21.748872	0.0567500032484531	21.755109	3.5761251449585
21.771428	0.0568750016391277	21.777666	3.5776252746582
21.793984	0.0596250034868717	21.800217	3.57912516593933
21.816542	0.0590000040829182	21.822775	3.57925009727478
21.839121	0.0621250011026859	21.845358	3.5787501335144
21.861707	0.0572500042617321	21.867941	3.5778751373291
21.884267	0.0572500042617321	21.8905	3.57600021362305
21.906825	0.0578750036656857	21.913058	3.57637524604797
21.929395	0.0586250014603138	21.935632	3.5776252746582
21.951952	0.0578750036656857	21.95819	3.57887506484985
21.97451	0.0591250024735928	21.980743	3.57962512969971
21.997066	0.0591250024735928	22.003299	3.58025026321411
22.019626	0.0577500015497208	22.025859	3.57887506484985
22.042171	0.0571250021457672	22.048399	3.57812523841858
22.064742	0.0567500032484531	22.07097	3.57737517356873
22.087293	0.0572500042617321	22.093526	3.57712507247925
22.109846	0.0575000010430813	22.116078	3.57850027084351
22.132398	0.0621250011026859	22.138636	3.57950019836426
22.154962	0.0591250024735928	22.161194	3.58062505722046
22.177523	0.0580000020563602	22.183761	3.58037519454956
22.200082	0.0552500039339066	22.20632	3.57975006103516
22.222633	0.0566250011324883	22.228871	3.57850027084351
22.245197	0.0567500032484531	22.251429	3.5776252746582
22.267754	0.0582500025629997	22.273987	3.5778751373291
22.290307	0.0577500015497208	22.296544	3.57937526702881
22.312866	0.0597500018775463	22.319118	3.58037519454956
22.335443	0.0588750019669533	22.341675	3.58162522315979
22.358017	0.0572500042617321	22.364253	3.58062505722046
22.380573	0.0571250021457672	22.386811	3.57987523078918
22.403133	0.0571250021457672	22.409365	3.57825016975403
22.42569	0.0573750026524067	22.431922	3.57837510108948
22.448252	0.0586250014603138	22.454485	3.5787501335144
22.470804	0.0576250031590462	22.477037	3.58012509346008
22.49338	0.0592500045895576	22.499614	3.58050012588501
22.515937	0.0591250024735928	22.52217	3.58200025558472
22.53849	0.0581250041723251	22.544728	3.58125019073486
22.561058	0.0576250031590462	22.567296	3.58025026321411
22.583615	0.0566250011324883	22.589848	3.57850027084351
22.606236	0.0565000027418137	22.612497	3.57850027084351
22.628878	0.0580000020563602	22.635133	3.57937526702881
22.651515	0.0576250031590462	22.657775	3.58112525939941
22.674104	0.0602500028908253	22.680337	3.58212518692017
22.696656	0.0586250014603138	22.702889	3.58250021934509
22.719254	0.0597500018775463	22.725492	3.58175015449524
22.741812	0.0581250041723251	22.748045	3.57962512969971
22.764368	0.0583750009536743	22.770601	3.57962512969971
22.786926	0.0577500015497208	22.793159	3.57925009727478
22.809507	0.0578750036656857	22.815744	3.58062505722046
22.832063	0.0583750009536743	22.838297	3.58262515068054
22.85464	0.0598750039935112	22.860874	3.58300018310547
22.8772	0.0593750029802322	22.883433	3.58212518692017
22.899754	0.0558750033378601	22.905992	3.58212518692017
22.922328	0.0582500025629997	22.928561	3.58037519454956
22.944876	0.0576250031590462	22.951108	3.57975006103516
22.967432	0.0586250014603138	22.973665	3.58050012588501
22.989988	0.0582500025629997	22.996226	3.58137512207031
23.012544	0.0590000040829182	23.018778	3.58262515068054
23.035102	0.0601250045001507	23.041334	3.58387517929077
23.057661	0.0583750009536743	23.063895	3.58300018310547
23.080216	0.0612500011920929	23.086448	3.58200025558472
23.102769	0.0573750026524067	23.109014	3.58100008964539
23.125334	0.0581250041723251	23.131568	3.58087515830994
23.147889	0.0577500015497208	23.154137	3.58100008964539
23.170458	0.0583750009536743	23.17669	3.58237528800964
23.193011	0.0581250041723251	23.199244	3.58350014686584
23.215589	0.0596250034868717	23.221829	3.58400011062622
23.238152	0.0577500015497208	23.24439	3.58325028419495
23.260704	0.0582500025629997	23.266943	3.58112525939941
23.283265	0.0573750026524067	23.289504	3.58125019073486
23.30583	0.0580000020563602	23.312063	3.58125019073486
23.328383	0.0585000030696392	23.334627	3.58225011825562
23.350954	0.0588750019669533	23.357193	3.58375024795532
23.373512	0.0603750012814999	23.379746	3.58400011062622
23.396088	0.0590000040829182	23.402321	3.58437514305115
23.418636	0.0576250031590462	23.424869	3.58362507820129
23.441191	0.0577500015497208	23.447428	3.58225011825562
23.463762	0.0568750016391277	23.469995	3.58187508583069
23.486345	0.0572500042617321	23.492573	3.58087515830994
23.508899	0.0585000030696392	23.515139	3.58262515068054
23.531461	0.0577500015497208	23.537698	3.58400011062622
23.554018	0.0600000023841858	23.560252	3.58525013923645
23.57658	0.0621250011026859	23.582812	3.58462524414062
23.599153	0.0572500042617321	23.605391	3.58387517929077
23.62171	0.0588750019669533	23.627948	3.58212518692017
23.64427	0.0577500015497208	23.650503	3.58212518692017
23.666828	0.0585000030696392	23.67306	3.58275008201599
23.689394	0.0577500015497208	23.695631	3.58362507820129
23.71195	0.0593750029802322	23.718188	3.58475017547607
23.734508	0.0601250045001507	23.74074	3.58575010299683
23.757078	0.0580000020563602	23.763311	3.5853750705719
23.779631	0.0576250031590462	23.785868	3.58475017547607
23.802189	0.0575000010430813	23.808436	3.58312511444092
23.82476	0.0581250041723251	23.830992	3.58275008201599
23.847319	0.0578750036656857	23.853557	3.5833752155304
23.869883	0.0581250041723251	23.87612	3.58400011062622
23.892438	0.0602500028908253	23.898672	3.58562517166138
23.915013	0.0598750039935112	23.921245	3.5860002040863
23.937571	0.0585000030696392	23.943799	3.58587527275085
23.960122	0.0582500025629997	23.96636	3.58437514305115
23.982678	0.0572500042617321	23.988924	3.58362507820129
24.005249	0.0571250021457672	24.011481	3.5833752155304
24.027805	0.0581250041723251	24.034049	3.58400011062622
24.050368	0.0588750019669533	24.056606	3.58525013923645
24.072926	0.0626250058412552	24.079158	3.58662509918213
24.095494	0.0602500028908253	24.101727	3.58612513542175
24.118042	0.0573750026524067	24.124275	3.58562517166138
24.140586	0.0582500025629997	24.146818	3.5845000743866
24.163138	0.0575000010430813	24.169371	3.58362507820129
24.185696	0.0586250014603138	24.191929	3.58350014686584
24.208249	0.0582500025629997	24.214482	3.58500027656555
24.2308	0.0577500015497208	24.237038	3.5862500667572
24.253357	0.0606250017881393	24.259593	3.58687520027161
24.275919	0.0591250024735928	24.282152	3.58675026893616
24.298472	0.0581250041723251	24.3047	3.5862500667572
24.321024	0.0585000030696392	24.327262	3.58437514305115
24.343581	0.0576250031590462	24.349825	3.58387517929077
24.366152	0.0587500035762787	24.372385	3.58462524414062
24.388708	0.0582500025629997	24.394941	3.5853750705719
24.411263	0.0600000023841858	24.4175	3.58700013160706
24.433831	0.0596250034868717	24.440063	3.58750009536743
24.456388	0.0581250041723251	24.462615	3.58737516403198
24.47896	0.0588750019669533	24.485197	3.58637523651123
24.501517	0.0575000010430813	24.507752	3.5853750705719
24.524084	0.0583750009536743	24.530318	3.5845000743866
24.54664	0.0581250041723251	24.552873	3.58525013923645
24.569217	0.0578750036656857	24.575454	3.58662509918213
24.591778	0.0618750043213367	24.598016	3.58737516403198
24.614352	0.0643750056624413	24.620584	3.58775019645691
24.6369	0.0576250031590462	24.643133	3.58750009536743
24.659454	0.0583750009536743	24.665692	3.58550024032593
24.682011	0.0568750016391277	24.688248	3.5853750705719
24.704568	0.0581250041723251	24.710801	3.585125207901
24.727126	0.0587500035762787	24.733358	3.58575010299683
24.749675	0.0585000030696392	24.755913	3.58737516403198
24.772231	0.0603750012814999	24.778463	3.58787512779236
24.794791	0.0596250034868717	24.801023	3.58837509155273
24.817347	0.0580000020563602	24.823579	3.58762526512146
24.839899	0.0610000044107437	24.846136	3.58575010299683
24.862486	0.0572500042617321	24.868734	3.58550024032593
24.885062	0.0587500035762787	24.891294	3.5853750705719
24.907619	0.0580000020563602	24.913852	3.58612513542175
24.930171	0.0601250045001507	24.936409	3.58837509155273
24.952728	0.0606250017881393	24.95896	3.58837509155273
24.975289	0.0591250024735928	24.981521	3.58925008773804
24.997846	0.0590000040829182	25.004079	3.58762526512146
25.020399	0.0580000020563602	25.026637	3.58637523651123
25.042957	0.0591250024735928	25.049189	3.58562517166138
25.065513	0.0585000030696392	25.071746	3.5862500667572
25.088072	0.0586250014603138	25.094305	3.58700013160706
25.110625	0.0592500045895576	25.116862	3.58837509155273
25.133181	0.0597500018775463	25.139414	3.58887505531311
25.155739	0.0582500025629997	25.161971	3.58900022506714
25.178298	0.0572500042617321	25.184538	3.58737516403198
25.200859	0.0613750033080578	25.207096	3.58662509918213
25.223416	0.0626250058412552	25.229649	3.5860002040863
25.245973	0.0596250034868717	25.252206	3.58662509918213
25.268526	0.0586250014603138	25.274764	3.58737516403198
25.291084	0.0602500028908253	25.297322	3.58875012397766
25.313642	0.0608750022947788	25.319881	3.59000015258789
25.336206	0.0583750009536743	25.342433	3.58900022506714
25.35877	0.0591250024735928	25.365008	3.58750009536743
25.381331	0.0580000020563602	25.387564	3.58662509918213
25.403887	0.0578750036656857	25.410117	3.58662509918213
25.426437	0.0591250024735928	25.432676	3.5871250629425
25.449004	0.0572500042617321	25.455237	3.58912515640259
25.471559	0.0602500028908253	25.477815	3.58975005149841
25.494155	0.0616250038146973	25.500389	3.59037518501282
25.516733	0.0568750016391277	25.522967	3.58875012397766
25.539309	0.0595000013709068	25.545547	3.58725023269653
25.561871	0.0582500025629997	25.568109	3.58662509918213
25.584421	0.0578750036656857	25.590659	3.5871250629425
25.606985	0.0587500035762787	25.613217	3.58775019645691
25.629536	0.0598750039935112	25.635774	3.58925008773804
25.652093	0.0605000033974648	25.658347	3.58987522125244
25.674666	0.0583750009536743	25.680899	3.59012508392334
25.697225	0.0561250038444996	25.703458	3.58912515640259
25.719795	0.0582500025629997	25.726033	3.58800005912781
25.742353	0.0568750016391277	25.748586	3.58675026893616
25.76491	0.0583750009536743	25.771142	3.58737516403198
25.787468	0.0595000013709068	25.7937	3.58825016021729
25.810002	0.0616250038146973	25.81624	3.58987522125244
25.832559	0.0610000044107437	25.838792	3.59050011634827
25.855136	0.0582500025629997	25.86137	3.59012508392334
25.877698	0.0581250041723251	25.883931	3.58987522125244
25.900266	0.0582500025629997	25.906504	3.58762526512146
25.922814	0.0576250031590462	25.929046	3.58675026893616
25.945371	0.0590000040829182	25.951603	3.58800005912781
25.967928	0.0610000044107437	25.97416	3.58937525749207
25.990482	0.0603750012814999	25.99672	3.59037518501282
26.013039	0.0585000030696392	26.019272	3.59100008010864
26.035596	0.0578750036656857	26.041829	3.59025025367737
26.058154	0.0578750036656857	26.064387	3.58850026130676
26.080706	0.0590000040829182	26.086944	3.58800005912781
26.103276	0.0577500015497208	26.109509	3.58737516403198
26.125825	0.0585000030696392	26.132058	3.58850026130676
26.14838	0.0585000030696392	26.154626	3.58975005149841
26.170945	0.0598750039935112	26.177182	3.59100008010864
26.193501	0.0621250011026859	26.199734	3.59100008010864
26.216058	0.0580000020563602	26.222286	3.59087514877319
26.238629	0.0586250014603138	26.244867	3.58850026130676
26.261186	0.0587500035762787	26.267423	3.58825016021729
26.283763	0.0581250041723251	26.289997	3.58800005912781
26.306334	0.0580000020563602	26.312566	3.58900022506714
26.328882	0.0608750022947788	26.33512	3.59025025367737
26.351459	0.0586250014603138	26.357696	3.59112524986267
26.374016	0.0585000030696392	26.380249	3.59075021743774
26.396576	0.055500004440546	26.402808	3.58962512016296
26.419129	0.0582500025629997	26.425408	3.58912515640259
26.441772	0.0580000020563602	26.448006	3.58825016021729
26.464359	0.0580000020563602	26.470597	3.58850026130676
26.48695	0.0577500015497208	26.493183	3.58987522125244
26.50952	0.0592500045895576	26.515748	3.59125018119812
26.532075	0.0602500028908253	26.538307	3.59200024604797
26.554627	0.0572500042617321	26.560861	3.59112524986267
26.577184	0.0585000030696392	26.583417	3.58975005149841
26.599741	0.0580000020563602	26.605974	3.58900022506714
26.622295	0.0573750026524067	26.628527	3.58837509155273
26.644852	0.0570000037550926	26.651085	3.58887505531311
26.667427	0.0582500025629997	26.673659	3.59050011634827
26.689984	0.0602500028908253	26.696216	3.59125018119812
26.712537	0.0605000033974648	26.71877	3.59187507629395
26.735095	0.0581250041723251	26.741327	3.59137511253357
26.757651	0.0581250041723251	26.763884	3.59025025367737
26.780202	0.0571250021457672	26.786439	3.58937525749207
26.802759	0.0588750019669533	26.809013	3.58900022506714
26.825338	0.0585000030696392	26.831571	3.58962512016296
26.847899	0.0596250034868717	26.854156	3.59062528610229
26.870492	0.0600000023841858	26.876725	3.59162521362305
26.893049	0.0593750029802322	26.899282	3.5923752784729
26.915607	0.0585000030696392	26.92184	3.59087514877319
26.938165	0.0578750036656857	26.944398	3.58987522125244
26.960718	0.0581250041723251	26.966955	3.58950018882751
26.983274	0.0570000037550926	26.989507	3.58950018882751
27.005831	0.0577500015497208	27.012063	3.59050011634827
27.028392	0.0590000040829182	27.034626	3.5915002822876
27.050946	0.0588750019669533	27.057182	3.5926251411438
27.073502	0.0580000020563602	27.079736	3.5923752784729
27.09606	0.0583750009536743	27.102292	3.59100008010864
27.118632	0.0568750016391277	27.124869	3.59012508392334
27.14119	0.0567500032484531	27.147427	3.58937525749207
27.163762	0.0580000020563602	27.169995	3.58975005149841
27.186319	0.0586250014603138	27.192551	3.59112524986267
27.20887	0.0601250045001507	27.215103	3.59200024604797
27.231436	0.0605000033974648	27.237673	3.59287524223328
27.253993	0.0583750009536743	27.260226	3.59287524223328
27.276551	0.0578750036656857	27.282783	3.59050011634827
27.299118	0.0577500015497208	27.305355	3.59012508392334
27.321674	0.0575000010430813	27.327912	3.58875012397766
27.344249	0.0586250014603138	27.350487	3.59025025367737
27.366813	0.0588750019669533	27.373045	3.59187507629395
27.389366	0.0603750012814999	27.395603	3.59225010871887
27.411924	0.0592500045895576	27.418162	3.59300017356873
27.434484	0.0593750029802322	27.440717	3.59200024604797
27.457042	0.0578750036656857	27.463275	3.5915002822876
27.479621	0.0587500035762787	27.485857	3.59000015258789
27.50218	0.0591250024735928	27.508425	3.58987522125244
27.524781	0.0565000027418137	27.531019	3.59012508392334
27.547344	0.0592500045895576	27.553577	3.5923752784729
27.569896	0.0608750022947788	27.576134	3.59300017356873
27.592457	0.0591250024735928	27.598691	3.59300017356873
27.615011	0.0577500015497208	27.621244	3.59200024604797
27.637566	0.0580000020563602	27.643798	3.59075021743774
27.660119	0.0566250011324883	27.66636	3.59037518501282
27.682689	0.0588750019669533	27.688928	3.59025025367737
27.705244	0.0580000020563602	27.711477	3.5915002822876
27.727796	0.0591250024735928	27.734049	3.59225010871887
27.750379	0.0601250045001507	27.756616	3.5932502746582
27.772935	0.0586250014603138	27.779168	3.5932502746582
27.795496	0.0586250014603138	27.801728	3.59225010871887
27.818052	0.0547500029206276	27.824285	3.59087514877319
27.840604	0.0568750016391277	27.846868	3.59062528610229
27.863217	0.0605000033974648	27.86945	3.59050011634827
27.885776	0.0582500025629997	27.892008	3.5926251411438
27.908345	0.0600000023841858	27.914578	3.59300017356873
27.930896	0.0592500045895576	27.937133	3.59375023841858
27.953469	0.0583750009536743	27.959703	3.5923752784729
27.976019	0.0591250024735928	27.982252	3.59200024604797
27.998572	0.0587500035762787	28.00481	3.58987522125244
28.021129	0.0585000030696392	28.027366	3.59050011634827
28.043686	0.0580000020563602	28.049919	3.59112524986267
28.066242	0.0577500015497208	28.072474	3.5923752784729
28.088794	0.0602500028908253	28.095031	3.5935001373291
28.111351	0.0610000044107437	28.117588	3.59400010108948
28.133908	0.0583750009536743	28.140141	3.59250020980835
28.156479	0.0588750019669533	28.162712	3.59187507629395
28.179028	0.0586250014603138	28.185266	3.59100008010864
28.201585	0.0576250031590462	28.207823	3.59075021743774
28.224143	0.0576250031590462	28.230375	3.5917501449585
28.2467	0.0577500015497208	28.252932	3.59275007247925
28.269252	0.0607500039041042	28.275489	3.59425020217896
28.291809	0.0593750029802322	28.298046	3.59425020217896
28.314367	0.0590000040829182	28.3206	3.59300017356873
28.336927	0.0566250011324883	28.343159	3.59200024604797
28.3595	0.0577500015497208	28.365738	3.59100008010864
28.382062	0.0586250014603138	28.388294	3.59087514877319
28.404625	0.0587500035762787	28.410858	3.59225010871887
28.427181	0.0593750029802322	28.433414	3.59337520599365
28.449733	0.0593750029802322	28.45597	3.59462523460388
28.472292	0.0580000020563602	28.478546	3.59425020217896
28.494871	0.0578750036656857	28.501105	3.5926251411438
28.51744	0.0572500042617321	28.523673	3.59200024604797
28.539993	0.0570000037550926	28.546231	3.59087514877319
28.562553	0.0588750019669533	28.568786	3.59137511253357
28.585111	0.0573750026524067	28.591344	3.5926251411438
28.607669	0.0603750012814999	28.613902	3.59387516975403
28.630221	0.0597500018775463	28.636458	3.59475016593933
28.652778	0.0587500035762787	28.659012	3.59375023841858
28.675337	0.0592500045895576	28.68157	3.59287524223328
28.697897	0.0578750036656857	28.704143	3.59125018119812
28.720464	0.0566250011324883	28.726697	3.5915002822876
28.743016	0.0603750012814999	28.749249	3.59112524986267
28.765574	0.0588750019669533	28.771808	3.5932502746582
28.788119	0.0613750033080578	28.794365	3.59387516975403
28.810692	0.0597500018775463	28.816921	3.59487509727478
28.833234	0.0581250041723251	28.839461	3.59337520599365
28.855793	0.0590000040829182	28.862028	3.59250020980835
28.87836	0.0576250031590462	28.884589	3.59137511253357
28.900909	0.0582500025629997	28.907147	3.5915002822876
28.923469	0.0583750009536743	28.929702	3.59225010871887
28.946027	0.0582500025629997	28.952259	3.59362506866455
28.968579	0.0603750012814999	28.974817	3.59487509727478
28.991137	0.0607500039041042	28.997374	3.5943751335144
29.013693	0.0571250021457672	29.019925	3.59362506866455
29.036249	0.0581250041723251	29.042481	3.59287524223328
29.058805	0.0586250014603138	29.065042	3.59187507629395
29.081362	0.0577500015497208	29.0876	3.59162521362305
29.103919	0.0585000030696392	29.110153	3.59275007247925
29.126478	0.0610000044107437	29.13271	3.59400010108948
29.14903	0.0645000040531158	29.155268	3.59487509727478
29.171587	0.0618750043213367	29.177824	3.59475016593933
29.194143	0.0582500025629997	29.200376	3.5935001373291
29.2167	0.0585000030696392	29.222933	3.59212517738342
29.239254	0.0580000020563602	29.245491	3.59200024604797
29.261822	0.0580000020563602	29.268059	3.5923752784729
29.28438	0.0577500015497208	29.290612	3.59337520599365
29.306937	0.0596250034868717	29.31317	3.59412527084351
29.329503	0.0601250045001507	29.335741	3.59500026702881
29.352066	0.0591250024735928	29.358299	3.5943751335144
29.374626	0.0582500025629997	29.380859	3.5935001373291
29.397183	0.0581250041723251	29.403415	3.5923752784729
29.419735	0.0575000010430813	29.425973	3.59200024604797
29.442308	0.0552500039339066	29.448541	3.5926251411438
29.464859	0.0582500025629997	29.471091	3.59362506866455
29.487437	0.0602500028908253	29.493671	3.59450006484985
29.510034	0.0598750039935112	29.516269	3.59525012969971
29.532596	0.0583750009536743	29.538829	3.5943751335144
29.555154	0.0583750009536743	29.561387	3.5932502746582
29.577712	0.0573750026524067	29.58394	3.59225010871887
29.600274	0.0576250031590462	29.606512	3.59200024604797
29.622849	0.0551250018179417	29.629083	3.59337520599365
29.645403	0.0581250041723251	29.651635	3.59450006484985
29.667958	0.0595000013709068	29.674191	3.59550023078918
29.690512	0.0593750029802322	29.696749	3.59550023078918
29.713069	0.0583750009536743	29.719303	3.59487509727478
29.735628	0.0606250017881393	29.74186	3.59362506866455
29.758187	0.0572500042617321	29.764419	3.59225010871887
29.780739	0.0588750019669533	29.786973	3.59250020980835
29.803294	0.0592500045895576	29.809527	3.59362506866455
29.825849	0.0595000013709068	29.832082	3.59475016593933
29.848421	0.0608750022947788	29.854661	3.59562516212463
29.870987	0.0591250024735928	29.87722	3.59550023078918
29.89354	0.0621250011026859	29.899791	3.59412527084351
29.916111	0.0582500025629997	29.922343	3.5926251411438
29.938669	0.0583750009536743	29.944906	3.59225010871887
