Time_sec1	Voltage_A0TG	Time_sec2	Voltage_A1TG
0	0.402500033378601	0.006238	3.78375029563904
0.022559	0.401625007390976	0.028791	3.78112506866455
0.04511	0.401500016450882	0.051342	3.78087520599365
0.067666	0.402125030755997	0.073898	3.78025007247925
0.090231	0.401625007390976	0.096468	3.78087520599365
0.112789	0.401625007390976	0.119026	3.78137516975403
0.135355	0.401500016450882	0.141588	3.78275012969971
0.157912	0.401750028133392	0.164145	3.78287506103516
0.180464	0.401125013828278	0.186702	3.78375029563904
0.20302	0.401250004768372	0.209258	3.78437519073486
0.225577	0.40200001001358	0.23181	3.78575015068054
0.248135	0.401000022888184	0.254368	3.78787517547607
0.270693	0.402250021696091	0.276927	3.79000020027161
0.293239	0.402500033378601	0.299467	3.79150009155273
0.315787	0.401125013828278	0.322015	3.79400014877319
0.338344	0.401375025510788	0.344577	3.79387521743774
0.360897	0.398875027894974	0.36713	3.79387521743774
0.383442	0.404500007629395	0.389675	3.79312515258789
0.405999	0.39987501502037	0.412237	3.79300022125244
0.428575	0.401500016450882	0.434808	3.79387521743774
0.451127	0.402125030755997	0.457359	3.79450011253357
0.473704	0.402750015258789	0.479947	3.79537510871887
0.496284	0.401250004768372	0.502517	3.79537510871887
0.518846	0.400625020265579	0.52508	3.79425024986267
0.5414	0.400000005960464	0.547637	3.79300022125244
0.563957	0.400125026702881	0.57019	3.79175019264221
0.586515	0.400375008583069	0.592747	3.79075026512146
0.609077	0.400000005960464	0.61531	3.79100012779236
0.631629	0.400000005960464	0.637866	3.79062509536743
0.654188	0.401375025510788	0.660421	3.79062509536743
0.676746	0.400625020265579	0.682979	3.78800010681152
0.699303	0.400750011205673	0.705549	3.78700017929077
0.721859	0.40087503194809	0.728092	3.78462529182434
0.744411	0.400125026702881	0.750644	3.78225016593933
0.766966	0.401000022888184	0.773199	3.7807502746582
0.789518	0.400000005960464	0.795751	3.7801251411438
0.812086	0.39987501502037	0.818323	3.77975010871887
0.834671	0.39987501502037	0.84091	3.7792501449585
0.857239	0.400000005960464	0.863471	3.77700018882751
0.879792	0.400000005960464	0.886029	3.77600026130676
0.90235	0.399250030517578	0.908589	3.77412509918213
0.924909	0.399125009775162	0.931141	3.7728750705719
0.947465	0.400500029325485	0.953697	3.77275013923645
0.970028	0.400000005960464	0.976265	3.7728750705719
0.992586	0.399500012397766	0.998824	3.77337527275085
1.015156	0.399625033140182	1.021389	3.7737500667572
1.037715	0.399000018835068	1.043947	3.772625207901
1.060267	0.398875027894974	1.066504	3.77112507820129
1.082824	0.399000018835068	1.089061	3.76862525939941
1.105381	0.399250030517578	1.111613	3.76750016212463
1.127938	0.402375012636185	1.134171	3.76675009727478
1.15049	0.399125009775162	1.156728	3.76650023460388
1.173046	0.399000018835068	1.179284	3.7662501335144
1.195615	0.399250030517578	1.201848	3.7651252746582
1.218165	0.399250030517578	1.224397	3.7633752822876
1.240718	0.400625020265579	1.246955	3.76012516021729
1.263274	0.398250013589859	1.269506	3.75850009918213
1.28584	0.398875027894974	1.292073	3.75712513923645
1.308397	0.399500012397766	1.31463	3.75762510299683
1.330949	0.398875027894974	1.337186	3.75775027275085
1.353507	0.399250030517578	1.35974	3.75762510299683
1.376062	0.399000018835068	1.382294	3.7561252117157
1.398616	0.399000018835068	1.404848	3.7563750743866
1.421183	0.398250013589859	1.427421	3.75412511825562
1.443737	0.399375021457672	1.449976	3.75312519073486
1.466318	0.397625029087067	1.472571	3.75287508964539
1.488895	0.398000031709671	1.495124	3.75362515449524
1.511436	0.398500025272369	1.517673	3.75450015068054
1.53401	0.398500025272369	1.540243	3.75487518310547
1.556569	0.397875010967255	1.562802	3.75450015068054
1.57913	0.398250013589859	1.585363	3.75300025939941
1.601682	0.397625029087067	1.607915	3.75137519836426
1.624236	0.398000031709671	1.630468	3.75037527084351
1.646792	0.397750020027161	1.653024	3.75037527084351
1.669348	0.398375004529953	1.675581	3.75012516975403
1.691901	0.397625029087067	1.698138	3.7506251335144
1.714463	0.398250013589859	1.720698	3.75025010108948
1.737023	0.398000031709671	1.743255	3.7486252784729
1.75957	0.398000031709671	1.765798	3.74637508392334
1.782123	0.396875023841858	1.788361	3.74387526512146
1.804679	0.397625029087067	1.810912	3.74212527275085
1.827236	0.396500021219254	1.833474	3.74112510681152
1.849797	0.39750000834465	1.856034	3.74062514305115
1.872354	0.400000005960464	1.878591	3.73950028419495
1.894914	0.398000031709671	1.901147	3.73862528800964
1.917472	0.39637503027916	1.923704	3.73625016212463
1.940026	0.397750020027161	1.946263	3.73275017738342
1.962582	0.396875023841858	1.96882	3.73075008392334
1.985156	0.394625008106232	1.991389	3.72875022888184
2.007714	0.397875010967255	2.013946	3.72800016403198
2.030266	0.396250009536743	2.036504	3.72737526893616
2.052823	0.397625029087067	2.059061	3.72712516784668
2.075381	0.39750000834465	2.081613	3.72587513923645
2.097937	0.396875023841858	2.10417	3.72325015068054
2.120489	0.396000027656555	2.126727	3.72000026702881
2.143047	0.397125005722046	2.149284	3.71837520599365
2.165604	0.397250026464462	2.171837	3.71662521362305
2.18816	0.397375017404556	2.194393	3.71625018119812
2.210711	0.396000027656555	2.216948	3.71587514877319
2.233267	0.39750000834465	2.239504	3.71575021743774
2.255841	0.396875023841858	2.262074	3.71412515640259
2.278398	0.396125018596649	2.284631	3.71262526512146
2.30095	0.396000027656555	2.307187	3.71000027656555
2.323506	0.394875019788742	2.329744	3.70562505722046
2.346068	0.373000025749207	2.352301	3.7008752822876
2.368625	0.3125	2.374857	3.6927502155304
2.391186	0.261750012636185	2.397423	3.67287516593933
2.413743	0.219500005245209	2.419976	3.64075016975403
2.436299	0.179375007748604	2.442532	3.59275007247925
2.458883	0.14112500846386	2.465125	3.53875017166138
2.48145	0.104625001549721	2.4877	3.47500014305115
2.504033	0.0734999999403954	2.510272	3.41275024414062
2.526604	0.0468750037252903	2.532837	3.34662508964539
2.549165	0.0245000012218952	2.5554	3.28500008583069
2.57172	0.00687500042840838	2.577952	3.22962522506714
2.594273	0.00300000002607703	2.600519	3.17587518692017
2.616859	0.00125000008847564	2.623091	3.12850022315979
2.639411	0.00137500010896474	2.645663	3.08362507820129
2.661993	-0.000375000003259629	2.668231	3.04612517356873
2.684551	-0.000750000006519258	2.6908	3.01100015640259
2.707125	-0.00112500006798655	2.713358	2.98200011253357
2.729674	-0.000875000027008355	2.735907	2.95512509346008
2.752228	0.00512500014156103	2.75846	2.93250012397766
2.774778	0.00262500019744039	2.781011	2.91000008583069
2.797335	-0.000500000023748726	2.803563	2.89100003242493
2.819886	0	2.826124	2.87237524986267
2.842474	-0.000375000003259629	2.848712	2.85700011253357
2.865063	0.000875000027008355	2.871296	2.84375023841858
2.88762	0.000500000023748726	2.893853	2.83225011825562
2.910172	0.000125000005937181	2.91641	2.82325005531311
2.93273	0.00312500004656613	2.938968	2.81575012207031
2.955287	0.00250000017695129	2.96152	2.80775022506714
2.977844	0.000625000044237822	2.984076	2.80087518692017
3.00042	-0.000875000027008355	3.006657	2.79375004768372
3.02299	-0.00137500010896474	3.029228	2.7891252040863
3.045557	0.000375000003259629	3.05179	2.78462505340576
3.068114	0.000125000005937181	3.074347	2.78237509727478
3.090666	0.00112500006798655	3.096903	2.78087520599365
3.113223	0.00250000017695129	3.119461	2.77937507629395
3.13578	0.000375000003259629	3.142012	2.77712512016296
3.158337	0.000500000023748726	3.164569	2.77512502670288
3.180898	-0.00150000001303852	3.187136	2.77225017547607
3.203457	-0.000125000005937181	3.209691	2.77075004577637
3.226036	0.000125000005937181	3.232268	2.77000021934509
3.248593	-0.00100000004749745	3.254826	2.77075004577637
3.271144	0.00125000008847564	3.277382	2.77150011062622
3.293701	0.002125000115484	3.299938	2.77100014686584
3.316262	-0.000125000005937181	3.322494	2.77050018310547
3.338872	-0.000125000005937181	3.345137	2.76837515830994
3.361517	0	3.367776	2.76737523078918
3.384154	-0.000875000027008355	3.390414	2.76675009727478
3.40675	0.000625000044237822	3.412983	2.76637506484985
3.429306	-0.000375000003259629	3.435555	2.76737523078918
3.451877	0.0020000000949949	3.458112	2.76862502098083
3.47446	0.00500000035390258	3.480706	2.76725006103516
3.497038	0.000500000023748726	3.503271	2.76550006866455
3.519595	-0.000250000011874363	3.525841	2.7645001411438
3.542161	-0.000125000005937181	3.548399	2.76275014877319
3.564717	-0.000625000044237822	3.57095	2.76137518882751
3.587272	-0.000250000011874363	3.593505	2.76175022125244
3.609837	-0.000125000005937181	3.61607	2.76300024986267
3.632394	0.00237500015646219	3.638626	2.76312518119812
3.654949	0.00150000001303852	3.661182	2.76212501525879
3.677503	0.000875000027008355	3.683735	2.76087522506714
3.700057	-0.00100000004749745	3.706289	2.75975012779236
3.72261	-0.000125000005937181	3.728847	2.7590000629425
3.745184	-0.000250000011874363	3.751417	2.75912523269653
3.767738	0	3.773977	2.76012516021729
3.790317	0.00150000001303852	3.796554	2.76150012016296
3.812874	0.00187500007450581	3.819111	2.76262521743774
3.835457	0.000750000006519258	3.84169	2.76250004768372
3.85802	-0.000750000006519258	3.864252	2.76087522506714
3.880572	0	3.886809	2.76025009155273
3.903129	-0.00137500010896474	3.909366	2.75975012779236
3.925691	0.000125000005937181	3.931923	2.75975012779236
3.948248	0.000125000005937181	3.954481	2.76137518882751
3.970809	0.00175000005401671	3.977046	2.76262521743774
3.993365	0.00237500015646219	3.999598	2.76300024986267
4.015929	0.000625000044237822	4.022162	2.76225018501282
4.038487	-0.000250000011874363	4.044719	2.76737523078918
4.061037	-0.00300000002607703	4.067275	2.76712512969971
4.083594	0.000750000006519258	4.08983	2.76675009727478
4.106168	-0.000500000023748726	4.1124	2.76787519454956
4.128715	0.00400000018998981	4.134947	2.76925015449524
4.151292	0.00337500008754432	4.157529	2.77100014686584
4.173849	0.00325000006705523	4.180082	2.77162504196167
4.196407	0.00150000001303852	4.20264	2.77125024795532
4.218964	0.00162500003352761	4.225196	2.77137517929077
4.241516	-0.000125000005937181	4.247753	2.77125024795532
4.264073	0.000750000006519258	4.270315	2.77150011062622
4.286642	0.00250000017695129	4.292874	2.7735002040863
4.309199	0.00262500019744039	4.315441	2.77612519264221
4.331761	0.00600000005215406	4.338003	2.77737522125244
4.354323	0.00550000043585896	4.360557	2.78000020980835
4.376881	0.00412499997764826	4.383114	2.78037524223328
4.399438	0.00387500016950071	4.40567	2.78062510490417
4.421989	0.00312500004656613	4.428226	2.78150010108948
4.444545	0.004250000230968	4.450799	2.78312516212463
4.467145	0.00450000027194619	4.473379	2.78637504577637
4.489723	0.00824999995529652	4.495958	2.788250207901
4.51228	0.00800000037997961	4.518518	2.79112505912781
4.534839	0.00650000013411045	4.541095	2.79287505149841
4.55742	0.00562500022351742	4.563652	2.79312515258789
4.579972	0.00750000029802322	4.586211	2.79387521743774
4.60253	0.00600000005215406	4.608767	2.79462504386902
4.625087	0.00600000005215406	4.63132	2.79762506484985
4.647635	0.00675000017508864	4.653868	2.79887509346008
4.670193	0.00824999995529652	4.676427	2.80237507820129
4.692749	0.0101250000298023	4.698981	2.803875207901
4.715303	0.00887500029057264	4.721536	2.80462503433228
4.737856	0.0102500002831221	4.744089	2.8050000667572
4.760415	0.00725000025704503	4.766647	2.80487513542175
4.782967	0.008500000461936	4.789199	2.80600023269653
4.80551	0.00837500020861626	4.811743	2.80837512016296
4.828066	0.00862500071525574	4.834318	2.80987524986267
4.850653	0.0112500004470348	4.856886	2.81262516975403
4.873212	0.0117500005289912	4.87945	2.81400012969971
4.895772	0.00925000011920929	4.902004	2.81462502479553
4.918329	0.00925000011920929	4.924561	2.81462502479553
4.9409	0.0087500000372529	4.947137	2.81487512588501
4.963457	0.00975000020116568	4.969689	2.81600022315979
4.986034	0.0105000007897615	4.992266	2.81800007820129
5.008591	0.0101250000298023	5.014824	2.82075023651123
5.031158	0.0131250005215406	5.037396	2.82425022125244
5.053715	0.0133750010281801	5.059949	2.82637524604797
5.076276	0.0120000001043081	5.082507	2.82812523841858
5.098831	0.0123750008642673	5.105064	2.82975006103516
5.121384	0.0117500005289912	5.127621	2.83112502098083
5.143939	0.0128750009462237	5.150172	2.83325004577637
5.166497	0.012750000692904	5.172729	2.83662509918213
5.189054	0.0128750009462237	5.195287	2.83925008773804
5.211608	0.0150000005960464	5.217845	2.8417501449585
5.234165	0.0148750003427267	5.240423	2.84150004386902
5.256748	0.0135000003501773	5.262981	2.8417501449585
5.279305	0.0141250006854534	5.285566	2.84012508392334
5.301886	0.0132500007748604	5.308123	2.83975005149841
5.324443	0.0142500009387732	5.330681	2.83937501907349
5.347008	0.0147500010207295	5.35324	2.83987522125244
5.369559	0.0158750005066395	5.375792	2.84125018119812
5.392112	0.017875000834465	5.398349	2.84200024604797
5.414683	0.0160000007599592	5.420915	2.84212517738342
5.43723	0.0146250007674098	5.443458	2.84225010871887
5.459809	0.0155000006780028	5.466097	2.84212517738342
5.482421	0.0158750005066395	5.488649	2.84425020217896
5.504973	0.0155000006780028	5.511207	2.84675002098083
5.527531	0.0147500010207295	5.533764	2.85025024414062
5.550082	0.017875000834465	5.55632	2.85337519645691
5.572654	0.019250001758337	5.578891	2.85700011253357
5.59521	0.0173750016838312	5.60145	2.8591251373291
5.617775	0.0176250003278255	5.624008	2.86050009727478
5.640327	0.0157500002533197	5.646565	2.86225008964539
5.662883	0.0175000000745058	5.669121	2.86562514305115
5.68544	0.0182500015944242	5.691673	2.87075018882751
5.707995	0.017875000834465	5.714227	2.87612509727478
5.730545	0.0208750013262033	5.736784	2.882000207901
5.753106	0.0201250016689301	5.759339	2.88787508010864
5.77566	0.0181250013411045	5.781893	2.89300012588501
5.798218	0.0191250015050173	5.804451	2.89750003814697
5.82077	0.0182500015944242	5.827004	2.90262508392334
5.843339	0.0186250004917383	5.849578	2.90825009346008
5.865892	0.0195000004023314	5.872125	2.9143750667572
5.88845	0.0190000012516975	5.894683	2.9198751449585
5.911018	0.0222500003874302	5.917255	2.92412519454956
5.933577	0.0222500003874302	5.939833	2.92750024795532
5.956155	0.0201250016689301	5.962387	2.928875207901
5.978706	0.0202500000596046	5.984939	2.92862510681152
6.001259	0.0210000015795231	6.007496	2.93025016784668
6.023815	0.0223750006407499	6.030048	2.93137502670288
6.046372	0.0215000007301569	6.052604	2.93337512016296
6.068927	0.0215000007301569	6.075159	2.93600010871887
6.091482	0.0227500014007092	6.09772	2.9372501373291
6.114039	0.0225000008940697	6.120272	2.93775010108948
6.136595	0.0225000008940697	6.142828	2.93712520599365
6.159152	0.0217500012367964	6.165385	2.93612504005432
6.181702	0.0216250009834766	6.18794	2.93675017356873
6.204258	0.0216250009834766	6.21049	2.93762516975403
6.226814	0.0222500003874302	6.233046	2.93925023078918
6.249369	0.0233750008046627	6.255601	2.94212508201599
6.271934	0.0257500018924475	6.278172	2.94400024414062
6.29449	0.024625001475215	6.300717	2.94575023651123
6.317042	0.0238750018179417	6.323274	2.9465000629425
6.339612	0.0228750016540289	6.345845	2.94675016403198
6.362165	0.0235000010579824	6.368402	2.94962525367737
6.384721	0.0243750009685755	6.390955	2.95262503623962
6.407279	0.0243750009685755	6.413512	2.95600008964539
6.429832	0.0262500010430813	6.436069	2.96025013923645
6.452388	0.0287500005215406	6.458626	2.96325016021729
6.474978	0.0248750019818544	6.481211	2.96512508392334
6.497551	0.0251250006258488	6.50379	2.96712517738342
6.520119	0.025000000372529	6.526357	2.97012519836426
6.542677	0.0247500017285347	6.548914	2.97375011444092
6.565234	0.0247500017285347	6.571468	2.97975015640259
6.587792	0.0256250016391277	6.594024	2.98700022697449
6.610344	0.0276250019669533	6.616581	2.99375009536743
6.632901	0.0275000017136335	6.639133	3.00025010108948
6.655467	0.0262500010430813	6.6617	3.00675010681152
6.678025	0.0257500018924475	6.684258	3.01237511634827
6.700578	0.0258750021457672	6.706816	3.01912522315979
6.723125	0.0271250009536743	6.729358	3.02637505531311
6.745678	0.0266250018030405	6.751911	3.03425025939941
6.768235	0.0275000017136335	6.774467	3.04262518882751
6.790808	0.0295000020414591	6.797045	3.05037522315979
6.813364	0.0280000008642673	6.819596	3.05675005912781
6.835938	0.0276250019669533	6.842177	3.06162524223328
6.858499	0.0295000020414591	6.864731	3.06637525558472
6.881054	0.0266250018030405	6.887293	3.07087516784668
6.903619	0.0276250019669533	6.909858	3.07650017738342
6.92618	0.0280000008642673	6.932413	3.08225011825562
6.948734	0.0295000020414591	6.954966	3.08862519264221
6.971321	0.0310000013560057	6.977559	3.09362506866455
6.993888	0.0292500015348196	7.00012	3.09812521934509
7.016445	0.0278750006109476	7.022677	3.10112524032593
7.039004	0.0278750006109476	7.045237	3.10387516021729
7.061556	0.0280000008642673	7.067794	3.10712504386902
7.084114	0.0280000008642673	7.090347	3.11150026321411
7.10667	0.0288750007748604	7.112902	3.11675024032593
7.129227	0.0301250014454126	7.13546	3.12100005149841
7.151778	0.0316250026226044	7.15801	3.12512516975403
7.174343	0.0293750017881393	7.180576	3.12837505340576
7.196896	0.0288750007748604	7.203128	3.13050007820129
7.219453	0.0282500013709068	7.225686	3.1328752040863
7.242007	0.0283750016242266	7.248244	3.13625025749207
7.264563	0.0305000022053719	7.270806	3.14012503623962
7.287129	0.0292500015348196	7.293362	3.14437508583069
7.309682	0.0308750011026859	7.31593	3.14812517166138
7.33226	0.0323750004172325	7.338503	3.15162515640259
7.354826	0.0298750009387732	7.361059	3.15400004386902
7.377384	0.0308750011026859	7.383617	3.15575003623962
7.39994	0.0305000022053719	7.406178	3.15750026702881
7.422497	0.0297500006854534	7.428734	3.15962505340576
7.445085	0.0310000013560057	7.451323	3.16312503814697
7.467667	0.03125	7.473896	3.16737508773804
7.490223	0.0345000028610229	7.496456	3.17037510871887
7.51278	0.032625000923872	7.519018	3.17312526702881
7.535356	0.0298750009387732	7.541589	3.17462515830994
7.557905	0.0310000013560057	7.564138	3.17550015449524
7.580458	0.0307500008493662	7.586695	3.17725014686584
7.603015	0.0325000025331974	7.609253	3.17987513542175
7.625571	0.0318750031292439	7.631803	3.18225026130676
7.648126	0.0342500023543835	7.654358	3.18600010871887
7.670677	0.0350000001490116	7.676914	3.18887519836426
7.69324	0.0365000031888485	7.699478	3.19075012207031
7.7158	0.0360000021755695	7.722033	3.19137525558472
7.738355	0.0325000025331974	7.744588	3.19250011444092
7.760908	0.0322500020265579	7.767145	3.1936252117157
7.783464	0.0320000015199184	7.789697	3.1956250667572
7.806041	0.033500000834465	7.812275	3.19950008392334
7.828601	0.0350000001490116	7.834853	3.20150017738342
7.851214	0.0355000011622906	7.857452	3.20362520217896
7.873771	0.033500000834465	7.880004	3.20475006103516
7.896328	0.0356250032782555	7.902562	3.20487523078918
7.918897	0.032625000923872	7.925125	3.20550012588501
7.941449	0.033500000834465	7.947687	3.20637512207031
7.964009	0.0341250002384186	7.970242	3.20812511444092
7.986567	0.034875001758337	7.992799	3.21062517166138
8.009118	0.0360000021755695	8.015371	3.21287512779236
8.031692	0.0366250015795231	8.037925	3.21425008773804
8.054244	0.0346250012516975	8.060477	3.21487522125244
8.076816	0.0343750007450581	8.083048	3.21475005149841
8.099367	0.0341250002384186	8.105599	3.21525025367737
8.121919	0.0341250002384186	8.128157	3.21600008010864
8.144476	0.0338750034570694	8.150709	3.21725010871887
8.167033	0.0355000011622906	8.173266	3.21950006484985
8.189584	0.0372500009834766	8.195838	3.22187519073486
8.212156	0.0367499999701977	8.218393	3.22250008583069
8.234712	0.0360000021755695	8.240945	3.22275018692017
8.257282	0.0352500006556511	8.263515	3.22225022315979
8.279832	0.0355000011622906	8.28607	3.22262525558472
8.302388	0.035375002771616	8.308625	3.22300004959106
8.324944	0.0355000011622906	8.331189	3.22537517547607
8.347515	0.0396250002086163	8.353748	3.22700023651123
8.370066	0.0377500019967556	8.376303	3.22862505912781
8.392623	0.0347500033676624	8.39886	3.22987508773804
8.415179	0.036250002682209	8.421411	3.22950005531311
8.437737	0.0378750003874302	8.443969	3.22912526130676
8.460318	0.0357500016689301	8.466572	3.22900009155273
8.4829	0.0365000031888485	8.489139	3.23087525367737
8.505472	0.0372500009834766	8.511705	3.23300004005432
8.528031	0.0378750003874302	8.534263	3.23475027084351
8.550583	0.0383750014007092	8.55682	3.23650026321411
8.57314	0.0375000014901161	8.579377	3.23775005340576
8.595698	0.0368750020861626	8.60193	3.23750019073486
8.618256	0.0361250005662441	8.624488	3.23762512207031
8.640813	0.0366250015795231	8.647051	3.23912525177002
8.66337	0.0372500009834766	8.669603	3.24012517929077
8.68593	0.037125002592802	8.692162	3.24375009536743
8.708487	0.0406250022351742	8.714719	3.24562525749207
8.731041	0.0396250002086163	8.737278	3.24775004386902
8.753597	0.0375000014901161	8.759829	3.24900007247925
8.776153	0.0378750003874302	8.782385	3.24912524223328
8.79871	0.0377500019967556	8.804937	3.25050020217896
8.821257	0.0377500019967556	8.827489	3.25175023078918
8.843855	0.0381250008940697	8.850088	3.25387525558472
8.866409	0.0378750003874302	8.872642	3.25775027275085
8.88897	0.0415000021457672	8.895203	3.26037526130676
8.911522	0.0415000021457672	8.917759	3.26312518119812
8.934081	0.0388750024139881	8.940316	3.26412510871887
8.956641	0.0381250008940697	8.962869	3.26550006866455
8.979195	0.037125002592802	8.985441	3.26650023460388
9.001761	0.0383750014007092	9.008	3.26912522315979
9.024324	0.0388750024139881	9.030557	3.27237510681152
9.046881	0.0393750034272671	9.053115	3.27562522888184
9.069441	0.0406250022351742	9.075674	3.27900004386902
9.091996	0.0395000018179417	9.098229	3.28125023841858
9.114551	0.0388750024139881	9.120798	3.28212523460388
9.137118	0.0390000008046627	9.14335	3.28337526321411
9.15967	0.0388750024139881	9.165903	3.28525018692017
9.182226	0.0390000008046627	9.188464	3.28675007820129
9.204783	0.0393750034272671	9.211016	3.29012513160706
9.227342	0.0422500036656857	9.233575	3.29337525367737
9.249894	0.0417500026524067	9.256131	3.29612517356873
9.272452	0.0407500006258488	9.278689	3.29825019836426
9.295008	0.0397500023245811	9.301241	3.29875016212463
9.317565	0.0392500013113022	9.323798	3.29950022697449
9.340135	0.0391250029206276	9.346372	3.30012512207031
9.362695	0.0403750017285347	9.368933	3.30275011062622
9.385254	0.0407500006258488	9.391486	3.30612516403198
9.407811	0.0418750010430813	9.414044	3.30837512016296
9.430364	0.0428750030696392	9.436602	3.31075024604797
9.452925	0.0408750027418137	9.45918	3.31162524223328
9.47552	0.0407500006258488	9.481753	3.31212520599365
9.498076	0.0410000011324883	9.504309	3.31262516975403
9.520629	0.0400000028312206	9.526867	3.31375026702881
9.543194	0.0391250029206276	9.549431	3.31575012207031
9.565751	0.0411250032484531	9.571983	3.31875014305115
9.588309	0.0425000004470348	9.594541	3.32100009918213
9.610863	0.0421250015497208	9.617101	3.32287526130676
9.633421	0.0408750027418137	9.639654	3.32375025749207
9.655974	0.0431250035762787	9.662206	3.32500004768372
9.678531	0.0405000001192093	9.684763	3.32487511634827
9.7011	0.0416250005364418	9.707338	3.32687520980835
9.723657	0.0425000004470348	9.72989	3.32950019836426
9.746229	0.0418750010430813	9.752461	3.33212518692017
9.76878	0.0425000004470348	9.775013	3.33550024032593
9.791308	0.0425000004470348	9.797545	3.33725023269653
9.813864	0.0412500016391277	9.820098	3.33825016021729
9.836456	0.0415000021457672	9.84269	3.33875012397766
9.859032	0.0411250032484531	9.865265	3.34087514877319
9.881586	0.0412500016391277	9.887824	3.34237504005432
9.904143	0.0426250025629997	9.910376	3.34550023078918
9.926705	0.0476250015199184	9.932937	3.34850025177002
9.949275	0.0447500012814999	9.955508	3.35200023651123
9.971832	0.0428750030696392	9.97807	3.35437512397766
9.994389	0.0421250015497208	10.000617	3.35537505149841
10.016944	0.0425000004470348	10.023176	3.35650014877319
10.039496	0.0421250015497208	10.045729	3.3582501411438
10.06205	0.0426250025629997	10.068287	3.36012506484985
10.084598	0.0422500036656857	10.090837	3.36425018310547
10.107162	0.0433750003576279	10.113396	3.36675024032593
10.129715	0.0451250039041042	10.135948	3.36987519264221
10.152267	0.0441250018775463	10.1585	3.37250018119812
10.17482	0.0425000004470348	10.181053	3.37287521362305
10.197373	0.0412500016391277	10.203606	3.37437510490417
10.219936	0.0430000014603138	10.226168	3.3756251335144
10.242487	0.0432500019669533	10.24872	3.37762522697449
10.265059	0.0445000007748604	10.271292	3.38075017929077
10.28763	0.0460000038146973	10.293863	3.38462519645691
10.310181	0.0465000011026859	10.316414	3.38687515258789
10.332738	0.0438750013709068	10.338977	3.38750004768372
10.355296	0.0436250008642673	10.361529	3.38837504386902
10.377855	0.0427500009536743	10.384087	3.38875007629395
10.400422	0.0423750020563602	10.406654	3.39062523841858
10.422974	0.0396250002086163	10.429212	3.39337515830994
10.445551	0.0451250039041042	10.451784	3.39612507820129
10.468126	0.0457500033080578	10.474359	3.39862513542175
10.490734	0.0456250011920929	10.496972	3.40087509155273
10.513297	0.0436250008642673	10.519555	3.40137505531311
10.535875	0.0451250039041042	10.542107	3.40150022506714
10.558431	0.0438750013709068	10.564663	3.40237522125244
10.580982	0.0436250008642673	10.587219	3.40337514877319
10.603538	0.0433750003576279	10.60977	3.4057502746582
10.626093	0.0445000007748604	10.632325	3.40812516212463
10.648652	0.0476250015199184	10.654885	3.41075015068054
10.671218	0.0472500026226044	10.677456	3.41225028038025
10.693776	0.0458750016987324	10.700028	3.41225028038025
10.716354	0.0442500002682209	10.722586	3.4123752117157
10.738909	0.0436250008642673	10.745159	3.41250014305115
10.761478	0.0451250039041042	10.767716	3.41462516784668
10.784034	0.0456250011920929	10.790267	3.41600012779236
10.80659	0.0451250039041042	10.812823	3.41850018501282
10.82916	0.0467500016093254	10.835411	3.42000007629395
10.851742	0.0466250032186508	10.85798	3.42037510871887
10.874303	0.0453750006854534	10.880531	3.4207501411438
10.896857	0.0442500002682209	10.903089	3.42025017738342
10.919416	0.0438750013709068	10.925648	3.42100024223328
10.941967	0.0442500002682209	10.948205	3.4216251373291
10.964524	0.0455000028014183	10.970757	3.42375016212463
10.987082	0.0436250008642673	10.993315	3.42612504959106
11.00965	0.0472500026226044	11.015883	3.42750024795532
11.032202	0.0456250011920929	11.038439	3.42775011062622
11.054761	0.0460000038146973	11.060994	3.42737507820129
11.077319	0.0451250039041042	11.083551	3.42650008201599
11.099876	0.0462500005960464	11.106113	3.42725014686584
11.122424	0.0458750016987324	11.128661	3.42762517929077
11.144983	0.0460000038146973	11.151215	3.43012523651123
11.16754	0.0476250015199184	11.173774	3.43175005912781
11.190098	0.0475000031292439	11.19633	3.43337512016296
11.212642	0.0461250022053719	11.21888	3.43262505531311
11.235201	0.0457500033080578	11.241434	3.43250012397766
11.257757	0.0448750033974648	11.26399	3.43162512779236
11.280312	0.0460000038146973	11.286545	3.43175005912781
11.302865	0.0455000028014183	11.309097	3.43350005149841
11.325418	0.0465000011026859	11.331656	3.43487524986267
11.347998	0.0485000014305115	11.35423	3.4370002746582
11.370549	0.0480000004172325	11.376787	3.4372501373291
11.393107	0.0467500016093254	11.399345	3.4370002746582
11.415665	0.0465000011026859	11.421897	3.43687510490417
11.438222	0.0457500033080578	11.444449	3.43575024604797
11.460796	0.0467500016093254	11.467032	3.4363751411438
11.483347	0.047375001013279	11.489581	3.43737506866455
11.505903	0.0451250039041042	11.512136	3.43925023078918
11.528475	0.0522500015795231	11.534707	3.44062519073486
11.551028	0.0467500016093254	11.557266	3.44100022315979
11.573588	0.0466250032186508	11.579853	3.44075012207031
11.596178	0.0463750027120113	11.602406	3.44000005722046
11.618724	0.0458750016987324	11.624957	3.43950009346008
11.641298	0.0472500026226044	11.647535	3.44037508964539
11.663854	0.0451250039041042	11.670087	3.44200015068054
11.686406	0.0476250015199184	11.692638	3.4436252117157
11.708969	0.053250003606081	11.715202	3.44487524032593
11.731536	0.0471250005066395	11.737773	3.44512510299683
11.754092	0.0470000021159649	11.760325	3.44425010681152
11.776651	0.0480000004172325	11.782883	3.44375014305115
11.799206	0.0480000004172325	11.80544	3.44337511062622
11.82176	0.0472500026226044	11.827997	3.4447500705719
11.844349	0.0471250005066395	11.850582	3.44575023651123
11.866908	0.0502500012516975	11.87314	3.44775009155273
11.889465	0.0500000007450581	11.895698	3.44887518882751
11.912022	0.0477500036358833	11.91826	3.44850015640259
11.934578	0.0468750037252903	11.940811	3.44875025749207
11.957137	0.0466250032186508	11.96337	3.44737505912781
11.97969	0.0463750027120113	11.985933	3.44775009155273
12.002254	0.0481250025331974	12.008491	3.44912505149841
12.024822	0.0480000004172325	12.03106	3.45137524604797
12.047385	0.0500000007450581	12.053617	3.45187520980835
12.069947	0.0526250042021275	12.076184	3.4528751373291
12.092506	0.0480000004172325	12.098743	3.45312523841858
12.115067	0.0486250035464764	12.1213	3.45212507247925
12.137624	0.0477500036358833	12.143856	3.4517502784729
12.16017	0.0497500039637089	12.166404	3.45225024223328
12.182723	0.049625001847744	12.188961	3.45362520217896
12.205281	0.0488750040531158	12.211514	3.45587515830994
12.227838	0.050500001758337	12.23407	3.45712518692017
12.250422	0.0500000007450581	12.256655	3.45812511444092
12.272976	0.048250000923872	12.279208	3.45787525177002
12.295549	0.0481250025331974	12.301781	3.45662522315979
12.318102	0.048250000923872	12.324336	3.45650005340576
12.340673	0.0485000014305115	12.346907	3.45712518692017
12.363228	0.0483750030398369	12.36946	3.45887517929077
12.38578	0.049125000834465	12.392017	3.46000027656555
12.408358	0.0501250028610229	12.414591	3.46237516403198
12.430909	0.049125000834465	12.437147	3.46250009536743
12.453467	0.0481250025331974	12.459727	3.46275019645691
12.476073	0.0468750037252903	12.482301	3.46137523651123
12.498637	0.0478750020265579	12.50487	3.46175026893616
12.521191	0.0462500005960464	12.527429	3.46250009536743
12.543749	0.049125000834465	12.549982	3.46425008773804
12.566307	0.0503750033676624	12.572539	3.46625018119812
12.588868	0.0515000037848949	12.595102	3.46750020980835
12.611421	0.048750001937151	12.617653	3.46750020980835
12.633974	0.048750001937151	12.640229	3.4676251411438
12.656553	0.050500001758337	12.662785	3.46712517738342
12.679109	0.0488750040531158	12.685353	3.46725010871887
12.701672	0.048750001937151	12.70791	3.46787524223328
12.724229	0.0493750013411045	12.730462	3.47012519836426
12.746785	0.051875002682209	12.753017	3.47162508964539
12.769335	0.0511250011622906	12.775569	3.47287511825562
12.791901	0.0488750040531158	12.798139	3.47287511825562
12.814456	0.049125000834465	12.820695	3.47225022315979
12.837038	0.0490000024437904	12.843271	3.47250008583069
12.859592	0.0490000024437904	12.865842	3.47212505340576
12.882164	0.0485000014305115	12.888408	3.47387528419495
12.904733	0.0488750040531158	12.910966	3.47587513923645
12.927291	0.0506250038743019	12.933524	3.47712516784668
12.949844	0.0513750016689301	12.956081	3.47850012779236
12.972406	0.049625001847744	12.978643	3.47812509536743
12.994965	0.0495000034570694	13.001203	3.47725009918213
13.017527	0.049125000834465	13.023759	3.47725009918213
13.040079	0.0486250035464764	13.046316	3.47750020027161
13.062634	0.0501250028610229	13.068872	3.47900009155273
13.085191	0.0506250038743019	13.091424	3.48125004768372
13.107749	0.0512500032782555	13.113981	3.48250007629395
13.130338	0.0500000007450581	13.136575	3.48312520980835
13.152895	0.0497500039637089	13.159128	3.4832501411438
13.175461	0.048250000923872	13.181694	3.48225021362305
13.198018	0.0493750013411045	13.204251	3.48175024986267
13.220574	0.0500000007450581	13.226812	3.48287510871887
13.24313	0.0500000007450581	13.249367	3.48475027084351
13.265687	0.0512500032782555	13.27192	3.48637509346008
13.288245	0.0515000037848949	13.294477	3.48750019073486
13.310806	0.0512500032782555	13.317044	3.48787522315979
13.333369	0.0503750033676624	13.339608	3.48712515830994
13.355936	0.049125000834465	13.36217	3.48687505722046
13.37849	0.0498750023543835	13.384717	3.48662519454956
13.401043	0.050500001758337	13.40728	3.48750019073486
13.423601	0.0493750013411045	13.429834	3.48987507820129
13.44615	0.052375003695488	13.452382	3.49112510681152
13.468732	0.0536250025033951	13.47496	3.4922502040863
13.491297	0.0500000007450581	13.497525	3.49237513542175
13.513853	0.0500000007450581	13.520086	3.491375207901
13.536427	0.0503750033676624	13.542659	3.4916250705719
13.558984	0.0492500029504299	13.565218	3.49112510681152
13.581542	0.0508750006556511	13.587779	3.49200010299683
13.604099	0.0501250028610229	13.610332	3.49425005912781
13.626656	0.051875002682209	13.632888	3.49512505531311
13.649213	0.0521250031888485	13.655445	3.49637508392334
13.671764	0.0478750020265579	13.678001	3.49612522125244
13.694321	0.049625001847744	13.700553	3.49512505531311
13.71688	0.0497500039637089	13.723112	3.49525022506714
13.739436	0.0502500012516975	13.745669	3.49487519264221
13.76199	0.0506250038743019	13.768228	3.49612522125244
13.784546	0.0513750016689301	13.7908	3.49850010871887
13.807125	0.051875002682209	13.813358	3.49987506866455
13.829693	0.051875002682209	13.835936	3.5006251335144
13.852258	0.0508750006556511	13.858495	3.4995002746582
13.874814	0.050500001758337	13.881047	3.49912524223328
13.897371	0.0495000034570694	13.903603	3.49825024604797
13.919944	0.0508750006556511	13.926182	3.49925017356873
13.942502	0.049625001847744	13.948735	3.50075006484985
13.965066	0.0513750016689301	13.971299	3.50225019454956
13.987624	0.052750002592802	13.993856	3.50337505340576
14.010176	0.0522500015795231	14.016413	3.50375008583069
14.032733	0.0508750006556511	14.03897	3.50262522697449
14.055289	0.0506250038743019	14.061522	3.50225019454956
14.077848	0.0502500012516975	14.08408	3.50212526321411
14.100432	0.0512500032782555	14.106665	3.50275015830994
14.122986	0.0515000037848949	14.129224	3.50412511825562
14.145552	0.053250003606081	14.151784	3.50587511062622
14.1681	0.0530000030994415	14.174332	3.50662517547607
14.190652	0.0511250011622906	14.196889	3.507000207901
14.213208	0.0500000007450581	14.219445	3.50587511062622
14.235765	0.0475000031292439	14.241993	3.50537514686584
14.258321	0.051000002771616	14.264553	3.50500011444092
14.280872	0.0556250028312206	14.287109	3.50600028038025
14.30343	0.0506250038743019	14.309663	3.5078752040863
14.325982	0.0531250014901161	14.33222	3.50887513160706
14.348545	0.0522500015795231	14.354777	3.51000022888184
14.371099	0.0517500042915344	14.377336	3.50962519645691
14.393655	0.0513750016689301	14.399886	3.50875020027161
14.416211	0.0503750033676624	14.422443	3.50862526893616
14.438768	0.050500001758337	14.445001	3.50775027275085
14.46135	0.0501250028610229	14.467585	3.50950026512146
14.483906	0.0517500042915344	14.490151	3.51100015640259
14.506476	0.0530000030994415	14.512709	3.51212525367737
14.529038	0.0522500015795231	14.535271	3.5133752822876
14.551594	0.0525000020861626	14.557826	3.51237511634827
14.574145	0.0515000037848949	14.580378	3.51137518882751
14.596703	0.0517500042915344	14.602935	3.51062512397766
14.619276	0.0556250028312206	14.625509	3.51100015640259
14.641828	0.0516250021755695	14.64806	3.51250004768372
14.66438	0.0531250014901161	14.670612	3.51387524604797
14.686936	0.0545000024139881	14.693168	3.51562523841858
14.709493	0.052750002592802	14.715727	3.51575016975403
14.732045	0.0522500015795231	14.738282	3.51462507247925
14.754601	0.051000002771616	14.760834	3.51400017738342
14.777157	0.0525000020861626	14.783389	3.51325011253357
14.799708	0.051875002682209	14.805941	3.51400017738342
14.822264	0.0516250021755695	14.828497	3.51487517356873
14.844824	0.0538750030100346	14.851057	3.51675009727478
14.867385	0.0540000014007092	14.873617	3.51825022697449
14.889937	0.0525000020861626	14.896175	3.51787519454956
14.912495	0.0521250031888485	14.918733	3.51687526702881
14.935065	0.0515000037848949	14.941299	3.51637506484985
14.957623	0.0511250011622906	14.963856	3.51612520217896
14.980175	0.0525000020861626	14.986412	3.51600027084351
15.002733	0.0516250021755695	15.008971	3.51762509346008
15.025305	0.0553750023245811	15.031537	3.51925015449524
15.047854	0.0542500019073486	15.054087	3.52000021934509
15.070428	0.0525000020861626	15.076665	3.52062511444092
15.092984	0.052375003695488	15.099221	3.51925015449524
15.11555	0.051875002682209	15.121783	3.51812505722046
15.138107	0.0528750009834766	15.144339	3.51762509346008
15.160657	0.0520000010728836	15.166896	3.51900005340576
15.183215	0.0513750016689301	15.189448	3.52012515068054
15.205771	0.0543750040233135	15.212005	3.52187514305115
15.22833	0.0546250008046627	15.234563	3.52212524414062
15.2509	0.0515000037848949	15.257137	3.52162528038025
15.273457	0.0525000020861626	15.279685	3.5208752155304
15.296035	0.0515000037848949	15.302267	3.51962518692017
15.318592	0.0525000020861626	15.324824	3.52012515068054
15.341151	0.051875002682209	15.347389	3.52112507820129
15.363708	0.0535000041127205	15.369941	3.52250027656555
15.386269	0.054125003516674	15.392501	3.52362513542175
15.408826	0.0540000014007092	15.415062	3.52387523651123
15.431382	0.0558750033378601	15.437619	3.52362513542175
15.453939	0.0525000020861626	15.460202	3.522625207901
15.476534	0.0517500042915344	15.482762	3.5217502117157
15.499085	0.0533750019967556	15.505319	3.52162528038025
15.52164	0.0530000030994415	15.527877	3.52275013923645
15.544202	0.0535000041127205	15.550436	3.52425026893616
15.56677	0.0548750013113022	15.573003	3.52537512779236
15.589326	0.0538750030100346	15.59556	3.52612519264221
15.61188	0.0530000030994415	15.618118	3.52475023269653
15.634441	0.0525000020861626	15.640673	3.52400016784668
15.656994	0.0525000020861626	15.663227	3.5235002040863
15.679552	0.0521250031888485	15.685784	3.52362513542175
15.702108	0.0530000030994415	15.708347	3.52525019645691
15.724683	0.0537500008940697	15.730917	3.52675008773804
15.747235	0.0575000010430813	15.753468	3.52725005149841
15.769789	0.0525000020861626	15.776026	3.52712512016296
15.792346	0.0522500015795231	15.798583	3.52637505531311
15.814902	0.052375003695488	15.821135	3.52512526512146
15.837492	0.0520000010728836	15.84373	3.52500009536743
15.860054	0.0525000020861626	15.866293	3.52575016021729
15.882614	0.0535000041127205	15.888851	3.52700018882751
15.905182	0.0542500019073486	15.911415	3.5290002822876
15.927739	0.0552500039339066	15.933972	3.52912521362305
15.950299	0.0533750019967556	15.956532	3.5290002822876
15.972855	0.0537500008940697	15.979087	3.52775025367737
15.99541	0.051875002682209	16.001643	3.52675008773804
16.017967	0.0520000010728836	16.0242	3.52675008773804
16.04052	0.0530000030994415	16.046757	3.52750015258789
16.063076	0.0531250014901161	16.069309	3.52875018119812
16.085644	0.0546250008046627	16.091878	3.53050017356873
16.108203	0.0548750013113022	16.114435	3.5310001373291
16.130756	0.0528750009834766	16.136993	3.53025007247925
16.153312	0.054125003516674	16.159555	3.52950024604797
16.17589	0.0522500015795231	16.182123	3.52862524986267
16.198449	0.0531250014901161	16.204682	3.5290002822876
16.221001	0.0533750019967556	16.227238	3.52950024604797
16.243548	0.0536250025033951	16.249787	3.5310001373291
16.266113	0.0575000010430813	16.272345	3.53212523460388
16.288683	0.0547500029206276	16.294916	3.53250026702881
16.311236	0.0535000041127205	16.317474	3.5318751335144
16.3338	0.0526250042021275	16.340034	3.53112506866455
16.356359	0.0526250042021275	16.362592	3.53025007247925
16.378915	0.0576250031590462	16.385154	3.52950024604797
16.401473	0.0536250025033951	16.40771	3.53150010108948
16.42403	0.0548750013113022	16.430262	3.53375005722046
16.446587	0.0558750033378601	16.452819	3.53450012207031
16.469166	0.0537500008940697	16.475401	3.53450012207031
16.491745	0.0507500022649765	16.497983	3.53350019454956
16.514305	0.0531250014901161	16.520544	3.53200006484985
16.536871	0.052375003695488	16.543103	3.53200006484985
16.559427	0.0542500019073486	16.56566	3.53212523460388
16.581978	0.0525000020861626	16.588216	3.53387522697449
16.604536	0.0542500019073486	16.610768	3.53575015068054
16.627092	0.0561250038444996	16.633324	3.53637528419495
16.649648	0.0562500022351742	16.65588	3.53625011444092
16.672204	0.0536250025033951	16.678436	3.53525018692017
16.694757	0.052750002592802	16.70099	3.53400015830994
16.717311	0.0526250042021275	16.723543	3.53387522697449
16.739862	0.0537500008940697	16.746095	3.53450012207031
16.762417	0.054125003516674	16.768649	3.53600025177002
16.78496	0.0552500039339066	16.791193	3.53837513923645
16.807513	0.0553750023245811	16.813745	3.5385000705719
16.830086	0.0533750019967556	16.83633	3.538250207901
16.852654	0.0533750019967556	16.858892	3.5373752117157
16.875218	0.0525000020861626	16.881451	3.5365002155304
16.897776	0.052750002592802	16.904009	3.53587508201599
16.92033	0.0531250014901161	16.926567	3.53700017929077
16.942887	0.054125003516674	16.949124	3.5385000705719
16.965444	0.0556250028312206	16.971677	3.53987526893616
16.988001	0.0560000017285347	16.994233	3.54075026512146
17.01057	0.0538750030100346	17.016809	3.5402500629425
17.033119	0.0538750030100346	17.039351	3.5385000705719
17.055672	0.0526250042021275	17.061904	3.53862524032593
17.078229	0.0536250025033951	17.084461	3.538250207901
17.1008	0.0538750030100346	17.107037	3.53925013542175
17.123347	0.0531250014901161	17.129579	3.54062509536743
17.145897	0.0576250031590462	17.15213	3.54225015640259
17.168453	0.0550000034272671	17.174685	3.54275012016296
17.191043	0.053250003606081	17.197277	3.54200005531311
17.213606	0.0535000041127205	17.219867	3.54037523269653
17.236184	0.050500001758337	17.242417	3.54050016403198
17.258744	0.0540000014007092	17.264977	3.54050016403198
17.281294	0.0542500019073486	17.287527	3.54200005531311
17.30385	0.0545000024139881	17.310083	3.54362511634827
17.326408	0.0547500029206276	17.332645	3.54425024986267
17.34897	0.0548750013113022	17.355203	3.54437518119812
17.371524	0.0543750040233135	17.377761	3.54387521743774
17.39408	0.0536250025033951	17.400318	3.54250025749207
17.416659	0.054125003516674	17.422891	3.54237508773804
17.43921	0.0522500015795231	17.445454	3.54237508773804
17.461801	0.0543750040233135	17.468037	3.54387521743774
17.484352	0.0598750039935112	17.49058	3.54562520980835
17.506912	0.0572500042617321	17.513144	3.5466251373291
17.52947	0.0528750009834766	17.535703	3.5463752746582
17.552022	0.0535000041127205	17.55826	3.54525017738342
17.574578	0.0528750009834766	17.580811	3.5446252822876
17.597137	0.0533750019967556	17.603374	3.54437518119812
17.61971	0.0545000024139881	17.625943	3.54537510871887
17.642253	0.0535000041127205	17.648486	3.54687523841858
17.664805	0.0556250028312206	17.671038	3.54800009727478
17.687364	0.0560000017285347	17.693597	3.54875016212463
17.709939	0.0543750040233135	17.716176	3.54862523078918
17.732495	0.0538750030100346	17.738732	3.54625010490417
17.755072	0.053250003606081	17.761305	3.54712510108948
17.777628	0.0528750009834766	17.78386	3.5463752746582
17.800182	0.0545000024139881	17.806414	3.5475001335144
17.822737	0.0536250025033951	17.828971	3.55012512207031
17.845297	0.0556250028312206	17.851531	3.55012512207031
17.867854	0.0575000010430813	17.874087	3.55050015449524
17.890419	0.054125003516674	17.896651	3.55037522315979
17.912972	0.0547500029206276	17.919209	3.54912519454956
17.935559	0.053250003606081	17.941791	3.54875016212463
17.958118	0.0540000014007092	17.96435	3.54800009727478
17.980672	0.054125003516674	17.986909	3.54925012588501
18.003229	0.0540000014007092	18.009467	3.55087518692017
18.025788	0.0558750033378601	18.03202	3.55237507820129
18.048343	0.0553750023245811	18.054575	3.55250024795532
18.070899	0.0531250014901161	18.077137	3.55187511444092
18.093456	0.054125003516674	18.099694	3.55087518692017
18.116033	0.0540000014007092	18.122265	3.55012512207031
18.13859	0.0545000024139881	18.144822	3.55037522315979
18.161142	0.0551250018179417	18.16738	3.55187511444092
18.183699	0.0553750023245811	18.189938	3.5532500743866
18.206262	0.0566250011324883	18.212495	3.55425024032593
18.22882	0.055500004440546	18.235063	3.5547502040863
18.251389	0.0552500039339066	18.257627	3.55287528038025
18.273947	0.0548750013113022	18.28018	3.5521252155304
18.296508	0.0538750030100346	18.30274	3.55225014686584
18.319065	0.0545000024139881	18.325293	3.5521252155304
18.341628	0.0538750030100346	18.347866	3.55375027656555
18.364187	0.0565000027418137	18.370419	3.55525016784668
18.386745	0.0567500032484531	18.392979	3.5558750629425
18.4093	0.055500004440546	18.415553	3.55562520027161
18.431873	0.0550000034272671	18.43811	3.55362510681152
18.45443	0.0530000030994415	18.460687	3.55400013923645
18.47702	0.0537500008940697	18.483252	3.55375027656555
18.499603	0.0537500008940697	18.505842	3.55425024032593
18.522163	0.055500004440546	18.528397	3.55600023269653
18.544721	0.0542500019073486	18.550953	3.55700016021729
18.567278	0.0561250038444996	18.573511	3.55750012397766
18.589831	0.0557500012218952	18.596068	3.55725026130676
18.612389	0.0553750023245811	18.618626	3.55612516403198
18.634944	0.0538750030100346	18.641184	3.55575013160706
18.657509	0.054125003516674	18.663741	3.55487513542175
18.680069	0.0553750023245811	18.686306	3.55562520027161
18.702626	0.0553750023245811	18.708858	3.55762505531311
18.72517	0.0568750016391277	18.731408	3.55900025367737
18.747735	0.0571250021457672	18.753968	3.55912518501282
18.770288	0.0536250025033951	18.776526	3.55862522125244
18.792846	0.0542500019073486	18.799083	3.55725026130676
18.815402	0.052375003695488	18.821635	3.55687522888184
18.837979	0.0545000024139881	18.844212	3.55700016021729
18.860543	0.0542500019073486	18.866781	3.55850005149841
18.883103	0.0551250018179417	18.889335	3.56000018119812
18.905663	0.0571250021457672	18.911895	3.5605001449585
18.928216	0.054125003516674	18.93445	3.56087517738342
18.950771	0.0553750023245811	18.957004	3.55962514877319
18.973325	0.0547500029206276	18.979557	3.55912518501282
18.995878	0.0542500019073486	19.00211	3.55837512016296
19.018443	0.0542500019073486	19.024675	3.55850005149841
19.040996	0.0546250008046627	19.047233	3.56000018119812
19.063555	0.0558750033378601	19.069787	3.56150007247925
19.086111	0.0566250011324883	19.092344	3.5620002746582
19.108669	0.0542500019073486	19.114901	3.5620002746582
19.131221	0.0550000034272671	19.137458	3.56037521362305
19.153778	0.0542500019073486	19.160029	3.55987524986267
19.176354	0.0543750040233135	19.182586	3.55912518501282
19.198913	0.0557500012218952	19.205162	3.56037521362305
19.221482	0.055500004440546	19.227715	3.56187510490417
19.244035	0.0568750016391277	19.250268	3.56275010108948
19.266592	0.0570000037550926	19.272824	3.56362509727478
19.289148	0.0546250008046627	19.295382	3.56337523460388
19.311701	0.0546250008046627	19.31794	3.56187510490417
19.33426	0.0536250025033951	19.340492	3.5613751411438
19.356818	0.0552500039339066	19.363051	3.56087517738342
19.379392	0.0553750023245811	19.385641	3.56175017356873
19.401952	0.0557500012218952	19.408185	3.56350016593933
19.424506	0.0570000037550926	19.430738	3.56387519836426
19.447058	0.0553750023245811	19.453291	3.56475019454956
19.469688	0.0551250018179417	19.475934	3.56362509727478
19.492247	0.0543750040233135	19.498485	3.56300020217896
19.514806	0.0538750030100346	19.521039	3.56212520599365
19.537364	0.0557500012218952	19.543597	3.56212520599365
19.559941	0.0553750023245811	19.566179	3.56375026702881
19.582499	0.0546250008046627	19.588736	3.56450009346008
19.60507	0.0575000010430813	19.611304	3.56625008583069
19.627629	0.0561250038444996	19.633861	3.56612515449524
19.650181	0.0552500039339066	19.656418	3.56500005722046
19.672738	0.0553750023245811	19.678976	3.56412506103516
19.695294	0.0553750023245811	19.701527	3.56300020217896
19.717852	0.0547500029206276	19.724084	3.56362509727478
19.740424	0.0551250018179417	19.746662	3.56475019454956
19.762996	0.0570000037550926	19.769229	3.56637525558472
19.785555	0.0566250011324883	19.791793	3.56737518310547
19.808118	0.0553750023245811	19.81435	3.56725025177002
19.830686	0.0545000024139881	19.83693	3.56612515449524
19.853252	0.0543750040233135	19.85949	3.56537508964539
19.87581	0.0543750040233135	19.882041	3.56450009346008
19.898366	0.0548750013113022	19.904599	3.56537508964539
19.920922	0.0550000034272671	19.927155	3.56637525558472
19.943475	0.0562500022351742	19.949707	3.56737518310547
19.966033	0.0557500012218952	19.972265	3.56812524795532
19.988587	0.0553750023245811	19.994821	3.5686252117157
20.011142	0.0587500035762787	20.017374	3.56700015068054
20.033694	0.0543750040233135	20.039947	3.56562519073486
20.056271	0.0548750013113022	20.062503	3.56575012207031
20.078842	0.0557500012218952	20.085076	3.56675028800964
20.101395	0.0542500019073486	20.107627	3.56812524795532
20.123947	0.0570000037550926	20.13018	3.5697500705719
20.146504	0.0567500032484531	20.152737	3.56937527656555
20.169062	0.0565000027418137	20.175295	3.56800007820129
20.191614	0.0557500012218952	20.197852	3.56787514686584
20.214171	0.0547500029206276	20.220418	3.56750011444092
20.236741	0.0550000034272671	20.242974	3.56662511825562
20.259326	0.0556250028312206	20.265565	3.56762528419495
20.281882	0.0551250018179417	20.288114	3.56912517547607
20.304433	0.0576250031590462	20.310672	3.5706250667572
20.326998	0.0573750026524067	20.333235	3.57050013542175
20.349569	0.0558750033378601	20.355803	3.56937527656555
20.372124	0.0576250031590462	20.378361	3.56900024414062
20.394681	0.0550000034272671	20.400909	3.5677502155304
20.417236	0.0547500029206276	20.423468	3.56787514686584
20.439794	0.0552500039339066	20.446032	3.56937527656555
20.462392	0.0561250038444996	20.468634	3.57025027275085
20.484949	0.0575000010430813	20.491219	3.57137513160706
20.507561	0.0553750023245811	20.513794	3.57137513160706
20.530114	0.0557500012218952	20.536351	3.57012510299683
20.552672	0.0538750030100346	20.558909	3.569500207901
20.575228	0.0573750026524067	20.581473	3.56925010681152
20.597804	0.0550000034272671	20.604037	3.56937527656555
20.620357	0.0546250008046627	20.626594	3.57050013542175
20.642918	0.0562500022351742	20.649156	3.57200026512146
20.665479	0.0576250031590462	20.671712	3.57262516021729
20.688037	0.0562500022351742	20.694271	3.57237505912781
20.71061	0.055500004440546	20.716847	3.57100009918213
20.733166	0.0551250018179417	20.739404	3.57000017166138
20.755723	0.0547500029206276	20.761955	3.56962513923645
20.778279	0.0558750033378601	20.784512	3.57025027275085
20.80083	0.0557500012218952	20.807068	3.5715000629425
20.823402	0.0570000037550926	20.829653	3.57225012779236
20.845965	0.0587500035762787	20.852202	3.57350015640259
20.868527	0.0557500012218952	20.874759	3.57325005531311
20.891124	0.0562500022351742	20.897362	3.57212519645691
20.913683	0.0550000034272671	20.919931	3.5706250667572
20.936256	0.0557500012218952	20.942489	3.57075023651123
20.958812	0.0556250028312206	20.965056	3.5715000629425
20.981375	0.0547500029206276	20.987607	3.57275009155273
21.003929	0.0582500025629997	21.010162	3.57387518882751
21.026482	0.0565000027418137	21.032714	3.57462525367737
21.049042	0.0557500012218952	21.055275	3.57375025749207
21.071597	0.0557500012218952	21.07783	3.57250022888184
21.09415	0.0546250008046627	21.100382	3.5715000629425
21.116702	0.0553750023245811	21.122934	3.57125020027161
21.139254	0.0557500012218952	21.145487	3.57262516021729
21.161811	0.0558750033378601	21.168048	3.57412505149841
21.184368	0.0575000010430813	21.190606	3.57525014877319
21.206932	0.0563750043511391	21.213164	3.57500028610229
21.229488	0.0557500012218952	21.235721	3.57462525367737
21.25204	0.0551250018179417	21.258277	3.57350015640259
21.274597	0.0537500008940697	21.280825	3.57262516021729
21.297149	0.055500004440546	21.303382	3.57225012779236
21.319701	0.0568750016391277	21.325934	3.57375025749207
21.342255	0.0566250011324883	21.348493	3.57462525367737
21.364827	0.0581250041723251	21.371059	3.57575011253357
21.387378	0.0567500032484531	21.393611	3.57512521743774
21.409937	0.055500004440546	21.416174	3.57475018501282
21.432493	0.0590000040829182	21.43873	3.57350015640259
21.455067	0.0558750033378601	21.461319	3.57262516021729
21.477645	0.0557500012218952	21.483873	3.57375025749207
21.500191	0.055500004440546	21.506428	3.57425022125244
21.522739	0.0565000027418137	21.528982	3.57537508010864
21.545319	0.0577500015497208	21.551552	3.5767502784729
21.567877	0.0566250011324883	21.574105	3.5761251449585
21.590426	0.055500004440546	21.596664	3.57550024986267
21.612984	0.0553750023245811	21.619223	3.57412505149841
21.635552	0.0560000017285347	21.641784	3.57387518882751
21.658108	0.0562500022351742	21.664341	3.57437515258789
21.680659	0.0563750043511391	21.686896	3.57537508010864
21.703216	0.0571250021457672	21.709454	3.5767502784729
21.725786	0.0571250021457672	21.732019	3.5776252746582
21.748334	0.055500004440546	21.754567	3.5767502784729
21.770895	0.0562500022351742	21.777132	3.5761251449585
21.793451	0.0558750033378601	21.799683	3.57500028610229
21.816002	0.0545000024139881	21.822235	3.57437515258789
21.838591	0.055500004440546	21.844831	3.57487511634827
21.861155	0.0566250011324883	21.867393	3.5770001411438
21.883717	0.0588750019669533	21.889951	3.5778751373291
21.906294	0.0576250031590462	21.912527	3.57737517356873
21.928847	0.055500004440546	21.93508	3.5776252746582
21.951402	0.0562500022351742	21.95764	3.57562518119812
21.97396	0.0600000023841858	21.980193	3.57525014877319
21.996518	0.0552500039339066	22.00275	3.57525014877319
22.019075	0.0551250018179417	22.025307	3.57600021362305
22.041627	0.0553750023245811	22.047864	3.57750010490417
22.064182	0.0576250031590462	22.07042	3.57850027084351
22.086745	0.0571250021457672	22.092977	3.57850027084351
22.109298	0.0562500022351742	22.115545	3.57775020599365
22.131867	0.0558750033378601	22.138099	3.57662510871887
22.154419	0.0552500039339066	22.160652	3.57575011253357
22.176974	0.0551250018179417	22.183206	3.57625007629395
22.199552	0.0581250041723251	22.205785	3.57712507247925
22.222104	0.0556250028312206	22.228342	3.57825016975403
22.244676	0.0587500035762787	22.250915	3.57887506484985
22.267238	0.0586250014603138	22.273476	3.57887506484985
22.289797	0.0560000017285347	22.296035	3.57837510108948
22.312354	0.0561250038444996	22.318587	3.5770001411438
22.334909	0.0568750016391277	22.341142	3.57625007629395
22.357467	0.0567500032484531	22.363699	3.57687520980835
22.380028	0.0563750043511391	22.386265	3.5776252746582
22.402584	0.0575000010430813	22.408822	3.57925009727478
22.425161	0.0576250031590462	22.431394	3.57987523078918
22.447718	0.0560000017285347	22.453951	3.57975006103516
22.470302	0.0560000017285347	22.476536	3.57800006866455
22.492864	0.0558750033378601	22.499103	3.5776252746582
22.515444	0.0561250038444996	22.521677	3.57687520980835
22.538003	0.0566250011324883	22.544235	3.57775020599365
22.560549	0.0562500022351742	22.566787	3.5787501335144
22.583108	0.0573750026524067	22.589346	3.57987523078918
22.605671	0.0581250041723251	22.611904	3.58087515830994
22.628244	0.0573750026524067	22.634476	3.57987523078918
22.650804	0.0567500032484531	22.657041	3.57825016975403
22.673363	0.055500004440546	22.679595	3.57775020599365
22.695929	0.0597500018775463	22.702162	3.57775020599365
22.718487	0.0560000017285347	22.72472	3.57850027084351
22.741039	0.0558750033378601	22.747276	3.57987523078918
22.763596	0.0558750033378601	22.76983	3.58075022697449
22.786154	0.0576250031590462	22.792386	3.58075022697449
22.80871	0.0556250028312206	22.814943	3.58025026321411
22.831313	0.0575000010430813	22.837557	3.5787501335144
22.853875	0.0606250017881393	22.860113	3.57850027084351
22.876444	0.0561250038444996	22.882676	3.57825016975403
22.899002	0.0561250038444996	22.905235	3.57912516593933
22.921555	0.0578750036656857	22.927792	3.58100008964539
22.944112	0.0627500042319298	22.950344	3.58150005340576
22.966665	0.0563750043511391	22.972898	3.58125019073486
22.989224	0.0553750023245811	22.995458	3.58012509346008
23.011777	0.0556250028312206	23.018014	3.57950019836426
23.034337	0.0558750033378601	23.04057	3.57850027084351
23.056894	0.0566250011324883	23.063127	3.57887506484985
23.079453	0.0556250028312206	23.085686	3.58062505722046
23.102004	0.0578750036656857	23.108242	3.58162522315979
23.124561	0.0578750036656857	23.130807	3.58200025558472
23.147131	0.0561250038444996	23.153363	3.58175015449524
23.169682	0.0558750033378601	23.175928	3.58037519454956
23.192248	0.0551250018179417	23.198485	3.57937526702881
23.214807	0.0550000034272671	23.221046	3.57975006103516
23.237368	0.0556250028312206	23.243601	3.57937526702881
23.259937	0.0540000014007092	23.266174	3.58087515830994
23.282494	0.0542500019073486	23.288727	3.58187508583069
23.305062	0.0575000010430813	23.311296	3.58250021934509
23.327616	0.0563750043511391	23.333849	3.58212518692017
23.350172	0.0565000027418137	23.356409	3.58100008964539
23.372736	0.0558750033378601	23.378973	3.58012509346008
23.395306	0.0565000027418137	23.401539	3.57925009727478
23.417858	0.0563750043511391	23.424091	3.58037519454956
23.440414	0.0560000017285347	23.446652	3.58200025558472
23.462997	0.0580000020563602	23.469233	3.58250021934509
23.485553	0.0568750016391277	23.49178	3.58287525177002
23.508108	0.0561250038444996	23.514341	3.58275008201599
23.530662	0.0558750033378601	23.5369	3.58125019073486
23.553225	0.0566250011324883	23.559463	3.58037519454956
23.575801	0.0563750043511391	23.582034	3.58012509346008
23.598354	0.0560000017285347	23.60458	3.58187508583069
23.620904	0.0600000023841858	23.627142	3.58225011825562
23.643461	0.0582500025629997	23.649694	3.58250021934509
23.666038	0.0566250011324883	23.67227	3.5833752155304
23.688594	0.0557500012218952	23.694827	3.58312511444092
23.711146	0.0565000027418137	23.717383	3.58125019073486
23.733704	0.0561250038444996	23.739939	3.58025026321411
23.756263	0.055500004440546	23.762495	3.58062505722046
23.778819	0.0565000027418137	23.785069	3.58175015449524
23.801388	0.0582500025629997	23.807625	3.58312511444092
23.823945	0.0583750009536743	23.830196	3.58362507820129
23.846528	0.0568750016391277	23.85276	3.58387517929077
23.869085	0.0561250038444996	23.875318	3.58325028419495
23.891637	0.0553750023245811	23.897874	3.58137512207031
23.914194	0.055500004440546	23.920433	3.58062505722046
23.936773	0.0571250021457672	23.943005	3.58100008964539
23.95933	0.0566250011324883	23.965563	3.58250021934509
23.981882	0.0581250041723251	23.98812	3.58350014686584
24.00444	0.0590000040829182	24.010673	3.58437514305115
24.026998	0.0561250038444996	24.03323	3.58437514305115
24.049549	0.0566250011324883	24.055782	3.58312511444092
24.0721	0.0563750043511391	24.078337	3.58212518692017
24.094656	0.0553750023245811	24.100901	3.58125019073486
24.117238	0.0562500022351742	24.12347	3.58187508583069
24.139789	0.0570000037550926	24.146028	3.58312511444092
24.162348	0.0576250031590462	24.168585	3.58437514305115
24.184904	0.0575000010430813	24.191137	3.58462524414062
24.207461	0.0563750043511391	24.213694	3.58500027656555
24.230028	0.0566250011324883	24.236266	3.58350014686584
24.252586	0.0553750023245811	24.258823	3.58262515068054
24.275154	0.0562500022351742	24.281393	3.58212518692017
24.297714	0.0560000017285347	24.303947	3.58212518692017
24.320265	0.0568750016391277	24.326498	3.58400011062622
24.34282	0.0581250041723251	24.349057	3.58525013923645
24.365379	0.0570000037550926	24.371612	3.58550024032593
24.387933	0.0566250011324883	24.394165	3.5842502117157
24.410481	0.0550000034272671	24.416714	3.58387517929077
24.433036	0.0561250038444996	24.439273	3.58262515068054
24.455593	0.0590000040829182	24.461844	3.58225011825562
24.478173	0.0565000027418137	24.484401	3.58387517929077
24.500738	0.0577500015497208	24.506976	3.58487510681152
24.523299	0.0583750009536743	24.529551	3.585125207901
24.545872	0.0568750016391277	24.552104	3.58575010299683
24.568425	0.0566250011324883	24.574658	3.58525013923645
24.590978	0.0562500022351742	24.597215	3.58375024795532
24.613539	0.0561250038444996	24.619772	3.58225011825562
24.636097	0.0561250038444996	24.642324	3.58262515068054
24.658652	0.0567500032484531	24.664885	3.58412528038025
24.681205	0.0576250031590462	24.687442	3.5853750705719
24.703762	0.0583750009536743	24.709995	3.5860002040863
24.72632	0.0568750016391277	24.732552	3.5862500667572
24.748875	0.0576250031590462	24.755108	3.58475017547607
24.771427	0.0560000017285347	24.777664	3.58350014686584
24.793985	0.055500004440546	24.800227	3.58325028419495
24.816552	0.0566250011324883	24.822784	3.58312511444092
24.839134	0.0570000037550926	24.845368	3.585125207901
24.86169	0.0575000010430813	24.867928	3.58650016784668
24.88425	0.0576250031590462	24.890483	3.5871250629425
24.906807	0.0567500032484531	24.91304	3.58562517166138
24.929364	0.0560000017285347	24.935597	3.58475017547607
24.951916	0.0565000027418137	24.958153	3.58350014686584
24.974475	0.0560000017285347	24.980708	3.58375024795532
24.997033	0.0570000037550926	25.003265	3.58387517929077
25.019585	0.0571250021457672	25.025845	3.58587527275085
25.042163	0.0557500012218952	25.0484	3.58675026893616
25.06472	0.0571250021457672	25.070953	3.58700013160706
25.087278	0.0590000040829182	25.093511	3.58612513542175
25.109829	0.0567500032484531	25.116066	3.58500027656555
25.132385	0.055500004440546	25.138622	3.58325028419495
25.154941	0.0563750043511391	25.161185	3.58412528038025
25.177523	0.0553750023245811	25.183755	3.58475017547607
25.200073	0.0563750043511391	25.20631	3.58612513542175
25.22263	0.0582500025629997	25.228868	3.5871250629425
25.245187	0.0575000010430813	25.251419	3.58725023269653
25.267744	0.0566250011324883	25.273977	3.5860002040863
25.290318	0.0567500032484531	25.296556	3.58562517166138
25.312874	0.0557500012218952	25.319111	3.58437514305115
25.335448	0.0556250028312206	25.341681	3.58437514305115
25.358002	0.0570000037550926	25.364235	3.58562517166138
25.380561	0.0570000037550926	25.386793	3.58650016784668
25.403112	0.0588750019669533	25.409344	3.58800005912781
25.425666	0.0568750016391277	25.431898	3.58800005912781
25.448215	0.0563750043511391	25.454447	3.58675026893616
25.470845	0.0567500032484531	25.477079	3.58550024032593
25.493401	0.0557500012218952	25.499691	3.5845000743866
25.516037	0.0580000020563602	25.52227	3.5853750705719
25.538607	0.0566250011324883	25.544839	3.58612513542175
25.56116	0.0587500035762787	25.567398	3.5871250629425
25.583719	0.0570000037550926	25.589952	3.58812522888184
25.606272	0.0568750016391277	25.612505	3.58775019645691
25.62883	0.0567500032484531	25.635063	3.58675026893616
25.651384	0.0556250028312206	25.65762	3.58550024032593
25.673942	0.055500004440546	25.680175	3.585125207901
25.696502	0.0561250038444996	25.702734	3.58675026893616
25.719062	0.0566250011324883	25.725295	3.58700013160706
25.741614	0.0583750009536743	25.747852	3.58850026130676
25.764171	0.0585000030696392	25.770419	3.58875012397766
25.786742	0.0571250021457672	25.792974	3.58800005912781
25.809298	0.0560000017285347	25.815548	3.58700013160706
25.831885	0.0557500012218952	25.838129	3.5862500667572
25.854455	0.0561250038444996	25.860699	3.58562517166138
25.877025	0.0572500042617321	25.883257	3.58662509918213
25.899578	0.0556250028312206	25.905811	3.58737516403198
25.92213	0.0582500025629997	25.928368	3.58875012397766
25.944688	0.0572500042617321	25.95092	3.58900022506714
25.96725	0.0567500032484531	25.973482	3.58812522888184
25.989803	0.0565000027418137	25.996041	3.58700013160706
26.012366	0.0563750043511391	26.018603	3.58587527275085
26.034922	0.0557500012218952	26.041155	3.58637523651123
26.057482	0.0565000027418137	26.063714	3.58700013160706
26.080033	0.0571250021457672	26.08627	3.58862519264221
26.10259	0.0578750036656857	26.108827	3.58950018882751
26.125155	0.0573750026524067	26.131388	3.58850026130676
26.147711	0.0571250021457672	26.153944	3.58825016021729
26.170264	0.0562500022351742	26.176497	3.58675026893616
26.19283	0.0567500032484531	26.199067	3.5862500667572
26.215387	0.0570000037550926	26.22162	3.58637523651123
26.237945	0.054125003516674	26.244178	3.58750009536743
26.260518	0.0568750016391277	26.266755	3.58862519264221
26.283075	0.0581250041723251	26.289312	3.58962512016296
26.305642	0.0576250031590462	26.311875	3.58925008773804
26.3282	0.0573750026524067	26.334437	3.58812522888184
26.350758	0.0557500012218952	26.356997	3.58750009536743
26.373321	0.0565000027418137	26.379553	3.58637523651123
26.395914	0.0565000027418137	26.402153	3.58687520027161
26.418481	0.0571250021457672	26.424713	3.58812522888184
26.441041	0.0578750036656857	26.447275	3.58962512016296
26.46362	0.0587500035762787	26.469855	3.59025025367737
26.486181	0.0568750016391277	26.492421	3.58937525749207
26.508757	0.0566250011324883	26.51499	3.58850026130676
26.531327	0.0561250038444996	26.537565	3.5871250629425
26.553885	0.0550000034272671	26.560118	3.58662509918213
26.576446	0.0566250011324883	26.582679	3.58775019645691
26.599003	0.0561250038444996	26.605236	3.58912515640259
26.621555	0.0587500035762787	26.627793	3.58987522125244
26.644103	0.0582500025629997	26.650342	3.59050011634827
26.666667	0.0560000017285347	26.672899	3.58975005149841
26.689224	0.0565000027418137	26.695457	3.58775019645691
26.71178	0.0563750043511391	26.718017	3.58725023269653
26.73434	0.0566250011324883	26.740573	3.58675026893616
26.7569	0.0561250038444996	26.763132	3.58825016021729
26.779456	0.0566250011324883	26.785689	3.58975005149841
26.80201	0.0583750009536743	26.808247	3.59025025367737
26.824565	0.0577500015497208	26.830824	3.59037518501282
26.847155	0.0562500022351742	26.853388	3.58975005149841
26.869712	0.0565000027418137	26.875945	3.58825016021729
26.892279	0.0561250038444996	26.898517	3.58737516403198
26.914836	0.0571250021457672	26.921069	3.58750009536743
26.937397	0.0571250021457672	26.943629	3.58837509155273
26.95995	0.0571250021457672	26.966187	3.58950018882751
26.982506	0.0590000040829182	26.988744	3.59050011634827
27.005065	0.0575000010430813	27.011298	3.59037518501282
27.027623	0.0568750016391277	27.033856	3.58987522125244
27.050175	0.0546250008046627	27.056413	3.58862519264221
27.072749	0.0562500022351742	27.078986	3.58800005912781
27.095296	0.0558750033378601	27.101529	3.58800005912781
27.117853	0.0571250021457672	27.124086	3.58912515640259
27.140421	0.0615000016987324	27.146658	3.59075021743774
27.162977	0.0618750043213367	27.16924	3.5915002822876
27.185568	0.0565000027418137	27.191796	3.59037518501282
27.208108	0.0557500012218952	27.214336	3.58937525749207
27.230656	0.0552500039339066	27.236894	3.58837509155273
27.253231	0.055500004440546	27.259469	3.58775019645691
27.275789	0.0575000010430813	27.282022	3.58837509155273
27.298348	0.0575000010430813	27.30458	3.58975005149841
27.3209	0.0583750009536743	27.327137	3.59087514877319
27.343461	0.0595000013709068	27.349694	3.59062528610229
27.366037	0.0562500022351742	27.372271	3.59062528610229
27.388594	0.0566250011324883	27.394826	3.58912515640259
27.411146	0.0576250031590462	27.417383	3.58875012397766
27.433705	0.0570000037550926	27.439933	3.58787512779236
27.456251	0.0570000037550926	27.462509	3.58875012397766
27.478835	0.0568750016391277	27.485069	3.59037518501282
27.501397	0.0595000013709068	27.50763	3.59125018119812
27.523948	0.0586250014603138	27.530181	3.59125018119812
27.546504	0.0573750026524067	27.552736	3.59062528610229
27.569056	0.0571250021457672	27.575294	3.59000015258789
27.59163	0.0568750016391277	27.597868	3.58912515640259
27.614188	0.0557500012218952	27.62042	3.58900022506714
27.636744	0.0570000037550926	27.642977	3.58950018882751
27.659303	0.0577500015497208	27.665549	3.59062528610229
27.681859	0.0581250041723251	27.688098	3.59187507629395
27.704419	0.0582500025629997	27.710651	3.5917501449585
27.726975	0.0571250021457672	27.733207	3.59112524986267
27.749552	0.0558750033378601	27.755785	3.58912515640259
27.772111	0.0562500022351742	27.778348	3.58862519264221
27.794667	0.0598750039935112	27.8009	3.58887505531311
27.817225	0.0570000037550926	27.823457	3.59012508392334
27.839809	0.0592500045895576	27.846053	3.59137511253357
27.862378	0.0586250014603138	27.868616	3.5917501449585
27.884936	0.0573750026524067	27.891184	3.59137511253357
27.907509	0.0568750016391277	27.913741	3.59050011634827
27.93006	0.0562500022351742	27.936298	3.58937525749207
27.952624	0.0568750016391277	27.958861	3.58850026130676
27.975181	0.0568750016391277	27.981414	3.58937525749207
27.997741	0.0570000037550926	28.003974	3.59050011634827
28.02032	0.0586250014603138	28.026557	3.59187507629395
28.042879	0.0580000020563602	28.049116	3.59250020980835
28.065443	0.0545000024139881	28.071676	3.59212517738342
28.087999	0.0570000037550926	28.094232	3.59062528610229
28.110552	0.0550000034272671	28.116789	3.58987522125244
28.133122	0.0573750026524067	28.13936	3.58887505531311
28.155678	0.0570000037550926	28.161911	3.58987522125244
28.178239	0.0560000017285347	28.184471	3.59100008010864
28.200805	0.0581250041723251	28.207043	3.59200024604797
28.223362	0.0582500025629997	28.229595	3.59250020980835
28.245928	0.0562500022351742	28.252161	3.59275007247925
28.268486	0.0567500032484531	28.274717	3.59062528610229
28.291036	0.0573750026524067	28.297274	3.59000015258789
28.313593	0.0563750043511391	28.319831	3.58962512016296
28.33617	0.0602500028908253	28.342403	3.59050011634827
28.358719	0.0576250031590462	28.364951	3.59200024604797
28.381302	0.0585000030696392	28.387539	3.5926251411438
28.403858	0.0565000027418137	28.410091	3.59250020980835
28.426416	0.0567500032484531	28.432648	3.59137511253357
28.448972	0.0570000037550926	28.455205	3.59037518501282
28.471547	0.0570000037550926	28.477781	3.59037518501282
28.494107	0.0577500015497208	28.500361	3.59012508392334
28.516687	0.0566250011324883	28.522922	3.59112524986267
28.539244	0.0577500015497208	28.545477	3.59212517738342
28.561798	0.0585000030696392	28.568036	3.5932502746582
28.584357	0.0577500015497208	28.590607	3.59312510490417
28.606929	0.0572500042617321	28.613161	3.59137511253357
28.629482	0.051000002771616	28.63571	3.59075021743774
28.652043	0.0542500019073486	28.658275	3.59037518501282
28.674597	0.0570000037550926	28.680835	3.58987522125244
28.697176	0.0570000037550926	28.703408	3.59162521362305
28.719733	0.0578750036656857	28.725961	3.59250020980835
28.742294	0.0587500035762787	28.748532	3.59312510490417
28.764852	0.0583750009536743	28.771095	3.59300017356873
28.787422	0.0565000027418137	28.793654	3.5917501449585
28.809975	0.0566250011324883	28.816213	3.59075021743774
28.83255	0.0557500012218952	28.838795	3.59000015258789
28.855119	0.0568750016391277	28.861352	3.59075021743774
28.877679	0.0567500032484531	28.883912	3.59225010871887
28.900233	0.0588750019669533	28.906466	3.59300017356873
28.922786	0.0582500025629997	28.929023	3.59362506866455
28.945355	0.0590000040829182	28.951588	3.59312510490417
28.967913	0.0567500032484531	28.974145	3.59200024604797
28.990464	0.0563750043511391	28.996702	3.59050011634827
29.013022	0.0570000037550926	29.019259	3.59037518501282
29.035578	0.0567500032484531	29.04181	3.59112524986267
29.058136	0.0566250011324883	29.064368	3.59225010871887
29.080699	0.0631249994039536	29.086931	3.59287524223328
29.103252	0.0576250031590462	29.10949	3.59362506866455
29.12581	0.0568750016391277	29.132042	3.5923752784729
29.148366	0.0572500042617321	29.154598	3.59187507629395
29.170918	0.0556250028312206	29.177156	3.59050011634827
29.193475	0.052750002592802	29.199707	3.59050011634827
29.216031	0.0567500032484531	29.222264	3.5915002822876
29.238588	0.0573750026524067	29.244821	3.5926251411438
29.261152	0.0585000030696392	29.26739	3.59337520599365
29.283708	0.0576250031590462	29.289942	3.59387516975403
29.306267	0.0562500022351742	29.3125	3.59225010871887
29.328825	0.0565000027418137	29.33507	3.59187507629395
29.35139	0.0556250028312206	29.357628	3.59087514877319
29.373946	0.0576250031590462	29.380179	3.59075021743774
29.396502	0.0571250021457672	29.402734	3.5917501449585
29.419058	0.0576250031590462	29.425291	3.59362506866455
29.441604	0.0586250014603138	29.447836	3.59412527084351
29.464192	0.0577500015497208	29.470452	3.59387516975403
29.486776	0.0568750016391277	29.493004	3.5926251411438
29.509329	0.0576250031590462	29.515562	3.59200024604797
29.531883	0.0561250038444996	29.538121	3.59100008010864
29.554439	0.0567500032484531	29.560672	3.59125018119812
29.576996	0.0573750026524067	29.583229	3.5926251411438
29.599548	0.0580000020563602	29.605776	3.59412527084351
29.622103	0.0592500045895576	29.628337	3.5943751335144
29.644658	0.0542500019073486	29.650896	3.59400010108948
29.667218	0.0570000037550926	29.673452	3.59275007247925
29.689772	0.0567500032484531	29.696006	3.59162521362305
29.712327	0.0561250038444996	29.718559	3.59125018119812
29.734869	0.0563750043511391	29.741102	3.5917501449585
29.757423	0.0566250011324883	29.76365	3.59275007247925
29.779981	0.0578750036656857	29.786219	3.59400010108948
29.802553	0.0583750009536743	29.80879	3.59512519836426
29.82511	0.054125003516674	29.83136	3.59312510490417
29.847688	0.0565000027418137	29.853921	3.59275007247925
29.870247	0.0565000027418137	29.876485	3.59137511253357
29.892805	0.0576250031590462	29.899044	3.59100008010864
29.915364	0.0577500015497208	29.921597	3.5923752784729
29.937921	0.0571250021457672	29.944153	3.59337520599365
29.960477	0.0595000013709068	29.966715	3.59450006484985
