Time_sec1	Voltage_A0TG	Time_sec2	Voltage_A1TG
0	0.386000007390976	0.006232	3.60962510108948
0.022572	0.386125028133392	0.028804	3.60987520217896
0.045123	0.385875016450882	0.05136	3.60925006866455
0.067699	0.386875003576279	0.073932	3.6071252822876
0.090271	0.385000020265579	0.096504	3.60662508010864
0.112821	0.386125028133392	0.119058	3.6071252822876
0.135379	0.386500030755997	0.141616	3.60787510871887
0.157935	0.385125011205673	0.164168	3.60900020599365
0.180492	0.386125028133392	0.186725	3.60975027084351
0.203063	0.386750012636185	0.2093	3.60975027084351
0.225618	0.38637501001358	0.231855	3.60875010490417
0.248191	0.385625004768372	0.254423	3.60662508010864
0.270762	0.385375022888184	0.276996	3.60662508010864
0.293339	0.386125028133392	0.299572	3.6071252822876
0.315895	0.387125015258789	0.322128	3.60812520980835
0.338449	0.386000007390976	0.344682	3.60925006866455
0.361004	0.386875003576279	0.367237	3.60975027084351
0.383558	0.386250019073486	0.38979	3.60937523841858
0.40611	0.386000007390976	0.412343	3.60837507247925
0.428673	0.385125011205673	0.434906	3.60725021362305
0.451244	0.384750008583069	0.457476	3.60675024986267
0.473797	0.386125028133392	0.480034	3.60725021362305
0.496355	0.385875016450882	0.502587	3.60850024223328
0.518911	0.38637501001358	0.525143	3.60937523841858
0.541468	0.386625021696091	0.547702	3.6100001335144
0.564022	0.382500022649765	0.570259	3.60937523841858
0.586579	0.382750004529953	0.592813	3.60837507247925
0.609136	0.386500030755997	0.615369	3.60687518119812
0.631708	0.386875003576279	0.63794	3.60662508010864
0.654251	0.386125028133392	0.660483	3.6073751449585
0.676804	0.385625004768372	0.683062	3.60975027084351
0.699387	0.385750025510788	0.705619	3.60975027084351
0.721935	0.385875016450882	0.728185	3.60950016975403
0.744505	0.387125015258789	0.750742	3.60875010490417
0.767065	0.386125028133392	0.773303	3.6071252822876
0.789629	0.38525003194809	0.795856	3.60750007629395
0.812195	0.387250006198883	0.818428	3.6071252822876
0.834749	0.385625004768372	0.840981	3.60762524604797
0.857302	0.385875016450882	0.863536	3.60962510108948
0.879856	0.386875003576279	0.886089	3.60962510108948
0.902436	0.385500013828278	0.908694	3.60950016975403
0.925006	0.385500013828278	0.931239	3.60875010490417
0.947558	0.385000020265579	0.953791	3.6073751449585
0.970116	0.385625004768372	0.976349	3.60662508010864
0.992684	0.385625004768372	0.998921	3.60725021362305
1.01524	0.386000007390976	1.021478	3.60812520980835
1.037802	0.386875003576279	1.044034	3.60875010490417
1.060358	0.385375022888184	1.06659	3.60612511634827
1.082909	0.384125024080276	1.089147	3.60450005531311
1.105466	0.334875017404556	1.111704	3.5998752117157
1.128021	0.280000001192093	1.134254	3.58487510681152
1.150578	0.226250007748604	1.15681	3.55862522125244
1.173131	0.184375002980232	1.179368	3.51987504959106
1.195687	0.145500004291534	1.201924	3.47262525558472
1.218253	0.115000002086163	1.224485	3.41625022888184
1.24081	0.0876250043511391	1.247043	3.35725021362305
1.263381	0.0601250045001507	1.269625	3.29337525367737
1.285946	0.0367499999701977	1.292194	3.23075008392334
1.308515	0.0108750006183982	1.314747	3.17437505722046
1.331072	-0.000125000005937181	1.337306	3.11975026130676
1.353629	0.000375000003259629	1.359861	3.07400012016296
1.376182	0.000625000044237822	1.382419	3.03225016593933
1.398744	0.00312500004656613	1.404978	2.99587512016296
1.421299	0.00275000021792948	1.427531	2.96150016784668
1.443852	-0.000375000003259629	1.450084	2.93125009536743
1.466406	-0.000625000044237822	1.472638	2.90212512016296
1.488963	-0.000750000006519258	1.495196	2.87925004959106
1.511535	-0.000375000003259629	1.517768	2.85637521743774
1.534087	-0.000125000005937181	1.540325	2.83900022506714
1.556645	0.000625000044237822	1.562878	2.82237505912781
1.579203	0.00537500018253922	1.585435	2.80800008773804
1.60176	0.002125000115484	1.607993	2.79362511634827
1.624311	-0.000125000005937181	1.630549	2.78025007247925
1.646867	-0.000500000023748726	1.6531	2.76787519454956
1.669424	-0.000750000006519258	1.675656	2.75762510299683
1.691982	0.00112500006798655	1.698216	2.7488751411438
1.714526	0.000375000003259629	1.720759	2.74200010299683
1.73708	0.00137500010896474	1.743312	2.73587512969971
1.759633	0.00287500023841858	1.765871	2.72950005531311
1.782193	0.00187500007450581	1.788426	2.72287511825562
1.804744	0.00100000004749745	1.810981	2.71737504005432
1.827302	-0.000125000005937181	1.833536	2.71175003051758
1.849865	-0.000750000006519258	1.856098	2.70650005340576
1.872417	0.000375000003259629	1.878669	2.70262503623962
1.895015	0.000250000011874363	1.901254	2.70050001144409
1.91757	0.0020000000949949	1.923854	2.69912505149841
1.940194	0.00287500023841858	1.946426	2.6956250667572
1.962747	0.000250000011874363	1.968985	2.69250011444092
1.985305	0.000625000044237822	1.991543	2.68875002861023
2.007862	-0.00125000008847564	2.014095	2.6863751411438
2.030425	0.000375000003259629	2.036659	2.68337512016296
2.05298	-0.00137500010896474	2.059217	2.68312501907349
2.075539	0.000375000003259629	2.081776	2.68225002288818
2.098096	0.00387500016950071	2.104329	2.68212509155273
2.120653	0.00187500007450581	2.126885	2.67962503433228
2.143205	0.000250000011874363	2.149443	2.6780002117157
2.165764	0	2.172001	2.67550015449524
2.188319	-0.000375000003259629	2.194552	2.67425012588501
2.210879	0	2.217111	2.67187523841858
2.233449	0.000500000023748726	2.239686	2.67275023460388
2.256005	0.00112500006798655	2.262256	2.67262506484985
2.278583	0.00312500004656613	2.284816	2.6725001335144
2.30114	0.00587500026449561	2.307373	2.67100024223328
2.323693	0.000250000011874363	2.329931	2.67062520980835
2.346251	-0.000750000006519258	2.352483	2.67112517356873
2.368807	-0.00112500006798655	2.37504	2.67387509346008
2.391361	-0.000500000023748726	2.397595	2.67862510681152
2.413938	0.000375000003259629	2.42017	2.68462514877319
2.436497	0.00125000008847564	2.442735	2.69100022315979
2.459061	0.002125000115484	2.465293	2.69575023651123
2.481615	0.000750000006519258	2.487849	2.69875001907349
2.504161	0	2.510394	2.70075011253357
2.526712	-0.00112500006798655	2.532953	2.7011251449585
2.549277	0.000375000003259629	2.555509	2.70150017738342
2.571849	0.000125000005937181	2.578082	2.70175004005432
2.594401	-0.000125000005937181	2.600633	2.70237517356873
2.616954	0.00312500004656613	2.623187	2.70212507247925
2.639502	0.00262500019744039	2.645734	2.70037508010864
2.662059	0.000750000006519258	2.668292	2.69837522506714
2.684611	0.000125000005937181	2.690848	2.69462513923645
2.707167	0.000625000044237822	2.713399	2.69200015068054
2.729726	0.000250000011874363	2.735958	2.68950009346008
2.752288	-0.000125000005937181	2.758521	2.68900012969971
2.774847	0.00100000004749745	2.781085	2.68975019454956
2.797396	0.00312500004656613	2.803629	2.69087505340576
2.819955	0.0020000000949949	2.826187	2.69087505340576
2.842507	0.00112500006798655	2.848745	2.69137501716614
2.865064	-0.000250000011874363	2.871301	2.69112515449524
2.887626	0.000250000011874363	2.893879	2.69250011444092
2.910203	0	2.916431	2.694500207901
2.932758	-0.000250000011874363	2.938996	2.69625020027161
2.955316	0.000375000003259629	2.961553	2.69887518882751
2.977875	0.00325000006705523	2.984108	2.70050001144409
3.000432	0.00100000004749745	3.006664	2.70100021362305
3.022984	0.000250000011874363	3.029221	2.70062518119812
3.04554	-0.000625000044237822	3.051777	2.7011251449585
3.068103	0.00275000021792948	3.074336	2.70350003242493
3.090661	-0.000125000005937181	3.096894	2.7083752155304
3.113215	-0.000125000005937181	3.119453	2.71437501907349
3.135773	0.00100000004749745	3.14201	2.72025012969971
3.158329	0.00262500019744039	3.164562	2.7251250743866
3.180887	0.00337500008754432	3.187121	2.72825002670288
3.203448	0.000125000005937181	3.209685	2.73100018501282
3.226004	-0.000375000003259629	3.232236	2.73287510871887
3.248569	-0.00300000002607703	3.254801	2.7341251373291
3.271161	0.00350000010803342	3.277395	2.73662519454956
3.293742	0.000250000011874363	3.29998	2.73925018310547
3.316301	0.00462500005960464	3.322533	2.74037504196167
3.338858	0.00287500023841858	3.34509	2.7407500743866
3.361415	-0.000125000005937181	3.367648	2.74125003814697
3.383945	-0.000250000011874363	3.390182	2.74062514305115
3.406502	-0.00112500006798655	3.412734	2.74087524414062
3.429054	-0.0020000000949949	3.435288	2.74125003814697
3.451614	0.00275000021792948	3.457847	2.74287509918213
3.474174	0.000250000011874363	3.480406	2.74200010299683
3.496726	0.00250000017695129	3.502959	2.75225019454956
3.519281	0.002125000115484	3.525514	2.75287508964539
3.541834	-0.000250000011874363	3.548063	2.75350022315979
3.564383	0.000375000003259629	3.570616	2.75262522697449
3.586935	0.00150000001303852	3.593169	2.75225019454956
3.609507	0.000250000011874363	3.615739	2.75287508964539
3.632059	0.00125000008847564	3.638292	2.75312519073486
3.654614	0.002125000115484	3.660851	2.75437521934509
3.67717	0.00450000027194619	3.683403	2.75450015068054
3.699728	0.00337500008754432	3.70596	2.75325012207031
3.722286	0.00462500005960464	3.728519	2.75100016593933
3.744838	0.00175000005401671	3.751076	2.74812507629395
3.767398	0.00162500003352761	3.773631	2.74550008773804
3.789969	0.00387500016950071	3.7962	2.74412512779236
3.812519	0.00262500019744039	3.818752	2.74425005912781
3.835063	0.00400000018998981	3.841301	2.74450016021729
3.857626	0.006375000346452	3.863859	2.74450016021729
3.880183	0.00625000009313226	3.886415	2.74400019645691
3.902766	0.004250000230968	3.909	2.7425000667572
3.925339	0.004250000230968	3.931578	2.74125003814697
3.94791	0.00812500063329935	3.954144	2.7416250705719
3.970469	0.00587500026449561	3.976702	2.74212503433228
3.993024	0.00475000031292439	3.999262	2.74412512779236
4.015582	0.00775000033900142	4.02182	2.74562501907349
4.038143	0.0087500000372529	4.044376	2.74625015258789
4.060701	0.00700000021606684	4.066933	2.74612522125244
4.083273	0.00737500051036477	4.08951	2.74587512016296
4.10583	0.00675000017508864	4.112068	2.74600005149841
4.128395	0.00787500012665987	4.134628	2.74812507629395
4.150965	0.00662500038743019	4.157198	2.7488751411438
4.173532	0.00812500063329935	4.17977	2.75200009346008
4.19609	0.0106250001117587	4.202322	2.75412511825562
4.218641	0.0107500003650784	4.224874	2.75575017929077
4.241199	0.00812500063329935	4.247431	2.75675010681152
4.263779	0.00887500029057264	4.270031	2.75762510299683
4.28636	0.0087500000372529	4.292594	2.75912523269653
4.308919	0.0101250000298023	4.315152	2.76150012016296
4.331477	0.00987500045448542	4.337711	2.76562523841858
4.35403	0.0102500002831221	4.360268	2.77025008201599
4.376587	0.0133750010281801	4.382819	2.7737500667572
4.399143	0.0155000006780028	4.405375	2.77700018882751
4.421699	0.0105000007897615	4.427931	2.78025007247925
4.444251	0.0101250000298023	4.450489	2.78262519836426
4.466815	0.0100000007078052	4.473063	2.78700017929077
4.489386	0.0117500005289912	4.495618	2.79325008392334
4.511938	0.0120000001043081	4.5182	2.80200004577637
4.53452	0.0138750011101365	4.540753	2.81275010108948
4.557074	0.0155000006780028	4.563306	2.82525014877319
4.579617	0.013625000603497	4.585844	2.83587503433228
4.60219	0.0128750009462237	4.608423	2.84762501716614
4.624741	0.0100000007078052	4.630978	2.85850024223328
4.647313	0.0133750010281801	4.653546	2.86975002288818
4.669865	0.013625000603497	4.676097	2.88062524795532
4.692418	0.0147500010207295	4.698672	2.89100003242493
4.714988	0.0160000007599592	4.72122	2.8996250629425
4.737539	0.0163750015199184	4.743771	2.90575003623962
4.760097	0.0143750002607703	4.766334	2.90987515449524
4.782668	0.0150000005960464	4.788905	2.9126250743866
4.805224	0.0183749999850988	4.811462	2.91562509536743
4.827796	0.0150000005960464	4.834029	2.91962504386902
4.850366	0.0137500008568168	4.856599	2.92425012588501
4.872913	0.0153750004246831	4.879146	2.93075013160706
4.895494	0.017875000834465	4.901729	2.93625020980835
4.918052	0.0176250003278255	4.92428	2.9427502155304
4.940612	0.016499999910593	4.946845	2.94862508773804
4.963179	0.016499999910593	4.969416	2.95525002479553
4.985737	0.017000000923872	4.991975	2.96112513542175
5.008292	0.0162500012665987	5.014525	2.97000002861023
5.030849	0.0177500005811453	5.037082	2.97862505912781
5.053443	0.0196250006556511	5.059681	2.98925018310547
5.076001	0.0201250016689301	5.082233	2.99850010871887
5.098569	0.0182500015944242	5.104802	3.0072500705719
5.121125	0.0177500005811453	5.127358	3.01375007629395
5.143678	0.0172500014305115	5.149916	3.0217502117157
5.166235	0.0168750006705523	5.172468	3.02787518501282
5.188792	0.0185000002384186	5.195025	3.03637504577637
5.211348	0.0163750015199184	5.217581	3.04512524604797
5.233922	0.0215000007301569	5.240159	3.05237507820129
5.256482	0.0222500003874302	5.262733	3.05912518501282
5.279064	0.0197500009089708	5.285297	3.06387519836426
5.301625	0.0198750011622906	5.307858	3.06712508201599
5.324177	0.0195000004023314	5.330415	3.07125020027161
5.346733	0.0185000002384186	5.352966	3.07562518119812
5.369292	0.0202500000596046	5.375524	3.07987523078918
5.391848	0.0198750011622906	5.39808	3.08525013923645
5.414399	0.0227500014007092	5.420636	3.08887505531311
5.436959	0.0226250011473894	5.443192	3.09200024604797
5.459515	0.0202500000596046	5.465748	3.09375023841858
5.48207	0.0211250018328428	5.488304	3.09487509727478
5.504623	0.0200000014156103	5.51086	3.09562516212463
5.527179	0.0212500002235174	5.533435	3.09787511825562
5.549759	0.0225000008940697	5.555991	3.09950017929077
5.57231	0.0205000005662441	5.578543	3.10237503051758
5.594861	0.0247500017285347	5.601098	3.10362505912781
5.61742	0.0243750009685755	5.623658	3.10487508773804
5.639978	0.0228750016540289	5.646211	3.10500025749207
5.662539	0.0216250009834766	5.668776	3.10387516021729
5.685096	0.0220000017434359	5.69133	3.10412526130676
5.707651	0.0227500014007092	5.713884	3.10450005531311
5.730201	0.0228750016540289	5.73645	3.10600018501282
5.752779	0.0253750011324883	5.759012	3.10750007629395
5.775351	0.0252500008791685	5.781589	3.10787510871887
5.797909	0.0231250002980232	5.804147	3.10750007629395
5.820472	0.0237500015646219	5.826704	3.10587525367737
5.843024	0.0225000008940697	5.849263	3.10525012016296
5.865581	0.0226250011473894	5.871819	3.10437512397766
5.888137	0.0236250013113022	5.894389	3.10450005531311
5.910714	0.0243750009685755	5.916942	3.10650014877319
5.93328	0.0271250009536743	5.939518	3.10675024986267
5.95585	0.0300000011920929	5.962088	3.10700011253357
5.978407	0.0252500008791685	5.984639	3.10662508010864
6.000962	0.024625001475215	6.007195	3.10500025749207
6.023515	0.0248750019818544	6.029753	3.10487508773804
6.046071	0.0243750009685755	6.052305	3.10437512397766
6.068624	0.0258750021457672	6.074856	3.10475015640259
6.091179	0.0253750011324883	6.097412	3.10725021362305
6.11374	0.0282500013709068	6.119977	3.10762524604797
6.136296	0.027750002220273	6.142529	3.10850024223328
6.158866	0.025500001385808	6.165098	3.10812520980835
6.181421	0.0265000015497208	6.187654	3.10687518119812
6.203945	0.0251250006258488	6.210183	3.10662508010864
6.226502	0.0266250018030405	6.232734	3.10725021362305
6.249058	0.0262500010430813	6.25529	3.10812520980835
6.27164	0.0278750006109476	6.277873	3.11075019836426
6.294195	0.0300000011920929	6.300432	3.11162519454956
6.316752	0.0275000017136335	6.322985	3.11212515830994
6.339311	0.0276250019669533	6.345543	3.11200022697449
6.361882	0.0270000007003546	6.368115	3.11112523078918
6.384435	0.0291250012814999	6.390672	3.11100006103516
6.406993	0.0275000017136335	6.413247	3.11312508583069
6.429571	0.0290000010281801	6.435804	3.11600017547607
6.452129	0.0297500006854534	6.458361	3.11775016784668
6.474681	0.0308750011026859	6.480918	3.11875009536743
6.497237	0.0295000020414591	6.50347	3.11887526512146
6.519794	0.0295000020414591	6.526026	3.11700010299683
6.542347	0.0282500013709068	6.54858	3.1155002117157
6.5649	0.0278750006109476	6.571137	3.11412525177002
6.587457	0.0285000018775463	6.593689	3.11400008201599
6.610013	0.0286250021308661	6.616246	3.11500024795532
6.632577	0.03125	6.638816	3.11525011062622
6.655134	0.03125	6.661371	3.11587524414062
6.677704	0.0293750017881393	6.683937	3.11562514305115
6.700261	0.0291250012814999	6.706493	3.11387515068054
6.722817	0.0286250021308661	6.729055	3.11425018310547
6.745375	0.0297500006854534	6.751608	3.11437511444092
6.767932	0.0301250014454126	6.774165	3.11625003814697
6.790489	0.0302500016987324	6.796716	3.11962509155273
6.813058	0.0322500020265579	6.819291	3.12125015258789
6.835603	0.03125	6.841835	3.12362504005432
6.858155	0.0308750011026859	6.864387	3.12412524223328
6.880712	0.03125	6.886945	3.12412524223328
6.903296	0.0308750011026859	6.909529	3.12587523460388
6.925852	0.0311250016093254	6.93209	3.12725019454956
6.948413	0.0308750011026859	6.95464	3.13012504577637
6.970968	0.0336250029504299	6.977201	3.13325023651123
6.993536	0.0343750007450581	6.999774	3.13600015640259
7.016093	0.0316250026226044	7.022326	3.13825011253357
7.038637	0.0341250002384186	7.044875	3.13812518119812
7.061199	0.0306250005960464	7.067433	3.13925004005432
7.083769	0.0308750011026859	7.090007	3.1403751373291
7.106326	0.0318750031292439	7.112578	3.14200019836426
7.128905	0.0316250026226044	7.135137	3.14475011825562
7.151461	0.0333750024437904	7.157702	3.14600014686584
7.17402	0.0338750034570694	7.180257	3.14775013923645
7.196575	0.0329999998211861	7.202808	3.1478750705719
7.219133	0.032625000923872	7.225365	3.14550018310547
7.241702	0.031750001013279	7.247935	3.14537525177002
7.264271	0.0311250016093254	7.270516	3.14400005340576
7.286842	0.0323750004172325	7.293075	3.14362525939941
7.309399	0.0332500003278255	7.315632	3.14462518692017
7.331958	0.0365000031888485	7.338194	3.14400005340576
7.354514	0.035375002771616	7.360747	3.14337515830994
7.377066	0.0333750024437904	7.383298	3.14162516593933
7.399623	0.0327500030398369	7.405855	3.14087510108948
7.422192	0.0338750034570694	7.428425	3.1403751373291
7.444745	0.037625003606081	7.450982	3.14337515830994
7.46731	0.0337500013411045	7.473543	3.14900016784668
7.489868	0.0332500003278255	7.4961	3.15800023078918
7.512421	0.0352500006556511	7.518679	3.16762518882751
7.534999	0.0372500009834766	7.541236	3.17787504196167
7.557556	0.0365000031888485	7.563789	3.18750023841858
7.580114	0.0327500030398369	7.586347	3.19637513160706
7.602669	0.0337500013411045	7.608907	3.20600008964539
7.625226	0.0342500023543835	7.631464	3.21587514877319
7.647796	0.0338750034570694	7.654029	3.22587513923645
7.670353	0.0365000031888485	7.676586	3.23562526702881
7.692906	0.0367499999701977	7.699143	3.24450016021729
7.715463	0.034875001758337	7.7217	3.25137519836426
7.73802	0.0347500033676624	7.744253	3.2561252117157
7.760578	0.0342500023543835	7.766811	3.26137518882751
7.783157	0.0347500033676624	7.78939	3.26525020599365
7.80571	0.0356250032782555	7.811942	3.27075004577637
7.82828	0.0356250032782555	7.834512	3.27662515640259
7.850835	0.0386250019073486	7.857068	3.2807502746582
7.873393	0.0373750030994415	7.879625	3.28512525558472
7.895979	0.0363750010728836	7.902213	3.28787517547607
7.918533	0.0360000021755695	7.924772	3.28925013542175
7.941119	0.0355000011622906	7.947351	3.29150009155273
7.963671	0.036250002682209	7.969909	3.29287505149841
7.986231	0.0358750000596046	7.99247	3.29562520980835
8.008797	0.0365000031888485	8.01503	3.30000019073486
8.031355	0.0382500030100346	8.037587	3.30275011062622
8.053931	0.0361250005662441	8.060169	3.3050000667572
8.076478	0.0372500009834766	8.082716	3.30662512779236
8.09904	0.0383750014007092	8.105272	3.30700016021729
8.121599	0.036250002682209	8.127832	3.30787515640259
8.144162	0.0381250008940697	8.1504	3.30937504768372
8.166719	0.036250002682209	8.172957	3.31187510490417
8.189281	0.037125002592802	8.195514	3.31487512588501
8.211831	0.0388750024139881	8.218082	3.31725025177002
8.2344	0.0381250008940697	8.240638	3.3188750743866
8.256955	0.0372500009834766	8.263205	3.31900024414062
8.279535	0.0358750000596046	8.285767	3.319500207901
8.302092	0.0367499999701977	8.30833	3.32012510299683
8.32467	0.0372500009834766	8.330907	3.3215000629425
8.347226	0.0380000025033951	8.35346	3.32362508773804
8.369786	0.0391250029206276	8.376019	3.3261251449585
8.392338	0.0395000018179417	8.398571	3.3276252746582
8.41489	0.0377500019967556	8.421127	3.3287501335144
8.437446	0.0378750003874302	8.443679	3.32862520217896
8.460003	0.0372500009834766	8.466236	3.32837510108948
8.48257	0.0375000014901161	8.488808	3.32825016975403
8.505128	0.0347500033676624	8.511365	3.32950019836426
8.527706	0.0386250019073486	8.533939	3.33187508583069
8.550258	0.0401250012218952	8.556491	3.33362507820129
8.572811	0.0395000018179417	8.579049	3.335125207901
8.595368	0.038500003516674	8.601606	3.33562517166138
8.617925	0.0391250029206276	8.624157	3.3342502117157
8.640482	0.0380000025033951	8.646714	3.3345000743866
8.663063	0.0387500002980232	8.6693	3.33475017547607
8.685622	0.0386250019073486	8.691859	3.33562517166138
8.708191	0.0393750034272671	8.714423	3.33812522888184
8.730742	0.0402500033378601	8.736975	3.33950018882751
8.753294	0.0406250022351742	8.759532	3.34087514877319
8.775854	0.0390000008046627	8.782091	3.34137511253357
8.798411	0.0391250029206276	8.804643	3.34087514877319
8.820967	0.0393750034272671	8.8272	3.34062504768372
8.843538	0.0395000018179417	8.849775	3.34150004386902
8.866094	0.0402500033378601	8.872327	3.34375023841858
8.888675	0.0403750017285347	8.894932	3.34562516212463
8.911258	0.0418750010430813	8.917485	3.34800004959106
8.933864	0.0407500006258488	8.940104	3.34862518310547
8.956418	0.0407500006258488	8.962666	3.34825015068054
8.979017	0.0406250022351742	8.985257	3.34925007820129
9.001593	0.0398750007152557	9.007833	3.34962511062622
9.02417	0.0401250012218952	9.030409	3.35112524032593
9.046755	0.0397500023245811	9.052988	3.35375022888184
9.069313	0.0413750037550926	9.075545	3.35587525367737
9.091873	0.0425000004470348	9.098106	3.35812520980835
9.114416	0.0436250008642673	9.120654	3.35962510108948
9.136974	0.0398750007152557	9.143207	3.35975027084351
9.159532	0.0402500033378601	9.165764	3.36037516593933
9.182088	0.0405000001192093	9.188321	3.36137509346008
9.204639	0.0412500016391277	9.210876	3.36300015449524
9.227197	0.0417500026524067	9.233447	3.36650013923645
9.249772	0.0421250015497208	9.256004	3.36850023269653
9.272348	0.0423750020563602	9.278582	3.37100005149841
9.294903	0.0431250035762787	9.301141	3.37225008010864
9.317463	0.0412500016391277	9.323695	3.37225008010864
9.340019	0.0406250022351742	9.346252	3.3736252784729
9.362594	0.0416250005364418	9.368831	3.37437510490417
9.385153	0.0413750037550926	9.39139	3.37737512588501
9.407716	0.0416250005364418	9.413949	3.37987518310547
9.430289	0.0438750013709068	9.436521	3.382000207901
9.452864	0.0433750003576279	9.459102	3.38412523269653
9.475423	0.0422500036656857	9.48166	3.38487505912781
9.497995	0.0405000001192093	9.504228	3.38550019264221
9.520554	0.0450000017881393	9.526786	3.38600015640259
9.543106	0.0422500036656857	9.549343	3.38750004768372
9.565662	0.0420000031590462	9.5719	3.38937520980835
9.58822	0.0432500019669533	9.594453	3.39250016212463
9.610777	0.0450000017881393	9.61701	3.3958752155304
9.633338	0.0430000014603138	9.639576	3.39687514305115
9.655895	0.0420000031590462	9.662133	3.39712524414062
9.678479	0.0420000031590462	9.684711	3.39712524414062
9.701036	0.0416250005364418	9.707269	3.39750027656555
9.723589	0.0433750003576279	9.729827	3.39912509918213
9.746147	0.0428750030696392	9.752379	3.40162515640259
9.768706	0.0437500029802322	9.774939	3.40412521362305
9.791263	0.0442500002682209	9.797496	3.4060001373291
9.813822	0.0436250008642673	9.82006	3.40737509727478
9.836394	0.0436250008642673	9.842627	3.40725016593933
9.858947	0.0426250025629997	9.86518	3.40700006484985
9.881505	0.0421250015497208	9.887738	3.40800023078918
9.904074	0.0430000014603138	9.910307	3.41000008583069
9.92664	0.0430000014603138	9.932889	3.41200017929077
9.949217	0.0451250039041042	9.955449	3.41462516784668
9.971774	0.0445000007748604	9.978006	3.41575026512146
9.994326	0.0431250035762787	10.000559	3.41575026512146
10.016882	0.0412500016391277	10.023115	3.41537523269653
10.039436	0.0431250035762787	10.045669	3.41550016403198
10.061997	0.0430000014603138	10.06823	3.41650009155273
10.08456	0.0440000034868717	10.090794	3.41837525367737
10.107115	0.0441250018775463	10.113348	3.42025017738342
10.129668	0.0456250011920929	10.135901	3.42225027084351
10.15222	0.0460000038146973	10.158448	3.42275023460388
10.174774	0.0438750013709068	10.181012	3.4225001335144
10.19733	0.0442500002682209	10.203562	3.42262506484985
10.219887	0.0433750003576279	10.226119	3.42262506484985
10.242438	0.0441250018775463	10.248675	3.42337512969971
10.265013	0.0437500029802322	10.271264	3.42475008964539
10.287595	0.0443750023841858	10.293828	3.42662525177002
10.310153	0.0460000038146973	10.316386	3.42875027656555
10.332705	0.0443750023841858	10.338942	3.4291250705719
10.355267	0.0443750023841858	10.361505	3.42837524414062
10.377842	0.0431250035762787	10.384075	3.42812514305115
10.400396	0.0436250008642673	10.406628	3.42812514305115
10.422959	0.0445000007748604	10.429196	3.428875207901
10.445516	0.0446250028908253	10.451755	3.43100023269653
10.468082	0.0456250011920929	10.474315	3.43262505531311
10.49064	0.0453750006854534	10.496872	3.43337512016296
10.513192	0.0452500022947788	10.51943	3.43275022506714
10.535748	0.0437500029802322	10.541985	3.43287515640259
10.558307	0.0437500029802322	10.564539	3.43237519264221
10.580875	0.0448750033974648	10.587108	3.43275022506714
10.60345	0.0450000017881393	10.609688	3.43325018882751
10.626007	0.0445000007748604	10.632239	3.43512511253357
10.648569	0.0467500016093254	10.654801	3.43750023841858
10.671126	0.0455000028014183	10.677359	3.43787527084351
10.693679	0.0448750033974648	10.699916	3.43675017356873
10.716236	0.0455000028014183	10.722474	3.43675017356873
10.738812	0.0446250028908253	10.745045	3.43625020980835
10.76137	0.0452500022947788	10.767608	3.43675017356873
10.783935	0.0458750016987324	10.790172	3.43825006484985
10.806491	0.0438750013709068	10.812724	3.43987512588501
10.829049	0.0461250022053719	10.835281	3.44087505340576
10.851606	0.0465000011026859	10.857839	3.44175004959106
10.874148	0.0458750016987324	10.880381	3.44062519073486
10.896739	0.0462500005960464	10.902987	3.44050025939941
10.919311	0.0455000028014183	10.925539	3.43987512588501
10.941866	0.0446250028908253	10.9481	3.44087505340576
10.964423	0.0457500033080578	10.97066	3.4427502155304
10.986979	0.0461250022053719	10.993212	3.44400024414062
11.009538	0.0468750037252903	11.01577	3.44550013542175
11.032096	0.049125000834465	11.038328	3.4456250667572
11.054646	0.0461250022053719	11.060884	3.4447500705719
11.077203	0.0468750037252903	11.083446	3.44462513923645
11.099768	0.0463750027120113	11.106002	3.44437527656555
11.122326	0.0466250032186508	11.128568	3.4453752040863
11.144891	0.0460000038146973	11.151128	3.44675016403198
11.167447	0.0475000031292439	11.173681	3.44837522506714
11.190004	0.0485000014305115	11.196232	3.44975018501282
11.212586	0.0468750037252903	11.21882	3.44962525367737
11.23514	0.0468750037252903	11.241379	3.44887518882751
11.257708	0.0456250011920929	11.263959	3.44862508773804
11.280306	0.0463750027120113	11.286539	3.44900012016296
11.30287	0.0466250032186508	11.309108	3.45025014877319
11.325429	0.0463750027120113	11.331667	3.4520001411438
11.347996	0.0500000007450581	11.354229	3.4537501335144
11.370553	0.051875002682209	11.376785	3.45462512969971
11.393104	0.048750001937151	11.399342	3.45412516593933
11.415661	0.0466250032186508	11.421898	3.45350027084351
11.438218	0.0456250011920929	11.444451	3.45362520217896
11.460805	0.0465000011026859	11.467037	3.45350027084351
11.483359	0.0460000038146973	11.489597	3.45600008964539
11.50592	0.0467500016093254	11.512152	3.45700025558472
11.52848	0.0490000024437904	11.534712	3.45850014686584
11.551037	0.047375001013279	11.557269	3.45975017547607
11.573589	0.0438750013709068	11.579826	3.45912528038025
11.596145	0.0467500016093254	11.602379	3.4583752155304
11.618703	0.0466250032186508	11.624935	3.45812511444092
11.641263	0.0467500016093254	11.647496	3.45912528038025
11.663825	0.047375001013279	11.670058	3.46075010299683
11.686378	0.048250000923872	11.692612	3.4621250629425
11.708936	0.0483750030398369	11.715168	3.46400022506714
11.731493	0.0470000021159649	11.737726	3.46437525749207
11.754045	0.0481250025331974	11.760282	3.46412515640259
11.776604	0.0465000011026859	11.782836	3.46325016021729
11.79916	0.0458750016987324	11.805393	3.46375012397766
11.821718	0.0477500036358833	11.827951	3.46475005149841
11.844284	0.0468750037252903	11.850521	3.46600008010864
11.866842	0.048750001937151	11.873074	3.46812510490417
11.889398	0.0486250035464764	11.895656	3.46900010108948
11.911982	0.0480000004172325	11.918212	3.46962523460388
11.934553	0.0468750037252903	11.940791	3.46900010108948
11.957111	0.0462500005960464	11.963344	3.4682502746582
11.97967	0.0475000031292439	11.985903	3.46875023841858
12.002223	0.0476250015199184	12.008477	3.47050023078918
12.024803	0.047375001013279	12.03104	3.47175025939941
12.04736	0.0495000034570694	12.053593	3.47325015068054
12.069919	0.0486250035464764	12.076152	3.47462511062622
12.092471	0.0478750020265579	12.098709	3.47412514686584
12.115029	0.0481250025331974	12.121266	3.47362518310547
12.137585	0.0476250015199184	12.143823	3.47325015068054
12.16014	0.0480000004172325	12.166372	3.47362518310547
12.182693	0.0477500036358833	12.188931	3.4751250743866
12.20525	0.0492500029504299	12.211488	3.47712516784668
12.227812	0.0498750023543835	12.234045	3.47887516021729
12.250369	0.0490000024437904	12.256602	3.47987508773804
12.272967	0.0476250015199184	12.279205	3.47887516021729
12.295527	0.0475000031292439	12.301761	3.47750020027161
12.318083	0.0478750020265579	12.324316	3.4777500629425
12.340633	0.0486250035464764	12.346865	3.47925019264221
12.363185	0.0465000011026859	12.369423	3.48012518882751
12.385741	0.0490000024437904	12.391981	3.48187518119812
12.408317	0.0502500012516975	12.41455	3.48287510871887
12.43087	0.048250000923872	12.437103	3.4830002784729
12.453441	0.0480000004172325	12.459678	3.48275017738342
12.475998	0.0478750020265579	12.48223	3.4823751449585
12.498568	0.0476250015199184	12.504801	3.4821252822876
12.521126	0.0481250025331974	12.527358	3.48362517356873
12.543679	0.0483750030398369	12.549916	3.4850001335144
12.566236	0.0501250028610229	12.572468	3.48687505722046
12.588792	0.0511250011622906	12.595024	3.48775005340576
12.611362	0.0481250025331974	12.617594	3.48725008964539
12.633935	0.0486250035464764	12.640168	3.48675012588501
12.656488	0.0476250015199184	12.662721	3.48600006103516
12.679045	0.0480000004172325	12.685278	3.48612523078918
12.701602	0.0486250035464764	12.707835	3.48800015449524
12.724155	0.0488750040531158	12.730393	3.48912525177002
12.746711	0.0512500032782555	12.752956	3.49087524414062
12.769284	0.0493750013411045	12.775516	3.49175024032593
12.791855	0.048750001937151	12.798087	3.49125027656555
12.814407	0.048250000923872	12.82064	3.4905002117157
12.83696	0.0486250035464764	12.843193	3.4896252155304
12.859517	0.0485000014305115	12.865749	3.49025011062622
12.882066	0.0483750030398369	12.888298	3.49175024032593
12.904634	0.0456250011920929	12.910867	3.49362516403198
12.927181	0.0515000037848949	12.93345	3.49462509155273
12.949775	0.0497500039637089	12.956008	3.49437522888184
12.972341	0.0490000024437904	12.978574	3.49437522888184
12.994907	0.049125000834465	13.001145	3.49350023269653
13.01747	0.0502500012516975	13.023703	3.4925000667572
13.04002	0.049125000834465	13.046253	3.49400019645691
13.062582	0.0498750023543835	13.06882	3.49525022506714
13.085139	0.0507500022649765	13.091376	3.49700021743774
13.107705	0.051000002771616	13.113938	3.4977502822876
13.130262	0.0501250028610229	13.136494	3.49787521362305
13.152819	0.0495000034570694	13.159056	3.49712514877319
13.175388	0.047375001013279	13.181625	3.49587512016296
13.197941	0.0511250011622906	13.204175	3.49600005149841
13.220501	0.049625001847744	13.226733	3.49725008010864
13.243062	0.0493750013411045	13.2493	3.49837517738342
13.265625	0.0508750006556511	13.271864	3.49987506866455
13.288192	0.0483750030398369	13.294425	3.50037527084351
13.31075	0.0498750023543835	13.316982	3.50025010108948
13.333308	0.0497500039637089	13.339542	3.4995002746582
13.355864	0.0486250035464764	13.362096	3.49850010871887
13.378417	0.048750001937151	13.384655	3.4986252784729
13.400979	0.0492500029504299	13.407212	3.49962520599365
13.423535	0.0493750013411045	13.429769	3.50137519836426
13.446082	0.0516250021755695	13.452314	3.50262522697449
13.468635	0.0511250011622906	13.474868	3.50287508964539
13.491201	0.0503750033676624	13.497434	3.50237512588501
13.513753	0.0493750013411045	13.519991	3.50150012969971
13.536312	0.0492500029504299	13.542571	3.50087523460388
13.558896	0.0506250038743019	13.565128	3.50137519836426
13.581452	0.0497500039637089	13.587702	3.50262522697449
13.604021	0.0508750006556511	13.610259	3.50475025177002
13.626578	0.0557500012218952	13.632811	3.5052502155304
13.649135	0.0507500022649765	13.655367	3.50512528419495
13.671692	0.0498750023543835	13.677925	3.50437521934509
13.694259	0.0492500029504299	13.700495	3.50312519073486
13.716815	0.0492500029504299	13.723057	3.50312519073486
13.739382	0.0500000007450581	13.745615	3.50425004959106
13.761939	0.0492500029504299	13.768195	3.50512528419495
13.784517	0.0540000014007092	13.790755	3.50662517547607
13.807072	0.0525000020861626	13.813305	3.50737524032593
13.829629	0.0508750006556511	13.835856	3.507000207901
13.852197	0.0511250011622906	13.858429	3.50650024414062
13.874762	0.0492500029504299	13.881	3.50475025177002
13.897369	0.049125000834465	13.903606	3.50537514686584
13.919945	0.0502500012516975	13.926179	3.50650024414062
13.942511	0.050500001758337	13.948748	3.50775027275085
13.965074	0.0508750006556511	13.971312	3.5090000629425
13.987632	0.0517500042915344	13.993865	3.51025009155273
14.01019	0.0512500032782555	14.016422	3.5090000629425
14.032741	0.0497500039637089	14.038979	3.5078752040863
14.055303	0.0481250025331974	14.061541	3.50737524032593
14.07786	0.0492500029504299	14.084093	3.50762510299683
14.100424	0.051000002771616	14.106656	3.50862526893616
14.122983	0.0508750006556511	14.129221	3.51050019264221
14.145541	0.052750002592802	14.151779	3.51162505149841
14.168111	0.0503750033676624	14.17435	3.51100015640259
14.190675	0.0512500032782555	14.196909	3.51137518882751
14.213248	0.0502500012516975	14.219486	3.50975012779236
14.235798	0.0498750023543835	14.242036	3.50962519645691
14.25836	0.0506250038743019	14.264611	3.50987505912781
14.280942	0.0506250038743019	14.287175	3.51125025749207
14.303501	0.051000002771616	14.309739	3.51262521743774
14.326063	0.0525000020861626	14.332296	3.51375007629395
14.348616	0.0507500022649765	14.354849	3.5136251449585
14.371172	0.051000002771616	14.377405	3.5136251449585
14.393735	0.0502500012516975	14.399968	3.51225018501282
14.416291	0.0497500039637089	14.422524	3.51150012016296
14.438845	0.0515000037848949	14.445079	3.51312518119812
14.461404	0.050500001758337	14.467636	3.51387524604797
14.483951	0.0522500015795231	14.490184	3.51500010490417
14.506505	0.0525000020861626	14.512738	3.51650023460388
14.529058	0.0503750033676624	14.53529	3.51587510108948
14.551619	0.050500001758337	14.557851	3.51562523841858
14.574171	0.0507500022649765	14.580409	3.51500010490417
14.596732	0.0502500012516975	14.602964	3.5145001411438
14.619289	0.0508750006556511	14.625521	3.51525020599365
14.641846	0.0520000010728836	14.64808	3.51762509346008
14.664399	0.0545000024139881	14.670637	3.51825022697449
14.686956	0.0531250014901161	14.693189	3.51900005340576
14.709514	0.0511250011622906	14.715746	3.51875019073486
14.732086	0.0500000007450581	14.738318	3.51725006103516
14.754638	0.0521250031888485	14.760876	3.51650023460388
14.777201	0.0551250018179417	14.783448	3.51700019836426
14.799773	0.0536250025033951	14.806006	3.51825022697449
14.822327	0.051000002771616	14.828567	3.51962518692017
14.844886	0.0535000041127205	14.851124	3.52112507820129
14.867442	0.0520000010728836	14.87367	3.52112507820129
14.889991	0.0516250021755695	14.896248	3.5208752155304
14.912584	0.0506250038743019	14.918817	3.52012515068054
14.935158	0.0506250038743019	14.941395	3.51925015449524
14.957709	0.051875002682209	14.963947	3.51962518692017
14.980272	0.0507500022649765	14.986505	3.52125024795532
15.002823	0.0517500042915344	15.009061	3.52312517166138
15.025381	0.0550000034272671	15.031618	3.52362513542175
15.047938	0.0550000034272671	15.054172	3.5235002040863
15.070495	0.0522500015795231	15.076727	3.52300024032593
15.093065	0.0492500029504299	15.099303	3.52212524414062
15.115613	0.0512500032782555	15.121851	3.5220000743866
15.138191	0.0511250011622906	15.144424	3.52250027656555
15.160747	0.051000002771616	15.16698	3.52412509918213
15.183299	0.0540000014007092	15.189536	3.52612519264221
15.205856	0.053250003606081	15.212093	3.52687525749207
15.228413	0.0513750016689301	15.234645	3.52687525749207
15.250965	0.0513750016689301	15.257199	3.52600026130676
15.273552	0.0502500012516975	15.27979	3.52537512779236
15.296112	0.0488750040531158	15.302344	3.52500009536743
15.318673	0.0513750016689301	15.324905	3.52625012397766
15.341231	0.0520000010728836	15.347463	3.52800011634827
15.363786	0.0546250008046627	15.370023	3.52875018119812
15.386343	0.053250003606081	15.392577	3.52875018119812
15.408901	0.0515000037848949	15.415134	3.52937507629395
15.431457	0.0515000037848949	15.437702	3.52800011634827
15.45403	0.050500001758337	15.460263	3.52787518501282
15.476586	0.0528750009834766	15.482819	3.52787518501282
15.49914	0.0513750016689301	15.505373	3.5292501449585
15.521697	0.0526250042021275	15.52793	3.53000020980835
15.544251	0.0542500019073486	15.550484	3.53200006484985
15.566804	0.0521250031888485	15.573057	3.5318751335144
15.589378	0.0512500032782555	15.59561	3.53137516975403
15.611928	0.0520000010728836	15.618186	3.5307502746582
15.634522	0.0507500022649765	15.640759	3.53062510490417
15.657078	0.0515000037848949	15.66331	3.53087520599365
15.679635	0.0517500042915344	15.685867	3.53200006484985
15.702192	0.0521250031888485	15.708425	3.53400015830994
15.724745	0.0535000041127205	15.730982	3.53512525558472
15.747314	0.0516250021755695	15.753549	3.53512525558472
15.769884	0.0512500032782555	15.776116	3.53462505340576
15.792447	0.0508750006556511	15.798684	3.53362512588501
15.815004	0.051875002682209	15.821242	3.53337526321411
15.837563	0.0508750006556511	15.843797	3.53400015830994
15.86012	0.0516250021755695	15.866352	3.53537511825562
15.882672	0.0545000024139881	15.888905	3.53712511062622
15.905242	0.0535000041127205	15.911476	3.53725028038025
15.927812	0.0515000037848949	15.934045	3.5376250743866
15.950373	0.0521250031888485	15.956606	3.53625011444092
15.972955	0.0521250031888485	15.979192	3.53575015068054
15.995512	0.051875002682209	16.001745	3.53600025177002
16.018152	0.0538750030100346	16.024419	3.5373752117157
16.040799	0.051875002682209	16.047064	3.53900027275085
16.063495	0.0528750009834766	16.069755	3.54000020027161
16.08608	0.0525000020861626	16.092343	3.5402500629425
16.108706	0.049625001847744	16.114944	3.53925013542175
16.131269	0.0508750006556511	16.137502	3.5391252040863
16.153823	0.0508750006556511	16.160061	3.53812527656555
16.176384	0.0515000037848949	16.182617	3.53875017166138
16.198942	0.0521250031888485	16.205175	3.54062509536743
16.22151	0.0537500008940697	16.227744	3.54150009155273
16.244064	0.054125003516674	16.250302	3.54200005531311
16.26664	0.0520000010728836	16.272886	3.54312515258789
16.289216	0.0526250042021275	16.295449	3.54225015640259
16.311773	0.054125003516674	16.318004	3.54112505912781
16.334331	0.0517500042915344	16.340569	3.54100012779236
16.356893	0.0517500042915344	16.363126	3.54162526130676
16.379451	0.051875002682209	16.385683	3.54337525367737
16.402006	0.0536250025033951	16.408239	3.5448751449585
16.42456	0.0542500019073486	16.430798	3.54537510871887
16.447118	0.052375003695488	16.45335	3.54525017738342
16.469675	0.0517500042915344	16.475907	3.54412508010864
16.492227	0.051875002682209	16.49848	3.54325008392334
16.514805	0.0521250031888485	16.521039	3.54337525367737
16.537362	0.0525000020861626	16.543595	3.54362511634827
16.559915	0.052375003695488	16.566148	3.54587507247925
16.582468	0.0540000014007092	16.588706	3.54700016975403
16.605029	0.0535000041127205	16.611262	3.54775023460388
16.627582	0.0528750009834766	16.63382	3.5466251373291
16.65014	0.0531250014901161	16.656372	3.54612517356873
16.672692	0.051875002682209	16.678925	3.5448751449585
16.695261	0.052375003695488	16.701498	3.54587507247925
16.717817	0.0526250042021275	16.72405	3.5475001335144
16.740375	0.0525000020861626	16.746607	3.54837512969971
16.762932	0.0533750019967556	16.76917	3.54912519454956
16.785492	0.0533750019967556	16.791729	3.54962515830994
16.808049	0.053250003606081	16.814282	3.54837512969971
16.830606	0.0521250031888485	16.836838	3.54762506484985
16.853159	0.0515000037848949	16.859396	3.54712510108948
16.875709	0.0522500015795231	16.881942	3.54775023460388
16.898316	0.0530000030994415	16.90455	3.54887509346008
16.920877	0.0533750019967556	16.927105	3.55025005340576
16.943451	0.0551250018179417	16.949688	3.55125021934509
16.966009	0.0528750009834766	16.972241	3.55150008201599
16.988567	0.0537500008940697	16.994801	3.55012512207031
17.011124	0.0522500015795231	17.017357	3.54950022697449
17.033676	0.0525000020861626	17.039913	3.54912519454956
17.056238	0.0525000020861626	17.062471	3.55012512207031
17.078794	0.0530000030994415	17.085026	3.55125021934509
17.101354	0.0542500019073486	17.107587	3.55275011062622
17.123934	0.0540000014007092	17.130171	3.5530002117157
17.14649	0.0525000020861626	17.152724	3.55287528038025
17.169049	0.0528750009834766	17.175281	3.55162525177002
17.191606	0.051000002771616	17.197834	3.55175018310547
17.214157	0.0526250042021275	17.220395	3.55037522315979
17.236715	0.0568750016391277	17.242954	3.55200028419495
17.259281	0.0533750019967556	17.265519	3.55337524414062
17.281847	0.0556250028312206	17.288081	3.55450010299683
17.304403	0.0530000030994415	17.31064	3.55512523651123
17.32696	0.052750002592802	17.333193	3.553875207901
17.349518	0.052750002592802	17.355746	3.55350017547607
17.372073	0.052375003695488	17.378311	3.5530002117157
17.394647	0.0546250008046627	17.400884	3.55250024795532
17.417205	0.0531250014901161	17.423443	3.55337524414062
17.43976	0.0535000041127205	17.445993	3.55525016784668
17.462314	0.0552500039339066	17.468546	3.55650019645691
17.484866	0.052375003695488	17.491103	3.55675005912781
17.507423	0.052750002592802	17.513656	3.5547502040863
17.52998	0.0522500015795231	17.536212	3.5547502040863
17.552532	0.0526250042021275	17.558769	3.55312514305115
17.575091	0.0528750009834766	17.581323	3.5541250705719
17.597643	0.0530000030994415	17.603875	3.5558750629425
17.620202	0.0547500029206276	17.626435	3.55700016021729
17.642754	0.0561250038444996	17.648987	3.55800008773804
17.665309	0.053250003606081	17.671542	3.55787515640259
17.687854	0.0528750009834766	17.694086	3.55712509155273
17.710406	0.0521250031888485	17.716638	3.55637526512146
17.732962	0.0533750019967556	17.739199	3.55575013160706
17.755519	0.0531250014901161	17.761756	3.55612516403198
17.778084	0.0531250014901161	17.784317	3.55750012397766
17.800642	0.055500004440546	17.806874	3.55887508392334
17.823194	0.0568750016391277	17.829432	3.55950021743774
17.84575	0.0540000014007092	17.851988	3.55912518501282
17.868307	0.0526250042021275	17.874539	3.55762505531311
17.890886	0.052375003695488	17.897138	3.55687522888184
17.913481	0.052750002592802	17.91972	3.55712509155273
17.936047	0.0530000030994415	17.942285	3.55762505531311
17.95861	0.0533750019967556	17.964844	3.55937528610229
17.98117	0.0548750013113022	17.987402	3.5605001449585
18.003736	0.053250003606081	18.009974	3.56087517738342
18.026293	0.0533750019967556	18.032526	3.56000018119812
18.048855	0.0531250014901161	18.055087	3.55900025367737
18.071425	0.0517500042915344	18.077658	3.55825018882751
18.093944	0.0522500015795231	18.100182	3.55850005149841
18.116503	0.0533750019967556	18.122736	3.55975008010864
18.139061	0.0540000014007092	18.145294	3.56125020980835
18.161618	0.055500004440546	18.167851	3.56212520599365
18.18417	0.055500004440546	18.190407	3.56162524223328
18.206726	0.0547500029206276	18.212959	3.56125020980835
18.229283	0.052750002592802	18.235516	3.56000018119812
18.251854	0.052750002592802	18.258087	3.55925011634827
18.274435	0.0528750009834766	18.280668	3.55950021743774
18.296995	0.0536250025033951	18.303248	3.56175017356873
18.319573	0.0546250008046627	18.325806	3.5622501373291
18.342125	0.0552500039339066	18.348358	3.5631251335144
18.364677	0.053250003606081	18.370915	3.56300020217896
18.387235	0.052750002592802	18.393462	3.56150007247925
18.409789	0.052750002592802	18.416022	3.56062507629395
18.432341	0.0525000020861626	18.438574	3.56000018119812
18.45491	0.0536250025033951	18.461147	3.56087517738342
18.477458	0.0528750009834766	18.483696	3.56237506866455
18.500023	0.0547500029206276	18.506257	3.56362509727478
18.522578	0.0547500029206276	18.528815	3.56387519836426
18.545136	0.0530000030994415	18.551373	3.56375026702881
18.567704	0.0537500008940697	18.573937	3.56237506866455
18.590259	0.0551250018179417	18.596492	3.5605001449585
18.612812	0.053250003606081	18.61905	3.56150007247925
18.635375	0.053250003606081	18.641613	3.56250023841858
18.657935	0.0533750019967556	18.664163	3.56350016593933
18.680485	0.0552500039339066	18.686712	3.56512522697449
18.703053	0.0542500019073486	18.709288	3.56525015830994
18.72561	0.0546250008046627	18.731842	3.56437516212463
18.748155	0.0522500015795231	18.754383	3.56337523460388
18.770711	0.052750002592802	18.776943	3.56250023841858
18.793266	0.054125003516674	18.799504	3.56275010108948
18.815823	0.0533750019967556	18.822055	3.56425023078918
18.838377	0.054125003516674	18.84461	3.56550025939941
18.860934	0.0567500032484531	18.867166	3.56575012207031
18.883487	0.053250003606081	18.889725	3.56587505340576
18.906065	0.052375003695488	18.912299	3.56500005722046
18.928612	0.0525000020861626	18.934849	3.56437516212463
18.951174	0.0531250014901161	18.957407	3.56300020217896
18.973745	0.0550000034272671	18.979983	3.56387519836426
18.996303	0.0517500042915344	19.002535	3.56500005722046
19.018865	0.0562500022351742	19.025097	3.56675028800964
19.041422	0.0556250028312206	19.047655	3.56687521934509
19.063947	0.0550000034272671	19.070185	3.56712508201599
19.086506	0.0536250025033951	19.092739	3.56512522697449
19.109063	0.0571250021457672	19.115295	3.56462526321411
19.131623	0.0530000030994415	19.137856	3.56437516212463
19.154175	0.0533750019967556	19.160407	3.56462526321411
19.176727	0.0535000041127205	19.18296	3.56675028800964
19.199285	0.0553750023245811	19.205517	3.56762528419495
19.221841	0.0537500008940697	19.22808	3.56825017929077
19.244399	0.0535000041127205	19.250636	3.5677502155304
19.266961	0.0575000010430813	19.273195	3.56625008583069
19.289522	0.0520000010728836	19.295755	3.56562519073486
19.312084	0.0536250025033951	19.318317	3.56562519073486
19.334637	0.0533750019967556	19.340874	3.56737518310547
19.357195	0.0546250008046627	19.363444	3.56762528419495
19.379769	0.0558750033378601	19.386001	3.5688750743866
19.40232	0.054125003516674	19.408574	3.56912517547607
19.424893	0.0575000010430813	19.43113	3.56750011444092
19.447451	0.0517500042915344	19.453685	3.56662511825562
19.470003	0.0531250014901161	19.476236	3.56625008583069
19.492578	0.0537500008940697	19.498815	3.56650018692017
19.515126	0.0533750019967556	19.521364	3.56812524795532
19.537706	0.0556250028312206	19.543939	3.56925010681152
19.560264	0.0562500022351742	19.566496	3.5697500705719
19.582815	0.054125003516674	19.589053	3.5697500705719
19.605372	0.0535000041127205	19.611609	3.56875014305115
19.627927	0.0533750019967556	19.63416	3.56800007820129
19.650484	0.0531250014901161	19.656717	3.56700015068054
19.67306	0.0542500019073486	19.679292	3.56762528419495
19.695605	0.0542500019073486	19.701837	3.56912517547607
19.718183	0.0552500039339066	19.724415	3.57025027275085
19.740735	0.0567500032484531	19.746969	3.57112526893616
19.763302	0.0535000041127205	19.76954	3.57050013542175
19.785854	0.0536250025033951	19.792087	3.56900024414062
19.808408	0.0531250014901161	19.814641	3.56837511062622
19.830981	0.052750002592802	19.837214	3.56850028038025
19.853539	0.0546250008046627	19.859772	3.56900024414062
19.876095	0.054125003516674	19.882328	3.56987524032593
19.898724	0.0562500022351742	19.904958	3.57100009918213
19.921286	0.0550000034272671	19.92752	3.57175016403198
19.943844	0.0540000014007092	19.950082	3.57112526893616
19.966401	0.0543750040233135	19.972634	3.57012510299683
19.988958	0.0525000020861626	19.995197	3.5688750743866
20.011537	0.0537500008940697	20.01777	3.5688750743866
20.03408	0.0501250028610229	20.040313	3.56962513923645
20.056631	0.0578750036656857	20.062868	3.57125020027161
20.079192	0.0560000017285347	20.085425	3.57225012779236
20.101749	0.0542500019073486	20.107992	3.57262516021729
20.12431	0.0535000041127205	20.130548	3.57125020027161
20.146867	0.052750002592802	20.153099	3.57025027275085
20.169423	0.0531250014901161	20.175656	3.56937527656555
20.191978	0.0540000014007092	20.198211	3.5697500705719
20.214543	0.0563750043511391	20.22078	3.57137513160706
20.2371	0.0553750023245811	20.243336	3.57212519645691
20.259661	0.0558750033378601	20.265913	3.57325005531311
20.282243	0.0546250008046627	20.28848	3.57312512397766
20.304802	0.0543750040233135	20.311039	3.57200026512146
20.327361	0.0528750009834766	20.333594	3.57087516784668
20.349918	0.0545000024139881	20.356151	3.5703752040863
20.372471	0.0536250025033951	20.378708	3.57087516784668
20.395032	0.0542500019073486	20.401269	3.57275009155273
20.417589	0.0557500012218952	20.423823	3.57350015640259
20.44015	0.0551250018179417	20.446384	3.57437515258789
20.462703	0.0537500008940697	20.468941	3.57287526130676
20.485261	0.0533750019967556	20.491499	3.57262516021729
20.507819	0.0585000030696392	20.514052	3.57087516784668
20.530377	0.0548750013113022	20.536609	3.57137513160706
20.552924	0.0540000014007092	20.559156	3.57237505912781
20.575477	0.0552500039339066	20.581714	3.57350015640259
20.598048	0.0558750033378601	20.604281	3.57475018501282
20.620597	0.0536250025033951	20.626829	3.57487511634827
20.643158	0.0543750040233135	20.649395	3.57375025749207
20.665715	0.055500004440546	20.671947	3.57287526130676
20.688281	0.0525000020861626	20.694514	3.57200026512146
20.710837	0.0538750030100346	20.717069	3.57225012779236
20.733388	0.054125003516674	20.739625	3.57337522506714
20.755945	0.0547500029206276	20.762205	3.57437515258789
20.778535	0.0568750016391277	20.784773	3.57575011253357
20.801094	0.0537500008940697	20.807327	3.5758752822876
20.823651	0.0546250008046627	20.829888	3.57412505149841
20.84621	0.0540000014007092	20.852443	3.57362508773804
20.868763	0.0537500008940697	20.87499	3.57250022888184
20.891328	0.0542500019073486	20.897586	3.57300019264221
20.913941	0.053250003606081	20.920174	3.57462525367737
20.936511	0.0557500012218952	20.942745	3.57550024986267
20.959068	0.0556250028312206	20.965301	3.57625007629395
20.981628	0.0543750040233135	20.987861	3.5761251449585
21.00418	0.0535000041127205	21.010417	3.57537508010864
21.026737	0.053250003606081	21.03297	3.57425022125244
21.049293	0.0547500029206276	21.055525	3.57362508773804
21.071848	0.0520000010728836	21.078081	3.57437515258789
21.094399	0.0540000014007092	21.100637	3.57550024986267
21.116969	0.0565000027418137	21.123202	3.5767502784729
21.139518	0.0548750013113022	21.14575	3.57712507247925
21.162073	0.0538750030100346	21.168305	3.5761251449585
21.184623	0.0545000024139881	21.19086	3.57537508010864
21.207177	0.0521250031888485	21.21341	3.57425022125244
21.229734	0.053250003606081	21.235967	3.57400012016296
21.252286	0.0537500008940697	21.258519	3.57550024986267
21.274862	0.0548750013113022	21.2811	3.57650017738342
21.297426	0.0560000017285347	21.303659	3.57800006866455
21.319984	0.0545000024139881	21.326216	3.5778751373291
21.342542	0.0538750030100346	21.34878	3.57662510871887
21.365101	0.0536250025033951	21.371338	3.57575011253357
21.387659	0.0540000014007092	21.393892	3.57512521743774
21.410216	0.0542500019073486	21.416448	3.57487511634827
21.432768	0.0540000014007092	21.439	3.57650017738342
21.45532	0.0550000034272671	21.461557	3.57775020599365
21.477876	0.0588750019669533	21.484109	3.57887506484985
21.500447	0.0547500029206276	21.506679	3.57862520217896
21.523	0.0552500039339066	21.529237	3.57712507247925
21.545558	0.0545000024139881	21.551796	3.57650017738342
21.568116	0.0548750013113022	21.574349	3.57575011253357
21.590673	0.0553750023245811	21.596902	3.5758752822876
21.613223	0.0548750013113022	21.619461	3.57712507247925
21.635779	0.0556250028312206	21.642016	3.57812523841858
21.658337	0.0561250038444996	21.664569	3.57900023460388
21.680894	0.0545000024139881	21.687126	3.57900023460388
21.703446	0.0546250008046627	21.709684	3.5776252746582
21.726003	0.0530000030994415	21.732236	3.57687520980835
21.748569	0.0531250014901161	21.754801	3.57625007629395
21.771142	0.0546250008046627	21.777375	3.5778751373291
21.793695	0.0536250025033951	21.799932	3.57837510108948
21.816251	0.0603750012814999	21.822484	3.58037519454956
21.838805	0.0558750033378601	21.845037	3.58012509346008
21.861359	0.054125003516674	21.867591	3.57925009727478
21.883939	0.0570000037550926	21.890171	3.57825016975403
21.90651	0.0537500008940697	21.912744	3.57662510871887
21.92908	0.0540000014007092	21.935313	3.5770001411438
21.951642	0.0545000024139881	21.957877	3.57800006866455
21.974197	0.0537500008940697	21.980429	3.57925009727478
21.996749	0.0570000037550926	22.002982	3.58025026321411
22.019322	0.0545000024139881	22.025555	3.58062505722046
22.041872	0.0561250038444996	22.048105	3.57987523078918
22.064424	0.0543750040233135	22.070662	3.57862520217896
22.08698	0.0547500029206276	22.093213	3.5778751373291
22.109537	0.0538750030100346	22.115769	3.5778751373291
22.132093	0.054125003516674	22.138326	3.57925009727478
22.154644	0.0557500012218952	22.160877	3.58000016212463
22.177209	0.055500004440546	22.183446	3.58125019073486
22.199769	0.0577500015497208	22.206001	3.58087515830994
22.22232	0.0537500008940697	22.228572	3.58000016212463
22.24489	0.0536250025033951	22.251122	3.57900023460388
22.267476	0.053250003606081	22.273744	3.57812523841858
22.290072	0.0557500012218952	22.296305	3.5787501335144
22.312625	0.0562500022351742	22.318862	3.58000016212463
22.335182	0.0557500012218952	22.341419	3.58100008964539
22.357744	0.055500004440546	22.363978	3.58212518692017
22.380317	0.0545000024139881	22.386549	3.58075022697449
22.402875	0.0545000024139881	22.409112	3.58012509346008
22.425435	0.0546250008046627	22.431672	3.57825016975403
22.447994	0.0568750016391277	22.454227	3.5787501335144
22.470553	0.0570000037550926	22.476785	3.57925009727478
22.493105	0.0542500019073486	22.499342	3.58087515830994
22.515661	0.0558750033378601	22.521899	3.58175015449524
22.538218	0.0556250028312206	22.544451	3.58225011825562
22.560779	0.0552500039339066	22.567012	3.58087515830994
22.583336	0.0542500019073486	22.589573	3.58037519454956
22.605894	0.0538750030100346	22.612131	3.57900023460388
22.628451	0.0550000034272671	22.634678	3.57925009727478
22.651006	0.0548750013113022	22.657238	3.58037519454956
22.673558	0.0560000017285347	22.679796	3.58162522315979
22.696114	0.0567500032484531	22.702347	3.58250021934509
22.718671	0.0547500029206276	22.724903	3.58287525177002
22.741228	0.0553750023245811	22.747462	3.58175015449524
22.763793	0.0548750013113022	22.770032	3.58062505722046
22.786356	0.0540000014007092	22.792589	3.57950019836426
22.808914	0.0548750013113022	22.815146	3.58012509346008
22.831471	0.0560000017285347	22.837704	3.58150005340576
22.854022	0.0557500012218952	22.860259	3.58225011825562
22.876569	0.0563750043511391	22.882801	3.58300018310547
22.899149	0.055500004440546	22.905384	3.58312511444092
22.921703	0.054125003516674	22.927931	3.58200025558472
22.944244	0.051000002771616	22.950482	3.58087515830994
22.966803	0.0551250018179417	22.973061	3.57987523078918
22.989383	0.0540000014007092	22.995615	3.58087515830994
23.011941	0.0593750029802322	23.018189	3.58212518692017
23.034509	0.0570000037550926	23.040741	3.58325028419495
23.057061	0.0598750039935112	23.063294	3.58400011062622
23.079633	0.0546250008046627	23.085866	3.58262515068054
23.10219	0.0557500012218952	23.108423	3.58187508583069
23.124744	0.0545000024139881	23.130981	3.58075022697449
23.147299	0.0536250025033951	23.153536	3.58112525939941
23.16986	0.0531250014901161	23.176093	3.58162522315979
23.192412	0.0543750040233135	23.198644	3.58287525177002
23.214962	0.0600000023841858	23.2212	3.58362507820129
23.237518	0.0561250038444996	23.243751	3.58437514305115
23.260089	0.054125003516674	23.26634	3.5833752155304
23.282679	0.0558750033378601	23.288916	3.58250021934509
23.30524	0.0537500008940697	23.311478	3.58100008964539
23.327799	0.0548750013113022	23.334032	3.58112525939941
23.350357	0.054125003516674	23.35659	3.58237528800964
23.37291	0.0546250008046627	23.379148	3.5833752155304
23.395468	0.0566250011324883	23.401705	3.58462524414062
23.418024	0.0526250042021275	23.424262	3.585125207901
23.440598	0.0548750013113022	23.44683	3.5833752155304
23.463153	0.053250003606081	23.469385	3.58275008201599
23.485706	0.0547500029206276	23.491944	3.58150005340576
23.508281	0.0548750013113022	23.514513	3.58162522315979
23.530837	0.0538750030100346	23.537069	3.58350014686584
23.553388	0.0556250028312206	23.559626	3.58437514305115
23.575944	0.0560000017285347	23.582197	3.58500027656555
23.598506	0.0542500019073486	23.604744	3.58500027656555
23.62107	0.0545000024139881	23.627303	3.58375024795532
23.643636	0.0546250008046627	23.649874	3.58262515068054
23.666194	0.054125003516674	23.672421	3.58187508583069
23.68875	0.0550000034272671	23.694982	3.58250021934509
23.711308	0.0557500012218952	23.717541	3.58412528038025
23.73386	0.0565000027418137	23.740098	3.5845000743866
23.756417	0.0562500022351742	23.762673	3.58575010299683
23.778998	0.0557500012218952	23.785231	3.58500027656555
23.801555	0.0547500029206276	23.807797	3.58350014686584
23.824116	0.054125003516674	23.830354	3.58300018310547
23.846687	0.0553750023245811	23.85292	3.58262515068054
23.86924	0.0538750030100346	23.875472	3.58375024795532
23.891816	0.0548750013113022	23.898118	3.58475017547607
23.914442	0.0558750033378601	23.920681	3.58562517166138
23.937013	0.0562500022351742	23.94325	3.5860002040863
23.959576	0.0576250031590462	23.965808	3.58550024032593
23.982132	0.0550000034272671	23.988365	3.58400011062622
24.004684	0.0552500039339066	24.010921	3.58325028419495
24.027245	0.0551250018179417	24.033479	3.58312511444092
24.0498	0.0558750033378601	24.056032	3.5842502117157
24.072357	0.0567500032484531	24.07859	3.5853750705719
24.094931	0.0577500015497208	24.101169	3.5862500667572
24.117492	0.0553750023245811	24.123733	3.58675026893616
24.140054	0.0547500029206276	24.146286	3.585125207901
24.162607	0.0533750019967556	24.16884	3.58387517929077
24.185164	0.052750002592802	24.191402	3.58325028419495
24.20772	0.0550000034272671	24.213953	3.58325028419495
24.23028	0.0547500029206276	24.236512	3.58475017547607
24.252832	0.0562500022351742	24.259071	3.5871250629425
24.275422	0.0561250038444996	24.281659	3.58687520027161
24.297996	0.0550000034272671	24.304228	3.58587527275085
24.320552	0.0558750033378601	24.326784	3.5853750705719
24.343103	0.0546250008046627	24.34934	3.58350014686584
24.365659	0.0548750013113022	24.371897	3.58350014686584
24.38823	0.0551250018179417	24.394462	3.58400011062622
24.410785	0.0543750040233135	24.417017	3.585125207901
24.433342	0.0566250011324883	24.439579	3.58737516403198
24.455898	0.0557500012218952	24.462135	3.58700013160706
24.478478	0.0547500029206276	24.484711	3.58612513542175
24.501035	0.0557500012218952	24.507267	3.58575010299683
24.523587	0.0543750040233135	24.529824	3.58387517929077
24.546143	0.0537500008940697	24.552377	3.58412528038025
24.568704	0.0548750013113022	24.574936	3.585125207901
24.59126	0.0552500039339066	24.597493	3.5860002040863
24.613828	0.0568750016391277	24.620065	3.58700013160706
24.636376	0.0560000017285347	24.64261	3.58750009536743
24.658935	0.054125003516674	24.665168	3.58650016784668
24.681492	0.0543750040233135	24.687724	3.58562517166138
24.704044	0.0545000024139881	24.710281	3.58400011062622
24.726604	0.0548750013113022	24.732837	3.5845000743866
24.749175	0.0547500029206276	24.755407	3.58587527275085
24.771725	0.0546250008046627	24.777958	3.58650016784668
24.79428	0.0566250011324883	24.800518	3.58750009536743
24.816836	0.0560000017285347	24.823069	3.58725023269653
24.839394	0.0550000034272671	24.845626	3.58637523651123
24.86195	0.0552500039339066	24.868188	3.58487510681152
24.884506	0.0552500039339066	24.890767	3.58487510681152
24.907099	0.0542500019073486	24.913344	3.58575010299683
24.929696	0.0560000017285347	24.93593	3.58637523651123
24.952249	0.0560000017285347	24.958489	3.58812522888184
24.974811	0.0565000027418137	24.981048	3.58862519264221
24.997367	0.0560000017285347	25.0036	3.58762526512146
25.019925	0.054125003516674	25.026157	3.58662509918213
25.042475	0.0538750030100346	25.048714	3.5853750705719
25.065033	0.0552500039339066	25.071265	3.585125207901
25.087583	0.0545000024139881	25.093823	3.58612513542175
25.110144	0.0548750013113022	25.116377	3.58675026893616
25.132695	0.0558750033378601	25.138928	3.58787512779236
25.155248	0.0592500045895576	25.161486	3.58862519264221
25.177805	0.0567500032484531	25.184039	3.58775019645691
25.200359	0.055500004440546	25.206592	3.58675026893616
25.222912	0.052750002592802	25.229144	3.58575010299683
25.245463	0.0543750040233135	25.251695	3.58525013923645
25.268053	0.0550000034272671	25.274286	3.58612513542175
25.290612	0.0552500039339066	25.296845	3.58725023269653
25.313169	0.0580000020563602	25.319407	3.58825016021729
25.335727	0.0562500022351742	25.341964	3.58912515640259
25.358285	0.0553750023245811	25.364517	3.58750009536743
25.380841	0.0556250028312206	25.387073	3.58675026893616
25.403392	0.0546250008046627	25.40963	3.5860002040863
25.425949	0.0547500029206276	25.432192	3.58587527275085
25.448514	0.0562500022351742	25.454746	3.58700013160706
25.471071	0.0556250028312206	25.477303	3.58875012397766
25.493624	0.0558750033378601	25.499861	3.58912515640259
25.516172	0.0562500022351742	25.522405	3.58875012397766
25.538729	0.0550000034272671	25.544961	3.58800005912781
25.561286	0.0547500029206276	25.567518	3.58650016784668
25.583838	0.0545000024139881	25.590075	3.5862500667572
25.606394	0.0551250018179417	25.612626	3.58612513542175
25.628951	0.0546250008046627	25.635184	3.5871250629425
25.651521	0.0560000017285347	25.657754	3.58887505531311
25.674064	0.0573750026524067	25.680302	3.58962512016296
25.696622	0.0548750013113022	25.702866	3.58912515640259
25.719192	0.0547500029206276	25.725424	3.58812522888184
25.741748	0.0540000014007092	25.747992	3.58650016784668
25.764322	0.054125003516674	25.770554	3.58637523651123
25.786876	0.0542500019073486	25.793108	3.5871250629425
25.809431	0.0551250018179417	25.815664	3.58787512779236
25.832004	0.0563750043511391	25.838237	3.58937525749207
25.854557	0.0565000027418137	25.860789	3.58987522125244
25.877108	0.0552500039339066	25.88334	3.58875012397766
25.899708	0.0543750040233135	25.905943	3.58787512779236
25.922278	0.0550000034272671	25.928523	3.58662509918213
25.944846	0.0548750013113022	25.951084	3.5871250629425
25.967404	0.0552500039339066	25.973637	3.58750009536743
25.989972	0.0548750013113022	25.996204	3.58850026130676
26.012539	0.0568750016391277	26.018777	3.58962512016296
26.035097	0.0563750043511391	26.041335	3.58950018882751
26.057655	0.0552500039339066	26.063888	3.58925008773804
26.080212	0.0550000034272671	26.086445	3.58700013160706
26.102764	0.0575000010430813	26.109001	3.58687520027161
26.125321	0.0581250041723251	26.131558	3.58675026893616
26.147878	0.0552500039339066	26.154111	3.58800005912781
26.170436	0.0556250028312206	26.17667	3.58975005149841
26.192996	0.0566250011324883	26.19923	3.59012508392334
26.215557	0.0560000017285347	26.22179	3.59000015258789
26.238112	0.0552500039339066	26.244345	3.58925008773804
26.260667	0.0551250018179417	26.266912	3.58762526512146
26.283245	0.0553750023245811	26.289479	3.58725023269653
26.3058	0.055500004440546	26.312032	3.58675026893616
26.32836	0.0550000034272671	26.334593	3.58850026130676
26.350933	0.0566250011324883	26.357166	3.58975005149841
26.373485	0.0571250021457672	26.379722	3.59062528610229
26.396044	0.055500004440546	26.402287	3.58975005149841
26.418607	0.0557500012218952	26.424839	3.58912515640259
26.441164	0.0551250018179417	26.447396	3.58725023269653
26.463734	0.0551250018179417	26.469972	3.5871250629425
26.486292	0.0557500012218952	26.492524	3.58812522888184
26.508848	0.0557500012218952	26.515081	3.58937525749207
26.531406	0.0571250021457672	26.537638	3.59050011634827
26.553962	0.0572500042617321	26.5602	3.59087514877319
26.57652	0.0553750023245811	26.582753	3.59012508392334
26.599076	0.0556250028312206	26.605308	3.58912515640259
26.621627	0.0548750013113022	26.62786	3.58800005912781
26.644179	0.0561250038444996	26.650416	3.58787512779236
26.666735	0.0547500029206276	26.672968	3.58862519264221
26.689293	0.0553750023245811	26.695526	3.59012508392334
26.711845	0.0575000010430813	26.718098	3.59075021743774
26.734436	0.0566250011324883	26.740674	3.59125018119812
26.756994	0.0590000040829182	26.763248	3.59012508392334
26.779578	0.0543750040233135	26.78581	3.58862519264221
26.802131	0.0550000034272671	26.808364	3.58825016021729
26.824686	0.0552500039339066	26.830923	3.58912515640259
26.847242	0.0558750033378601	26.853475	3.58912515640259
26.869799	0.0557500012218952	26.876026	3.59087514877319
26.892364	0.0591250024735928	26.898606	3.59125018119812
26.914931	0.0556250028312206	26.921164	3.59100008010864
26.937485	0.055500004440546	26.943736	3.59012508392334
26.960065	0.054125003516674	26.966298	3.58862519264221
26.982616	0.0550000034272671	26.988854	3.58812522888184
27.005174	0.055500004440546	27.011411	3.58862519264221
27.02773	0.0557500012218952	27.033963	3.58975005149841
27.050287	0.0567500032484531	27.056519	3.59087514877319
27.072838	0.0573750026524067	27.079076	3.5915002822876
27.095408	0.0598750039935112	27.101646	3.59112524986267
27.117967	0.0557500012218952	27.124206	3.58987522125244
27.140535	0.0550000034272671	27.146767	3.58887505531311
27.163087	0.0545000024139881	27.169324	3.58837509155273
27.185644	0.0565000027418137	27.191882	3.58937525749207
27.208201	0.0552500039339066	27.214434	3.59000015258789
27.230758	0.0577500015497208	27.236991	3.5917501449585
27.253311	0.0570000037550926	27.259544	3.59200024604797
27.275885	0.0552500039339066	27.282118	3.59100008010864
27.298441	0.0550000034272671	27.304673	3.58937525749207
27.321001	0.0553750023245811	27.327233	3.58887505531311
27.343556	0.0553750023245811	27.34979	3.58875012397766
27.366112	0.055500004440546	27.372345	3.58987522125244
27.388665	0.0548750013113022	27.394897	3.59112524986267
27.411216	0.0565000027418137	27.417449	3.59212517738342
27.433772	0.0563750043511391	27.44001	3.5923752784729
27.456331	0.0560000017285347	27.462577	3.59087514877319
27.478903	0.0552500039339066	27.485136	3.58950018882751
27.501461	0.0546250008046627	27.507702	3.58962512016296
27.524021	0.0553750023245811	27.530259	3.58862519264221
27.546579	0.0557500012218952	27.552812	3.59012508392334
27.569136	0.0558750033378601	27.575368	3.59187507629395
27.591693	0.0583750009536743	27.597921	3.5923752784729
27.614243	0.0556250028312206	27.620481	3.59187507629395
27.636801	0.0542500019073486	27.643058	3.59125018119812
27.659383	0.0585000030696392	27.665616	3.58975005149841
27.68194	0.0546250008046627	27.688194	3.58912515640259
27.704514	0.0548750013113022	27.710752	3.58950018882751
27.727072	0.055500004440546	27.733305	3.59112524986267
27.749629	0.0558750033378601	27.755856	3.59250020980835
27.7722	0.0603750012814999	27.778438	3.59287524223328
27.794775	0.0601250045001507	27.801013	3.59200024604797
27.817323	0.055500004440546	27.823561	3.5915002822876
27.839884	0.0547500029206276	27.846116	3.58975005149841
27.862436	0.0551250018179417	27.868673	3.58912515640259
27.884992	0.0550000034272671	27.891237	3.58975005149841
27.907579	0.0556250028312206	27.913831	3.59125018119812
27.930165	0.0586250014603138	27.936399	3.59250020980835
27.95272	0.0568750016391277	27.958963	3.59300017356873
27.975299	0.0551250018179417	27.981537	3.59225010871887
27.997857	0.0566250011324883	28.00409	3.59050011634827
28.020415	0.054125003516674	28.026648	3.58987522125244
28.042968	0.0551250018179417	28.049206	3.59000015258789
28.065526	0.0552500039339066	28.071763	3.59075021743774
28.088083	0.0565000027418137	28.094316	3.59250020980835
28.110639	0.0577500015497208	28.116872	3.59287524223328
28.13319	0.0562500022351742	28.139428	3.59250020980835
28.155759	0.0552500039339066	28.161997	3.59225010871887
28.178316	0.0551250018179417	28.184554	3.59062528610229
28.200878	0.0547500029206276	28.20711	3.59012508392334
28.223448	0.0536250025033951	28.229685	3.59025025367737
28.246005	0.0556250028312206	28.252238	3.59087514877319
28.268595	0.0557500012218952	28.274834	3.5935001373291
28.291163	0.0570000037550926	28.297396	3.59300017356873
28.313739	0.0551250018179417	28.319977	3.59337520599365
28.336297	0.0550000034272671	28.342537	3.59187507629395
28.35886	0.0550000034272671	28.365093	3.59062528610229
28.381415	0.0553750023245811	28.387649	3.59000015258789
28.403948	0.0550000034272671	28.410185	3.59062528610229
28.426508	0.0552500039339066	28.432736	3.5917501449585
28.449053	0.0573750026524067	28.455285	3.5932502746582
28.471605	0.0570000037550926	28.477839	3.59362506866455
28.494156	0.0588750019669533	28.500395	3.59312510490417
28.516718	0.0556250028312206	28.522955	3.59112524986267
28.53928	0.0546250008046627	28.545512	3.59062528610229
28.561838	0.0543750040233135	28.56808	3.59012508392334
28.584398	0.055500004440546	28.590635	3.59112524986267
28.606956	0.0548750013113022	28.613188	3.5923752784729
28.629512	0.0563750043511391	28.635744	3.59362506866455
28.652067	0.0568750016391277	28.6583	3.59287524223328
28.674617	0.0563750043511391	28.68085	3.59312510490417
28.697181	0.0562500022351742	28.703438	3.59162521362305
28.719761	0.054125003516674	28.725993	3.59100008010864
28.742313	0.0570000037550926	28.748546	3.59075021743774
28.764875	0.0550000034272671	28.771115	3.59137511253357
28.787437	0.0560000017285347	28.793665	3.5932502746582
28.809991	0.0570000037550926	28.816224	3.59375023841858
28.832568	0.0567500032484531	28.838805	3.59300017356873
28.855124	0.0561250038444996	28.861363	3.59275007247925
28.877717	0.0553750023245811	28.883957	3.59075021743774
28.900298	0.0545000024139881	28.906531	3.59075021743774
28.922879	0.0600000023841858	28.929112	3.5915002822876
28.945432	0.0557500012218952	28.95167	3.5917501449585
28.967995	0.0576250031590462	28.974228	3.5935001373291
28.990552	0.0578750036656857	28.996785	3.59450006484985
29.013103	0.0552500039339066	29.019341	3.59362506866455
29.03566	0.0556250028312206	29.041898	3.59187507629395
29.05822	0.0548750013113022	29.064453	3.59125018119812
29.080779	0.0552500039339066	29.087011	3.59087514877319
29.10334	0.0533750019967556	29.109577	3.5915002822876
29.125896	0.0547500029206276	29.132134	3.59275007247925
29.148454	0.0570000037550926	29.154686	3.59425020217896
29.171011	0.0577500015497208	29.177243	3.5943751335144
29.193557	0.0548750013113022	29.19979	3.59387516975403
29.21611	0.0561250038444996	29.222342	3.59187507629395
29.23868	0.0550000034272671	29.244912	3.5915002822876
29.261228	0.0553750023245811	29.26748	3.59125018119812
29.283832	0.055500004440546	29.29007	3.59187507629395
29.30639	0.055500004440546	29.312623	3.59412527084351
29.328948	0.0575000010430813	29.33518	3.5943751335144
29.351504	0.0570000037550926	29.357737	3.59425020217896
29.374055	0.055500004440546	29.380292	3.59400010108948
29.396611	0.0550000034272671	29.402866	3.59250020980835
29.41919	0.0552500039339066	29.425423	3.59162521362305
29.441753	0.0553750023245811	29.447993	3.5917501449585
29.464316	0.0560000017285347	29.470548	3.59212517738342
29.48687	0.0553750023245811	29.493103	3.59362506866455
29.509429	0.0581250041723251	29.515663	3.59500026702881
29.531984	0.0552500039339066	29.538217	3.5943751335144
29.554538	0.0558750033378601	29.56077	3.59387516975403
29.577089	0.0556250028312206	29.583338	3.5923752784729
29.599678	0.0558750033378601	29.60591	3.59162521362305
29.622237	0.0557500012218952	29.628476	3.59162521362305
29.644797	0.0551250018179417	29.651036	3.59312510490417
29.667354	0.0558750033378601	29.673582	3.59462523460388
29.689908	0.0571250021457672	29.69614	3.59450006484985
29.71247	0.0548750013113022	29.718708	3.59462523460388
29.735027	0.0592500045895576	29.741265	3.5932502746582
29.757583	0.0561250038444996	29.763828	3.59212517738342
29.780153	0.0548750013113022	29.786386	3.59200024604797
