Time_sec1	Voltage_A0TG	Time_sec2	Voltage_A1TG
0	0.393375009298325	0.006232	3.60687518119812
0.022551	0.39300000667572	0.028803	3.60750007629395
0.045121	0.391375005245209	0.051359	3.6091251373291
0.067676	0.392750024795532	0.07391	3.6100001335144
0.090251	0.393375009298325	0.096483	3.60950016975403
0.1128	0.393250018358231	0.119038	3.60962510108948
0.135358	0.393125027418137	0.141596	3.6082501411438
0.157919	0.392625004053116	0.164152	3.6073751449585
0.180483	0.393125027418137	0.186716	3.6073751449585
0.203035	0.393250018358231	0.209268	3.60775017738342
0.225588	0.393750011920929	0.231825	3.60925006866455
0.248143	0.394250005483627	0.254377	3.6100001335144
0.270695	0.393250018358231	0.276929	3.60987520217896
0.293251	0.392625004053116	0.299484	3.6088752746582
0.315802	0.390000015497208	0.322035	3.60750007629395
0.338355	0.392375022172928	0.344587	3.60725021362305
0.360909	0.393250018358231	0.367142	3.60700011253357
0.383463	0.393500030040741	0.389695	3.6080002784729
0.406014	0.393500030040741	0.412246	3.60950016975403
0.428564	0.392625004053116	0.434797	3.61037516593933
0.451136	0.39300000667572	0.457369	3.60925006866455
0.473707	0.391500025987625	0.479945	3.60875010490417
0.496266	0.391875028610229	0.502503	3.60750007629395
0.518828	0.392375022172928	0.52506	3.60662508010864
0.541384	0.393375009298325	0.547616	3.60750007629395
0.563948	0.393875032663345	0.570185	3.60837507247925
0.586504	0.393750011920929	0.592765	3.60975027084351
0.609104	0.393875032663345	0.615332	3.6100001335144
0.631667	0.39300000667572	0.637923	3.60962510108948
0.654243	0.392875015735626	0.660481	3.6082501411438
0.676804	0.392250031232834	0.683039	3.60750007629395
0.699355	0.392750024795532	0.705587	3.60675024986267
0.721912	0.39300000667572	0.728145	3.60725021362305
0.744464	0.392875015735626	0.750702	3.60862517356873
0.767021	0.393750011920929	0.773254	3.60987520217896
0.789579	0.394375026226044	0.795811	3.60975027084351
0.812138	0.39300000667572	0.81837	3.60950016975403
0.83469	0.393125027418137	0.840928	3.60750007629395
0.857252	0.39300000667572	0.863491	3.60725021362305
0.879818	0.392875015735626	0.88605	3.6071252822876
0.902371	0.392750024795532	0.908605	3.60787510871887
0.924924	0.393250018358231	0.931162	3.60875010490417
0.947483	0.393500030040741	0.953716	3.61025023460388
0.970058	0.393750011920929	0.976291	3.60987520217896
0.992612	0.392250031232834	0.99885	3.60925006866455
1.01517	0.392750024795532	1.021408	3.6073751449585
1.037742	0.396125018596649	1.043975	3.60725021362305
1.060291	0.392625004053116	1.066524	3.60700011253357
1.082846	0.393250018358231	1.089083	3.60787510871887
1.105401	0.392500013113022	1.111639	3.60950016975403
1.12796	0.393500030040741	1.134193	3.61025023460388
1.150517	0.392250031232834	1.156749	3.60950016975403
1.173081	0.392875015735626	1.179319	3.60875010490417
1.195636	0.392625004053116	1.201874	3.60725021362305
1.218207	0.392750024795532	1.22444	3.60762524604797
1.240765	0.39300000667572	1.246998	3.6073751449585
1.26332	0.393500030040741	1.269557	3.60837507247925
1.285878	0.390750020742416	1.292116	3.60950016975403
1.308435	0.393250018358231	1.314668	3.61100006103516
1.330991	0.393375009298325	1.337223	3.60975027084351
1.353566	0.393125027418137	1.359803	3.60812520980835
1.376121	0.392375022172928	1.382354	3.60725021362305
1.398673	0.392250031232834	1.404906	3.60650014877319
1.421229	0.392625004053116	1.427461	3.60750007629395
1.443779	0.39300000667572	1.450013	3.60925006866455
1.46634	0.394875019788742	1.472597	3.61025023460388
1.48892	0.393875032663345	1.495154	3.61025023460388
1.51148	0.395875006914139	1.517714	3.60937523841858
1.534054	0.393500030040741	1.540286	3.6082501411438
1.556607	0.393500030040741	1.56284	3.6073751449585
1.579155	0.392875015735626	1.585388	3.60662508010864
1.601733	0.39300000667572	1.607967	3.60775017738342
1.62428	0.393250018358231	1.630513	3.60987520217896
1.646837	0.394875019788742	1.653081	3.60987520217896
1.669405	0.393375009298325	1.675637	3.60975027084351
1.691962	0.393750011920929	1.698205	3.6091251373291
1.714524	0.391375005245209	1.720762	3.6073751449585
1.73708	0.392250031232834	1.743313	3.60675024986267
1.759637	0.393250018358231	1.765869	3.6071252822876
1.782197	0.393250018358231	1.788431	3.60812520980835
1.80475	0.39300000667572	1.810988	3.60962510108948
1.827339	0.393500030040741	1.833587	3.60987520217896
1.849914	0.393625020980835	1.856147	3.60962510108948
1.872468	0.393125027418137	1.878701	3.60875010490417
1.895011	0.393125027418137	1.901249	3.60750007629395
1.917569	0.391875028610229	1.923802	3.6071252822876
1.940126	0.39300000667572	1.946359	3.60725021362305
1.962721	0.392375022172928	1.968965	3.60575008392334
1.985291	0.38400000333786	1.991523	3.60437512397766
2.007848	0.327500015497208	2.014081	3.59837508201599
2.030405	0.273000001907349	2.036638	3.58125019073486
2.052959	0.226625010371208	2.059196	3.54850006103516
2.075516	0.179250001907349	2.081753	3.50650024414062
2.09807	0.140750005841255	2.104303	3.4526252746582
2.120632	0.107000008225441	2.126864	3.39637517929077
2.143197	0.078125	2.149435	3.335125207901
2.165754	0.0550000034272671	2.171992	3.27550005912781
2.188316	0.0343750007450581	2.194548	3.21337509155273
2.210872	0.0128750009462237	2.217105	3.15750026702881
2.233425	0.000875000027008355	2.239662	3.10312509536743
2.255981	-0.00112500006798655	2.262219	3.05675005912781
2.278538	-0.00125000008847564	2.284771	3.01350021362305
2.301097	-0.000375000003259629	2.30733	2.97787523269653
2.323664	0.0061250003054738	2.329901	2.94612503051758
2.34622	0.00262500019744039	2.352453	2.91812515258789
2.368792	0.00150000001303852	2.375025	2.89087510108948
2.391349	0.000625000044237822	2.397582	2.86712503433228
2.413902	-0.00112500006798655	2.42014	2.84425020217896
2.436458	-0.00150000001303852	2.442702	2.82575011253357
2.459026	0	2.465258	2.80800008773804
2.481578	-0.000250000011874363	2.487827	2.79387521743774
2.504149	0.00137500010896474	2.510382	2.78125023841858
2.5267	0.00262500019744039	2.532934	2.76937508583069
2.549257	0.00150000001303852	2.55549	2.7578752040863
2.57181	-0.000250000011874363	2.578043	2.74737501144409
2.594391	-0.000625000044237822	2.600627	2.73737502098083
2.616941	-0.000500000023748726	2.62321	2.72887516021729
2.639535	0	2.645768	2.72162508964539
2.662105	0	2.668338	2.71662521362305
2.684659	0.00275000021792948	2.690891	2.71187520027161
2.707214	0.00337500008754432	2.713463	2.70637512207031
2.729788	0.000375000003259629	2.73602	2.70137524604797
2.75234	-0.000125000005937181	2.758573	2.69612503051758
2.774883	-0.00100000004749745	2.781116	2.69137501716614
2.797437	-0.000875000027008355	2.803669	2.68675017356873
2.819994	0.0020000000949949	2.826227	2.68412518501282
2.842548	0.000750000006519258	2.848801	2.68312501907349
2.865126	0.00237500015646219	2.871363	2.68125009536743
2.887685	0.00250000017695129	2.893918	2.67862510681152
2.910241	0.00150000001303852	2.916474	2.67612504959106
2.932795	0.000375000003259629	2.939028	2.67237520217896
2.955348	0	2.961588	2.67037510871887
2.97792	-0.000625000044237822	2.984155	2.66775012016296
3.00048	0.000250000011874363	3.006712	2.66750001907349
3.023038	0.000750000006519258	3.029276	2.66712522506714
3.045597	0.0022500001359731	3.051834	2.66675019264221
3.068157	0.000875000027008355	3.07439	2.66512513160706
3.090714	0.00100000004749745	3.096942	2.6626250743866
3.113282	-0.00375000014901161	3.119519	2.66075015068054
3.135838	-0.000250000011874363	3.142076	2.65900015830994
3.158405	0.00350000010803342	3.164639	2.65800023078918
3.180963	0.000500000023748726	3.187195	2.65837502479553
3.203515	0.00237500015646219	3.209753	2.65875005722046
3.226086	0.00237500015646219	3.232319	2.66162514686584
3.248639	0.000750000006519258	3.254873	2.66375017166138
3.271198	0	3.27743	2.66612505912781
3.29375	-0.000625000044237822	3.299987	2.67100024223328
3.316307	-0.000875000027008355	3.32254	2.67537522315979
3.338863	-0.000250000011874363	3.345096	2.6808750629425
3.361419	-0.000375000003259629	3.367653	2.68562507629395
3.383972	0.00150000001303852	3.39021	2.68962502479553
3.406529	0.00300000002607703	3.412763	2.69200015068054
3.429088	0.000375000003259629	3.435321	2.69212508201599
3.451641	-0.000125000005937181	3.457874	2.69075012207031
3.474196	-0.000875000027008355	3.480433	2.68975019454956
3.496753	-0.000500000023748726	3.502993	2.68762516975403
3.519318	0.000750000006519258	3.52555	2.68675017356873
3.541874	0.000250000011874363	3.548116	2.68625020980835
3.564437	0.00187500007450581	3.570674	2.68225002288818
3.586995	0.00275000021792948	3.593234	2.68850016593933
3.609557	-0.000250000011874363	3.615802	2.6863751411438
3.632129	0.000750000006519258	3.638363	2.68400001525879
3.654684	0.000500000023748726	3.660923	2.68275022506714
3.677248	0	3.683481	2.68312501907349
3.699808	0.00150000001303852	3.70604	2.68462514877319
3.72236	0.00187500007450581	3.728608	2.68787503242493
3.744944	0.00400000018998981	3.751181	2.69150018692017
3.7675	0.002125000115484	3.773733	2.69350004196167
3.790058	0.00275000021792948	3.796291	2.69500017166138
3.81261	0.0022500001359731	3.818847	2.69700002670288
3.835168	0.0022500001359731	3.841405	2.69850015640259
3.857725	0.00525000039488077	3.863957	2.70037508010864
3.880281	0.00500000035390258	3.886513	2.70337510108948
3.902832	0.00500000035390258	3.90907	2.70675015449524
3.92539	0.00687500042840838	3.931628	2.71187520027161
3.947949	0.00587500026449561	3.954182	2.71687507629395
3.970531	0.00450000027194619	3.976759	2.72150015830994
3.993091	0.00462500005960464	3.999329	2.7251250743866
4.015649	0.00475000031292439	4.021886	2.72912502288818
4.038207	0.00687500042840838	4.04444	2.73337507247925
4.060761	0.00562500022351742	4.066994	2.73937511444092
4.083312	0.00812500063329935	4.08955	2.74300003051758
4.105868	0.00937500037252903	4.112106	2.74600005149841
4.12844	0.00775000033900142	4.134674	2.74737501144409
4.150993	0.00725000025704503	4.157226	2.74725008010864
4.173563	0.00675000017508864	4.1798	2.74712514877319
4.196119	0.00762500055134296	4.202352	2.74650001525879
4.218671	0.00812500063329935	4.224904	2.74762511253357
4.241227	0.00925000011920929	4.24746	2.74937510490417
4.263777	0.0103750005364418	4.270015	2.75112509727478
4.286334	0.0108750006183982	4.292567	2.75250005722046
4.308904	0.00950000062584877	4.315136	2.75275015830994
4.331455	0.0100000007078052	4.337687	2.75200009346008
4.354008	0.00975000020116568	4.360246	2.75300002098083
4.376564	0.0105000007897615	4.382797	2.75325012207031
4.399121	0.0107500003650784	4.405353	2.75550007820129
4.421677	0.0113750007003546	4.427918	2.75650024414062
4.444237	0.0162500012665987	4.450474	2.757000207901
4.466798	0.0115000009536743	4.473031	2.75587511062622
4.489356	0.011875000782311	4.495589	2.75287508964539
4.511927	0.0113750007003546	4.51816	2.75075006484985
4.534469	0.0116250002756715	4.540707	2.74912524223328
4.557026	0.011875000782311	4.563259	2.74912524223328
4.579582	0.012750000692904	4.585814	2.75212502479553
4.60216	0.0143750002607703	4.608418	2.75625014305115
4.624753	0.0146250007674098	4.630986	2.76212501525879
4.647302	0.016499999910593	4.653539	2.76700019836426
4.669864	0.013625000603497	4.676102	2.77125024795532
4.692431	0.013625000603497	4.698664	2.77625012397766
4.714986	0.0133750010281801	4.721223	2.78000020980835
4.737544	0.0145000005140901	4.743776	2.78412508964539
4.760098	0.0151250008493662	4.766331	2.78812503814697
4.782653	0.0167500004172325	4.788885	2.78962516784668
4.805205	0.0182500015944242	4.811437	2.79112505912781
4.827757	0.0157500002533197	4.83399	2.7902500629425
4.850319	0.0197500009089708	4.856547	2.78787517547607
4.872868	0.0152500011026859	4.879106	2.78600001335144
4.895427	0.016499999910593	4.901664	2.78412508964539
4.917983	0.0163750015199184	4.924217	2.78350019454956
4.940541	0.0168750006705523	4.946773	2.78337502479553
4.963111	0.0196250006556511	4.969356	2.78337502479553
4.985679	0.0181250013411045	4.991917	2.78325009346008
5.008237	0.0177500005811453	5.014465	2.78212523460388
5.030802	0.0198750011622906	5.037035	2.78000020980835
5.05337	0.0181250013411045	5.059608	2.77887511253357
5.07593	0.0158750005066395	5.082168	2.77900004386902
5.098479	0.019250001758337	5.104717	2.78025007247925
5.121043	0.0193750001490116	5.127276	2.78262519836426
5.143596	0.0228750016540289	5.149833	2.78475022315979
5.166152	0.0207500010728836	5.172385	2.78662514686584
5.188705	0.0195000004023314	5.194938	2.7891252040863
5.211264	0.0197500009089708	5.217496	2.79050016403198
5.233816	0.0202500000596046	5.240054	2.79275012016296
5.256374	0.0210000015795231	5.262606	2.79825019836426
5.27893	0.0210000015795231	5.285163	2.80437517166138
5.301488	0.0216250009834766	5.307721	2.80937504768372
5.324064	0.0257500018924475	5.330302	2.81462502479553
5.34662	0.0218750014901161	5.352853	2.8188750743866
5.369177	0.0217500012367964	5.375409	2.82100009918213
5.391735	0.0201250016689301	5.397968	2.82437515258789
5.414287	0.0220000017434359	5.420519	2.82800006866455
5.436839	0.0235000010579824	5.443079	2.83350014686584
5.459403	0.0225000008940697	5.465641	2.84200024604797
5.481968	0.0242500007152557	5.488204	2.85087513923645
5.504524	0.0268750004470348	5.510761	2.86187505722046
5.527079	0.0236250013113022	5.533312	2.87250018119812
5.549638	0.0238750018179417	5.555871	2.88450002670288
5.572195	0.0233750008046627	5.578424	2.89562511444092
5.594768	0.0248750019818544	5.601008	2.90862512588501
5.617332	0.0242500007152557	5.623573	2.92125010490417
5.639899	0.0242500007152557	5.646132	2.93475008010864
5.662452	0.026375001296401	5.668692	2.94837522506714
5.685012	0.0257500018924475	5.691249	2.9583752155304
5.707568	0.0262500010430813	5.713801	2.96775007247925
5.730124	0.0245000012218952	5.736356	2.97625017166138
5.752694	0.025000000372529	5.758927	2.98450016975403
5.775246	0.0257500018924475	5.781479	2.99312520027161
5.797824	0.0276250019669533	5.804057	3.00287508964539
5.820377	0.0266250018030405	5.82661	3.01125025749207
5.84293	0.0283750016242266	5.849163	3.02025008201599
5.865485	0.0273750014603138	5.871717	3.02675008773804
5.888037	0.0266250018030405	5.894269	3.03312516212463
5.910609	0.0238750018179417	5.916842	3.03750014305115
5.933191	0.0262500010430813	5.939424	3.04237508773804
5.955744	0.0281250011175871	5.961987	3.04700016975403
5.978336	0.0288750007748604	5.984574	3.0532500743866
6.0009	0.0295000020414591	6.007133	3.05837512016296
6.023465	0.0305000022053719	6.029703	3.06287503242493
6.046023	0.0287500005215406	6.05226	3.06575012207031
6.068606	0.0283750016242266	6.074843	3.06725025177002
6.091181	0.0286250021308661	6.097414	3.06875014305115
6.113733	0.0293750017881393	6.119966	3.06962513923645
6.136277	0.0295000020414591	6.14252	3.07100009918213
6.158845	0.0290000010281801	6.165077	3.07375025749207
6.181402	0.0316250026226044	6.187635	3.07500004768372
6.203953	0.0307500008493662	6.21019	3.07637524604797
6.22651	0.0295000020414591	6.232743	3.07625007629395
6.249067	0.0273750014603138	6.255299	3.07537508010864
6.271625	0.0292500015348196	6.277859	3.07450008392334
6.294178	0.0298750009387732	6.300411	3.07425022125244
6.316732	0.0293750017881393	6.322965	3.0761251449585
6.33929	0.0308750011026859	6.345522	3.07637524604797
6.361846	0.0328750014305115	6.368079	3.0778751373291
6.384397	0.0323750004172325	6.390634	3.07800006866455
6.406953	0.0315000005066395	6.413185	3.07762503623962
6.429509	0.031750001013279	6.435742	3.07675004005432
6.452066	0.0305000022053719	6.458313	3.07537508010864
6.474634	0.0310000013560057	6.480872	3.07625007629395
6.497191	0.0323750004172325	6.503424	3.07775020599365
6.519749	0.0327500030398369	6.525981	3.07862520217896
6.542315	0.0346250012516975	6.548547	3.08025026321411
6.564867	0.033500000834465	6.571104	3.08125019073486
6.587424	0.0329999998211861	6.59368	3.08087515830994
6.610005	0.0322500020265579	6.616233	3.08112525939941
6.632565	0.033125001937151	6.638803	3.08150005340576
6.655129	0.0336250029504299	6.661367	3.08312511444092
6.677702	0.0350000001490116	6.683949	3.08587503433228
6.700268	0.0341250002384186	6.706501	3.08862519264221
6.722821	0.0361250005662441	6.729059	3.09125018119812
6.745378	0.0351250022649765	6.751616	3.09300017356873
6.767936	0.0341250002384186	6.774169	3.0935001373291
6.790494	0.0332500003278255	6.796726	3.09500002861023
6.813046	0.0352500006556511	6.819285	3.09637522697449
6.835604	0.0368750020861626	6.841841	3.09925007820129
6.858159	0.0338750034570694	6.864392	3.10300016403198
6.880714	0.0355000011622906	6.886946	3.10575008392334
6.903285	0.0367499999701977	6.909523	3.10925006866455
6.925843	0.0355000011622906	6.932081	3.11137509346008
6.948406	0.0347500033676624	6.95464	3.11187505722046
6.970982	0.0361250005662441	6.977234	3.11337518692017
6.993584	0.0350000001490116	6.999817	3.11487507820129
7.01614	0.0363750010728836	7.022372	3.11800003051758
7.038697	0.0357500016689301	7.04493	3.12125015258789
7.061255	0.0387500002980232	7.067487	3.12462520599365
7.083809	0.0378750003874302	7.090046	3.12687516212463
7.106368	0.0360000021755695	7.1126	3.12800025939941
7.128926	0.0367499999701977	7.135158	3.12875008583069
7.151483	0.0352500006556511	7.157715	3.12912511825562
7.174056	0.0365000031888485	7.180288	3.13125014305115
7.196608	0.037125002592802	7.202841	3.13425016403198
7.219181	0.0366250015795231	7.225414	3.13750004768372
7.241741	0.0398750007152557	7.247974	3.14062523841858
7.264295	0.0375000014901161	7.270533	3.14237523078918
7.286852	0.0377500019967556	7.293084	3.14350008964539
7.309408	0.0368750020861626	7.315641	3.14475011825562
7.331964	0.0373750030994415	7.338209	3.1458752155304
7.354528	0.0375000014901161	7.360766	3.14825010299683
7.377085	0.038500003516674	7.383317	3.15150022506714
7.399644	0.0392500013113022	7.405876	3.15412521362305
7.4222	0.0401250012218952	7.428433	3.15775012969971
7.444751	0.0420000031590462	7.450989	3.15950012207031
7.467333	0.0398750007152557	7.473583	3.16012525558472
7.489909	0.0375000014901161	7.496142	3.16075015068054
7.512462	0.0387500002980232	7.518694	3.16212511062622
7.535012	0.0398750007152557	7.541249	3.16500020027161
7.557567	0.0397500023245811	7.563799	3.16800022125244
7.580134	0.0406250022351742	7.586368	3.17137503623962
7.602743	0.0411250032484531	7.608977	3.17300009727478
7.625295	0.0401250012218952	7.631527	3.17400026321411
7.647846	0.0400000028312206	7.65408	3.17400026321411
7.670405	0.0393750034272671	7.676638	3.17525005340576
7.692957	0.0380000025033951	7.699194	3.17562508583069
7.715513	0.0402500033378601	7.72175	3.17762517929077
7.738068	0.0403750017285347	7.7443	3.17925024032593
7.760628	0.0423750020563602	7.766861	3.18037509918213
7.783189	0.0406250022351742	7.789427	3.18025016784668
7.805749	0.0398750007152557	7.811987	3.17787504196167
7.828316	0.0408750027418137	7.834548	3.17475008964539
7.850873	0.0401250012218952	7.857106	3.17050004005432
7.873425	0.0417500026524067	7.879663	3.16637516021729
7.895981	0.0406250022351742	7.902218	3.1626250743866
7.918537	0.0428750030696392	7.92477	3.15987515449524
7.941092	0.0440000034868717	7.947325	3.15625023841858
7.963678	0.0422500036656857	7.969919	3.15212512016296
7.986242	0.0390000008046627	7.992475	3.14725017547607
8.008806	0.0418750010430813	8.01504	3.14275026321411
8.031362	0.0405000001192093	8.037594	3.13825011253357
8.05391	0.0427500009536743	8.060143	3.13612508773804
8.076463	0.0425000004470348	8.082701	3.13450026512146
8.099029	0.0430000014603138	8.105261	3.13375020027161
8.121586	0.0445000007748604	8.127834	3.13275003433228
8.144113	0.0425000004470348	8.150351	3.13037514686584
8.166672	0.0423750020563602	8.172905	3.12875008583069
8.189229	0.0430000014603138	8.195462	3.12612509727478
8.211786	0.0426250025629997	8.218014	3.12500023841858
8.234336	0.0437500029802322	8.240572	3.12575006484985
8.256892	0.0430000014603138	8.263125	3.12625026702881
8.279449	0.0438750013709068	8.28568	3.12712526321411
8.302007	0.0456250011920929	8.30824	3.12737512588501
8.32456	0.0436250008642673	8.330797	3.12687516212463
8.347117	0.0413750037550926	8.35335	3.12687516212463
8.369675	0.0431250035762787	8.375907	3.12625026702881
8.392231	0.0446250028908253	8.398465	3.12712526321411
8.414782	0.0445000007748604	8.42102	3.12975025177002
8.437337	0.0437500029802322	8.443571	3.13250017166138
8.459894	0.0465000011026859	8.466133	3.13700008392334
8.482472	0.0457500033080578	8.488705	3.14112520217896
8.505016	0.0442500002682209	8.511248	3.14500021934509
8.527569	0.0445000007748604	8.533802	3.1496250629425
8.550127	0.0436250008642673	8.556359	3.15550017356873
8.572698	0.0450000017881393	8.578935	3.16200017929077
8.595267	0.0441250018775463	8.601501	3.17112517356873
8.617847	0.0447500012814999	8.624094	3.18050026893616
8.640425	0.0475000031292439	8.646657	3.19012522697449
8.662996	0.0471250005066395	8.669233	3.19862508773804
8.685558	0.0455000028014183	8.691796	3.20625019073486
8.70812	0.0447500012814999	8.714353	3.21287512779236
8.73068	0.0448750033974648	8.736914	3.22062516212463
8.753231	0.0465000011026859	8.759469	3.22887516021729
8.775788	0.0460000038146973	8.782026	3.23675012588501
8.798345	0.0472500026226044	8.804577	3.24587512016296
8.820901	0.0476250015199184	8.827133	3.25287508964539
8.843463	0.0466250032186508	8.8497	3.25862526893616
8.86602	0.0450000017881393	8.872257	3.26375007629395
8.888606	0.0463750027120113	8.894839	3.26812505722046
8.911153	0.0466250032186508	8.917385	3.27237510681152
8.933707	0.0467500016093254	8.939945	3.27812504768372
8.956262	0.0470000021159649	8.96252	3.28337526321411
8.978858	0.0471250005066395	8.98509	3.28837513923645
9.001415	0.0486250035464764	9.007647	3.29287505149841
9.023968	0.047375001013279	9.030206	3.29525017738342
9.046527	0.0468750037252903	9.05276	3.29762506484985
9.069088	0.0468750037252903	9.075321	3.29950022697449
9.091642	0.0466250032186508	9.097876	3.30225014686584
9.114198	0.0472500026226044	9.120432	3.30525016784668
9.136751	0.047375001013279	9.142993	3.30887508392334
9.159314	0.049625001847744	9.165547	3.31237506866455
9.181864	0.049125000834465	9.188091	3.31450009346008
9.204444	0.0468750037252903	9.210685	3.31575012207031
9.227023	0.0477500036358833	9.233256	3.31662511825562
9.249596	0.0470000021159649	9.255823	3.31687521934509
9.272153	0.0483750030398369	9.278406	3.31850004196167
9.294729	0.0481250025331974	9.300966	3.32075023651123
9.317288	0.0472500026226044	9.323521	3.32387518882751
9.339845	0.051000002771616	9.346078	3.32575011253357
9.362412	0.0493750013411045	9.368644	3.32675004005432
9.384964	0.0476250015199184	9.391202	3.32712507247925
9.40752	0.0476250015199184	9.413753	3.32662510871887
9.430078	0.048250000923872	9.43631	3.32750010490417
9.452642	0.0486250035464764	9.45888	3.32887506484985
9.475218	0.048750001937151	9.481457	3.33087515830994
9.497787	0.0493750013411045	9.50402	3.33312511444092
9.520344	0.0506250038743019	9.526577	3.33462524414062
9.542897	0.0501250028610229	9.549135	3.33562517166138
9.565454	0.0500000007450581	9.571691	3.3353750705719
9.588013	0.0502500012516975	9.594271	3.33475017547607
9.610597	0.0483750030398369	9.616824	3.3353750705719
9.633151	0.0480000004172325	9.639389	3.33637523651123
9.655709	0.049125000834465	9.661946	3.33850026130676
9.678271	0.0507500022649765	9.684504	3.34075021743774
9.700829	0.0526250042021275	9.707062	3.34212517738342
9.723381	0.0501250028610229	9.729619	3.34275007247925
9.745938	0.0485000014305115	9.752175	3.34250020980835
9.768494	0.0492500029504299	9.774726	3.34225010871887
9.79105	0.0497500039637089	9.797282	3.34312510490417
9.813615	0.0507500022649765	9.819852	3.34462523460388
9.836173	0.0512500032782555	9.842417	3.34700012207031
9.858737	0.053250003606081	9.864969	3.3490002155304
9.881293	0.0516250021755695	9.887526	3.3510000705719
9.903859	0.049625001847744	9.910096	3.35087513923645
9.926415	0.0501250028610229	9.932648	3.350750207901
9.948971	0.0493750013411045	9.955203	3.35150027275085
9.971545	0.0503750033676624	9.977778	3.35312509536743
9.99414	0.0503750033676624	10.000377	3.35500025749207
10.016696	0.050500001758337	10.02293	3.35862517356873
10.039255	0.0521250031888485	10.045487	3.36012506484985
10.061806	0.0525000020861626	10.068039	3.36187505722046
10.084359	0.0561250038444996	10.090597	3.36237525939941
10.106915	0.0512500032782555	10.113149	3.36200022697449
10.129472	0.0513750016689301	10.135705	3.36337518692017
10.15203	0.0511250011622906	10.158263	3.36512517929077
10.174587	0.0506250038743019	10.180825	3.36800026893616
10.19714	0.052750002592802	10.203383	3.37125015258789
10.219701	0.0535000041127205	10.225928	3.3730001449585
10.242255	0.0537500008940697	10.248491	3.37487506866455
10.264812	0.051875002682209	10.271045	3.37550020217896
10.287366	0.0515000037848949	10.293594	3.37637519836426
10.309922	0.0497500039637089	10.316155	3.37737512588501
10.332477	0.0516250021755695	10.33871	3.37925004959106
10.355029	0.051875002682209	10.361267	3.382000207901
10.377588	0.0530000030994415	10.383821	3.38600015640259
10.400146	0.0550000034272671	10.406378	3.38737511634827
10.422703	0.0513750016689301	10.428941	3.38887524604797
10.445259	0.051000002771616	10.451496	3.38912510871887
10.467833	0.0502500012516975	10.474065	3.3892502784729
10.490389	0.0513750016689301	10.496621	3.39100027084351
10.51294	0.0522500015795231	10.519177	3.39362525939941
10.535512	0.0521250031888485	10.541749	3.39625024795532
10.55806	0.0575000010430813	10.564298	3.39900016784668
10.580622	0.0533750019967556	10.586854	3.40050005912781
10.603218	0.052375003695488	10.609453	3.40175008773804
10.625782	0.0526250042021275	10.632021	3.40175008773804
10.648342	0.051875002682209	10.654575	3.40250015258789
10.670899	0.0513750016689301	10.677131	3.40400004386902
10.69346	0.0520000010728836	10.699698	3.40637516975403
10.716022	0.0516250021755695	10.72226	3.40937519073486
10.738606	0.052750002592802	10.744839	3.41137504577637
10.761157	0.0545000024139881	10.76739	3.41300010681152
10.783712	0.0516250021755695	10.78995	3.41312527656555
10.806269	0.0525000020861626	10.812502	3.41312527656555
10.828827	0.0522500015795231	10.835059	3.41387510299683
10.851386	0.0531250014901161	10.857619	3.41562509536743
10.873946	0.0531250014901161	10.880183	3.41737508773804
10.896502	0.0515000037848949	10.902735	3.41962504386902
10.919062	0.0560000017285347	10.925294	3.4216251373291
10.941618	0.0535000041127205	10.947851	3.42300009727478
10.964188	0.0525000020861626	10.970433	3.42287516593933
10.986756	0.0530000030994415	10.992993	3.4225001335144
11.009318	0.0568750016391277	11.01555	3.42300009727478
11.031874	0.0535000041127205	11.038118	3.42487525939941
11.054437	0.054125003516674	11.060675	3.42662525177002
11.076994	0.0551250018179417	11.083226	3.4291250705719
11.099541	0.0552500039339066	11.105774	3.43037509918213
11.122102	0.054125003516674	11.128335	3.43137526512146
11.144654	0.0535000041127205	11.150891	3.43100023269653
11.167212	0.0546250008046627	11.173461	3.4300000667572
11.189786	0.0536250025033951	11.196018	3.43100023269653
11.212339	0.051875002682209	11.218572	3.43312525749207
11.234891	0.0537500008940697	11.241129	3.43500018119812
11.257437	0.0562500022351742	11.26368	3.43675017356873
11.280004	0.0557500012218952	11.286236	3.43800020217896
11.302556	0.0520000010728836	11.308794	3.43787527084351
11.325115	0.0547500029206276	11.331348	3.43675017356873
11.347671	0.0537500008940697	11.353949	3.4370002746582
11.370277	0.0531250014901161	11.37651	3.43825006484985
11.392835	0.0545000024139881	11.399068	3.43962526321411
11.415391	0.0550000034272671	11.421624	3.44187521934509
11.437944	0.0575000010430813	11.444177	3.44325017929077
11.460501	0.0553750023245811	11.466739	3.4436252117157
11.483081	0.0552500039339066	11.489318	3.4436252117157
11.505637	0.0543750040233135	11.511875	3.4427502155304
11.528208	0.0548750013113022	11.534441	3.44312524795532
11.550765	0.0540000014007092	11.556998	3.44425010681152
11.573317	0.0548750013113022	11.57955	3.44550013542175
11.595895	0.055500004440546	11.602136	3.44775009155273
11.618458	0.0565000027418137	11.624691	3.44875025749207
11.641018	0.054125003516674	11.647251	3.44900012016296
11.663579	0.0543750040233135	11.669817	3.44937515258789
11.686153	0.0540000014007092	11.692386	3.44850015640259
11.708706	0.0548750013113022	11.714938	3.44825005531311
11.731263	0.0550000034272671	11.737496	3.44912505149841
11.753815	0.0543750040233135	11.760053	3.45137524604797
11.776372	0.0572500042617321	11.782605	3.45300006866455
11.798929	0.0572500042617321	11.805162	3.4537501335144
11.821485	0.0558750033378601	11.827717	3.45400023460388
11.844061	0.0553750023245811	11.850298	3.4526252746582
11.866617	0.0546250008046627	11.87285	3.45237517356873
11.889188	0.0550000034272671	11.89542	3.45312523841858
11.91174	0.0552500039339066	11.917973	3.45412516593933
11.934292	0.0553750023245811	11.94053	3.45637512207031
11.956848	0.0566250011324883	11.963099	3.45737504959106
11.979431	0.0576250031590462	11.985663	3.45737504959106
12.001989	0.0558750033378601	12.008222	3.45775008201599
12.024541	0.0545000024139881	12.030778	3.45675015449524
12.047096	0.0553750023245811	12.053329	3.45662522315979
12.069658	0.0551250018179417	12.075891	3.45700025558472
12.092229	0.0556250028312206	12.098462	3.45862507820129
12.114782	0.0562500022351742	12.121019	3.46050024032593
12.137338	0.0581250041723251	12.143571	3.46187520027161
12.159895	0.0572500042617321	12.166127	3.4621250629425
12.182446	0.0561250038444996	12.188697	3.46175026893616
12.205016	0.0563750043511391	12.211253	3.46025013923645
12.227573	0.055500004440546	12.233806	3.46025013923645
12.25013	0.0565000027418137	12.256362	3.46087527275085
12.272702	0.0565000027418137	12.27894	3.46225023269653
12.295251	0.0588750019669533	12.301485	3.46412515640259
12.317822	0.0581250041723251	12.324055	3.46500015258789
12.340379	0.0573750026524067	12.346612	3.46512508392334
12.362931	0.0570000037550926	12.369169	3.46387505531311
12.385489	0.0558750033378601	12.391727	3.46337509155273
12.408046	0.0562500022351742	12.41428	3.46350026130676
12.430604	0.0551250018179417	12.436838	3.46450018882751
12.45319	0.0568750016391277	12.459422	3.46525025367737
12.475735	0.0575000010430813	12.481974	3.46725010871887
12.49831	0.0588750019669533	12.504542	3.46775007247925
12.520864	0.0562500022351742	12.527098	3.46812510490417
12.54342	0.0568750016391277	12.549652	3.46700024604797
12.565973	0.0553750023245811	12.572206	3.46625018119812
12.58853	0.0561250038444996	12.594762	3.46612524986267
12.611124	0.0568750016391277	12.617353	3.4673752784729
12.633688	0.0568750016391277	12.639927	3.46900010108948
12.65625	0.0592500045895576	12.662502	3.47062516212463
12.678827	0.0587500035762787	12.68506	3.47062516212463
12.701384	0.0566250011324883	12.707616	3.47075009346008
12.723947	0.0562500022351742	12.730184	3.4693751335144
12.746503	0.0573750026524067	12.752736	3.46925020217896
12.769065	0.0580000020563602	12.775298	3.46900010108948
12.791622	0.0570000037550926	12.797854	3.47012519836426
12.814176	0.0581250041723251	12.820413	3.47225022315979
12.836732	0.0602500028908253	12.842965	3.47337508201599
12.859291	0.0572500042617321	12.865523	3.47325015068054
12.881846	0.0575000010430813	12.888079	3.47325015068054
12.904397	0.0567500032484531	12.910635	3.47237515449524
12.926953	0.0577500015497208	12.933186	3.47125005722046
12.949513	0.0571250021457672	12.955745	3.47237515449524
12.972102	0.0578750036656857	12.978336	3.4740002155304
12.994663	0.0588750019669533	13.000901	3.4751250743866
13.017223	0.0595000013709068	13.023462	3.47650027275085
13.039787	0.0568750016391277	13.04602	3.47612524032593
13.06234	0.0577500015497208	13.068573	3.47450017929077
13.084893	0.0567500032484531	13.09113	3.47412514686584
13.107449	0.0560000017285347	13.113681	3.47475028038025
13.130005	0.0577500015497208	13.136238	3.4751250743866
13.152593	0.0576250031590462	13.15883	3.4768750667572
13.17514	0.0593750029802322	13.181373	3.47812509536743
13.197693	0.0595000013709068	13.203926	3.47900009155273
13.220251	0.0565000027418137	13.226483	3.47900009155273
13.242803	0.0575000010430813	13.24904	3.47750020027161
13.265359	0.0573750026524067	13.271596	3.4777500629425
13.287919	0.0575000010430813	13.294152	3.47725009918213
13.310471	0.0583750009536743	13.316703	3.47837519645691
13.333036	0.0578750036656857	13.339275	3.48037505149841
13.355597	0.0600000023841858	13.361829	3.48125004768372
13.378149	0.0595000013709068	13.384381	3.4821252822876
13.400706	0.0576250031590462	13.406939	3.48187518119812
13.423259	0.0618750043213367	13.429497	3.48075008392334
13.445817	0.0578750036656857	13.452054	3.48062515258789
13.468377	0.0586250014603138	13.474609	3.48100018501282
13.490932	0.0582500025629997	13.497164	3.48187518119812
13.513483	0.0611250028014183	13.51972	3.48400020599365
13.536048	0.0598750039935112	13.542286	3.48450016975403
13.558609	0.0608750022947788	13.564841	3.48562526702881
13.581159	0.0580000020563602	13.587387	3.48512506484985
13.603727	0.0578750036656857	13.609963	3.48450016975403
13.626278	0.0577500015497208	13.632511	3.48400020599365
13.648839	0.0590000040829182	13.655072	3.48462510108948
13.671395	0.0586250014603138	13.677628	3.48587512969971
13.693954	0.0601250045001507	13.700192	3.48762512207031
13.716527	0.0606250017881393	13.722761	3.48850011825562
13.73908	0.0578750036656857	13.745313	3.48950028419495
13.761638	0.0582500025629997	13.767872	3.48825025558472
13.784191	0.0576250031590462	13.790429	3.48775005340576
13.806749	0.0581250041723251	13.812991	3.48712515830994
13.829315	0.0595000013709068	13.835548	3.48825025558472
13.851871	0.0588750019669533	13.858116	3.49037528038025
13.874435	0.0611250028014183	13.880672	3.49187517166138
13.897006	0.0598750039935112	13.903239	3.49300026893616
13.919555	0.0591250024735928	13.925788	3.49300026893616
13.942112	0.0583750009536743	13.948344	3.49175024032593
13.96468	0.0575000010430813	13.97092	3.4916250705719
13.987244	0.0586250014603138	13.993476	3.49212527275085
14.009802	0.0586250014603138	14.016035	3.49275016784668
14.032353	0.0591250024735928	14.038606	3.49450016021729
14.054941	0.0606250017881393	14.061184	3.49612522125244
14.077502	0.0606250017881393	14.08374	3.49687504768372
14.100065	0.0565000027418137	14.106297	3.49725008010864
14.122616	0.0587500035762787	14.128854	3.49587512016296
14.145174	0.0592500045895576	14.151411	3.49562525749207
14.16773	0.0593750029802322	14.173963	3.49575018882751
14.190287	0.0577500015497208	14.196519	3.49712514877319
14.212838	0.0641250014305115	14.219083	3.4995002746582
14.235414	0.0606250017881393	14.241652	3.5006251335144
14.257986	0.0598750039935112	14.264219	3.50125026702881
14.280539	0.0627500042319298	14.286771	3.50025010108948
14.303095	0.0591250024735928	14.309333	3.4997501373291
14.325652	0.0585000030696392	14.331889	3.49925017356873
14.348209	0.0588750019669533	14.354442	3.50012516975403
14.370766	0.0593750029802322	14.376993	3.50212526321411
14.393314	0.0615000016987324	14.399552	3.50350022315979
14.415871	0.0610000044107437	14.422109	3.50475025177002
14.438431	0.0588750019669533	14.444663	3.50462508201599
14.460998	0.0598750039935112	14.467235	3.50437521934509
14.48358	0.0625	14.489819	3.50350022315979
14.50614	0.0595000013709068	14.512372	3.50312519073486
14.528692	0.0600000023841858	14.534925	3.50425004959106
14.55125	0.0605000033974648	14.557482	3.5061252117157
14.573802	0.0605000033974648	14.580039	3.50750017166138
14.596379	0.0627500042319298	14.602628	3.50825023651123
14.618956	0.0601250045001507	14.625195	3.5081250667572
14.641528	0.0602500028908253	14.647761	3.50737524032593
14.664082	0.0590000040829182	14.670315	3.50712513923645
14.686637	0.0591250024735928	14.69287	3.5072500705719
14.709198	0.0601250045001507	14.715431	3.5078752040863
14.731752	0.0611250028014183	14.737985	3.50987505912781
14.754305	0.0612500011920929	14.760537	3.51100015640259
14.776854	0.0593750029802322	14.783087	3.51187515258789
14.799415	0.0605000033974648	14.805648	3.51162505149841
14.821971	0.0588750019669533	14.828204	3.51050019264221
14.844524	0.0593750029802322	14.850762	3.51000022888184
14.86708	0.0593750029802322	14.873314	3.51025009155273
14.889639	0.0597500018775463	14.895872	3.51187515258789
14.912196	0.0602500028908253	14.918429	3.51325011253357
14.934747	0.0622500032186508	14.940984	3.5142502784729
14.957302	0.0603750012814999	14.963553	3.51500010490417
14.979901	0.0608750022947788	14.986133	3.51375007629395
15.002448	0.0598750039935112	15.008704	3.5136251449585
15.025025	0.0592500045895576	15.031262	3.51175022125244
15.047581	0.0627500042319298	15.053814	3.5133752822876
15.07014	0.0607500039041042	15.076372	3.51525020599365
15.092702	0.0621250011026859	15.098939	3.51637506484985
15.115258	0.0618750043213367	15.121494	3.51762509346008
15.137829	0.0618750043213367	15.144062	3.51775026321411
15.1604	0.0612500011920929	15.166632	3.5162501335144
15.182947	0.0603750012814999	15.189179	3.51612520217896
15.205498	0.0571250021457672	15.211736	3.51575016975403
15.228056	0.0610000044107437	15.234289	3.51600027084351
15.250614	0.0605000033974648	15.256841	3.51787519454956
15.273186	0.065250001847744	15.279423	3.51912522315979
15.295742	0.0618750043213367	15.301979	3.52025008201599
15.318316	0.0607500039041042	15.324548	3.52037525177002
15.340871	0.0641250014305115	15.347103	3.51862525939941
15.363435	0.0593750029802322	15.369672	3.51837515830994
15.385991	0.0588750019669533	15.392228	3.51837515830994
15.40855	0.0597500018775463	15.414777	3.51900005340576
15.431104	0.0592500045895576	15.437337	3.52112507820129
15.453663	0.0621250011026859	15.4599	3.52187514305115
15.476221	0.0607500039041042	15.482454	3.52212524414062
15.498765	0.0621250011026859	15.505003	3.52125024795532
15.521328	0.0597500018775463	15.52756	3.52075028419495
15.543878	0.0596250034868717	15.550115	3.51975011825562
15.566436	0.0607500039041042	15.572688	3.52037525177002
15.58902	0.0608750022947788	15.595264	3.5220000743866
15.611593	0.0618750043213367	15.617831	3.52337527275085
15.634152	0.0625	15.640385	3.52425026893616
15.656705	0.0602500028908253	15.662938	3.52475023269653
15.679263	0.0603750012814999	15.685495	3.52300024032593
15.701819	0.0615000016987324	15.708052	3.52325010299683
15.724371	0.0596250034868717	15.730609	3.52250027656555
15.746932	0.0606250017881393	15.75318	3.52300024032593
15.769503	0.0596250034868717	15.775735	3.52487516403198
15.792057	0.0632500052452087	15.798319	3.52612519264221
15.814638	0.0632500052452087	15.820872	3.52650022506714
15.837192	0.0610000044107437	15.843424	3.52687525749207
15.859741	0.0608750022947788	15.865973	3.52562522888184
15.882313	0.0606250017881393	15.888546	3.52525019645691
15.904868	0.0597500018775463	15.911106	3.52475023269653
15.927426	0.0603750012814999	15.933661	3.52525019645691
15.949987	0.0640000030398369	15.956219	3.52712512016296
15.972563	0.0626250058412552	15.978801	3.52850008010864
15.995124	0.0640000030398369	16.001362	3.5290002822876
16.01768	0.0606250017881393	16.023914	3.52875018119812
16.040239	0.0605000033974648	16.046471	3.52800011634827
16.062792	0.0608750022947788	16.06903	3.52775025367737
16.085348	0.0606250017881393	16.091585	3.52712512016296
16.10792	0.0603750012814999	16.114153	3.52837514877319
16.130469	0.0613750033080578	16.136701	3.5298752784729
16.153022	0.0635000020265579	16.159259	3.53025007247925
16.175579	0.0648750066757202	16.181811	3.53162527084351
16.198131	0.0603750012814999	16.204364	3.53062510490417
16.220688	0.0607500039041042	16.226921	3.5298752784729
16.243239	0.0586250014603138	16.249476	3.52912521362305
16.265795	0.0620000027120113	16.272027	3.52962517738342
16.288359	0.0616250038146973	16.294592	3.5310001373291
16.310915	0.0610000044107437	16.317148	3.53225016593933
16.333468	0.0622500032186508	16.339706	3.53350019454956
16.356024	0.0612500011920929	16.362261	3.53400015830994
16.3786	0.0605000033974648	16.384833	3.53225016593933
16.401158	0.0602500028908253	16.40739	3.53225016593933
16.423708	0.0642499998211861	16.429946	3.53087520599365
16.446264	0.0602500028908253	16.452497	3.53200006484985
16.468832	0.0615000016987324	16.475065	3.53350019454956
16.491402	0.0620000027120113	16.497634	3.53475022315979
16.513953	0.0653750002384186	16.52019	3.53600025177002
16.5365	0.0610000044107437	16.542739	3.53587508201599
16.559064	0.0607500039041042	16.565297	3.53487515449524
16.58162	0.0608750022947788	16.587852	3.53437519073486
16.604191	0.0610000044107437	16.610425	3.53412508964539
16.626756	0.0617500022053719	16.633038	3.53450012207031
16.649382	0.0615000016987324	16.655615	3.53600025177002
16.671931	0.0657500028610229	16.678164	3.5373752117157
16.694486	0.0666250064969063	16.700724	3.53787517547607
16.717042	0.0623750016093254	16.72328	3.53775024414062
16.739604	0.0612500011920929	16.745836	3.53675007820129
16.76216	0.0608750022947788	16.768403	3.53562521934509
16.784722	0.0620000027120113	16.790961	3.53600025177002
16.80728	0.0622500032186508	16.813513	3.53750014305115
16.829835	0.0583750009536743	16.836068	3.53875017166138
16.852389	0.0636250004172325	16.858622	3.53975009918213
16.874943	0.063000001013279	16.88118	3.5402500629425
16.897499	0.063000001013279	16.903733	3.5393750667572
16.920054	0.0620000027120113	16.926287	3.5385000705719
16.942607	0.0615000016987324	16.94884	3.53775024414062
16.965176	0.0616250038146973	16.971421	3.53837513923645
16.987743	0.0616250038146973	16.993982	3.53975009918213
17.010323	0.0621250011026859	17.016556	3.54062509536743
17.032876	0.0643750056624413	17.039109	3.54237508773804
17.055429	0.0643750056624413	17.061666	3.54212522506714
17.077986	0.0616250038146973	17.084218	3.54137516021729
17.100542	0.0615000016987324	17.106775	3.54100012779236
17.123094	0.0616250038146973	17.129332	3.53987526893616
17.145651	0.0622500032186508	17.151883	3.54000020027161
17.168216	0.0615000016987324	17.17445	3.54262518882751
17.190775	0.0628750026226044	17.197008	3.54300022125244
17.213326	0.0623750016093254	17.219564	3.5446252822876
17.235882	0.0622500032186508	17.242119	3.54437518119812
17.258438	0.0621250011026859	17.264671	3.54312515258789
17.280996	0.0608750022947788	17.287229	3.54250025749207
17.303565	0.0595000013709068	17.309803	3.54187512397766
17.326121	0.0617500022053719	17.332354	3.54237508773804
17.348693	0.0623750016093254	17.354925	3.54400014877319
17.371241	0.0642499998211861	17.377474	3.54537510871887
17.393795	0.0631249994039536	17.400032	3.54625010490417
17.41635	0.0620000027120113	17.422592	3.5457501411438
17.438916	0.0620000027120113	17.445149	3.5448751449585
17.461471	0.0620000027120113	17.467704	3.54387521743774
17.484049	0.0625	17.490287	3.54375028610229
17.506608	0.0621250011026859	17.512846	3.54500007629395
17.529183	0.0638750046491623	17.535415	3.54600024223328
17.551739	0.0638750046491623	17.557972	3.54712510108948
17.574283	0.0628750026226044	17.58052	3.54775023460388
17.596862	0.0662500038743019	17.603107	3.54725027084351
17.61943	0.0616250038146973	17.625658	3.5463752746582
17.641985	0.065250001847744	17.648218	3.54525017738342
17.66454	0.0617500022053719	17.670778	3.54562520980835
17.687097	0.0621250011026859	17.69333	3.54675006866455
17.709654	0.0628750026226044	17.715886	3.54825019836426
17.732226	0.0635000020265579	17.738458	3.54937505722046
17.75477	0.0621250011026859	17.761002	3.54950022697449
17.777321	0.0623750016093254	17.783571	3.54900026321411
17.799896	0.0603750012814999	17.806128	3.54775023460388
17.822447	0.0603750012814999	17.828698	3.54725027084351
17.845017	0.0632500052452087	17.851255	3.54762506484985
17.867574	0.0620000027120113	17.873807	3.54900026321411
17.890131	0.0632500052452087	17.896363	3.55012512207031
17.912702	0.0642499998211861	17.918935	3.55112504959106
17.935257	0.0623750016093254	17.941491	3.55137515068054
17.957841	0.0618750043213367	17.964092	3.55000019073486
17.980429	0.0592500045895576	17.986661	3.54937505722046
18.002994	0.0625	18.009228	3.54912519454956
18.025541	0.0627500042319298	18.031799	3.54937505722046
18.048127	0.0621250011026859	18.054359	3.55100011825562
18.07068	0.0690000057220459	18.076915	3.55237507820129
18.09325	0.064750000834465	18.099488	3.5530002117157
18.115808	0.0617500022053719	18.12204	3.55187511444092
18.138362	0.0632500052452087	18.144595	3.55175018310547
18.160918	0.0620000027120113	18.16715	3.55050015449524
18.183469	0.0631249994039536	18.189706	3.55087518692017
18.206026	0.0616250038146973	18.212264	3.55150008201599
18.228603	0.0626250058412552	18.234835	3.55287528038025
18.251163	0.0640000030398369	18.257396	3.55375027656555
18.273728	0.0678750053048134	18.279965	3.55437517166138
18.29629	0.0622500032186508	18.302523	3.55400013923645
18.318847	0.0623750016093254	18.32508	3.5532500743866
18.341399	0.0625	18.347631	3.5521252155304
18.36395	0.0626250058412552	18.370187	3.55225014686584
18.386506	0.0610000044107437	18.392739	3.5530002117157
18.409062	0.0633750036358833	18.415294	3.55512523651123
18.43163	0.0651250034570694	18.437863	3.5558750629425
18.454182	0.0632500052452087	18.460415	3.55625009536743
18.476792	0.0626250058412552	18.483057	3.55512523651123
18.499437	0.0602500028908253	18.505697	3.55375027656555
18.522075	0.0607500039041042	18.528342	3.55350017547607
18.544668	0.0631249994039536	18.550901	3.55350017547607
18.567214	0.0628750026226044	18.573471	3.55525016784668
18.589796	0.0640000030398369	18.596054	3.55712509155273
18.612384	0.0648750066757202	18.618634	3.55762505531311
18.634971	0.0628750026226044	18.64121	3.55737519264221
18.657534	0.0631249994039536	18.663767	3.55637526512146
18.680091	0.0627500042319298	18.686324	3.55487513542175
18.702643	0.0618750043213367	18.708881	3.55525016784668
18.7252	0.0622500032186508	18.731436	3.55562520027161
18.747756	0.063000001013279	18.753989	3.55712509155273
18.770312	0.0645000040531158	18.776545	3.55850005149841
18.792869	0.0641250014305115	18.799106	3.55912518501282
18.815426	0.0642499998211861	18.821663	3.55850005149841
18.837983	0.0617500022053719	18.844216	3.55775022506714
18.86054	0.0626250058412552	18.866773	3.55650019645691
18.883092	0.0632500052452087	18.889329	3.55650019645691
18.905649	0.0628750026226044	18.911886	3.55750012397766
18.928206	0.0627500042319298	18.934439	3.55900025367737
18.950763	0.064750000834465	18.956996	3.56000018119812
18.973346	0.0657500028610229	18.979586	3.56075024604797
18.995914	0.0623750016093254	19.002146	3.55987524986267
19.018472	0.0625	19.024711	3.55825018882751
19.041035	0.0621250011026859	19.047268	3.55850005149841
19.063595	0.063000001013279	19.069828	3.55825018882751
19.08615	0.0648750066757202	19.092384	3.55925011634827
19.108711	0.0642499998211861	19.114944	3.5605001449585
19.131269	0.0643750056624413	19.137501	3.56187510490417
19.15386	0.0661250054836273	19.160097	3.56187510490417
19.176417	0.0622500032186508	19.182649	3.56100010871887
19.198976	0.0625	19.205208	3.55937528610229
19.221533	0.0626250058412552	19.227765	3.55925011634827
19.244069	0.063000001013279	19.250306	3.56037521362305
19.266625	0.0627500042319298	19.272858	3.5613751411438
19.289181	0.0635000020265579	19.295414	3.56262516975403
19.311738	0.0646250024437904	19.317971	3.56362509727478
19.33429	0.0627500042319298	19.340529	3.56300020217896
19.356861	0.0626250058412552	19.363094	3.5620002746582
19.379413	0.0628750026226044	19.385646	3.56087517738342
19.40197	0.0625	19.408209	3.56075024604797
19.424528	0.0618750043213367	19.430765	3.56162524223328
19.447083	0.0635000020265579	19.453316	3.56262516975403
19.469654	0.0636250004172325	19.475888	3.56425023078918
19.492214	0.0633750036358833	19.498446	3.56512522697449
19.514764	0.0633750036358833	19.521002	3.56475019454956
19.537335	0.0626250058412552	19.543571	3.56287527084351
19.559886	0.0615000016987324	19.566118	3.56250023841858
19.582439	0.0620000027120113	19.588673	3.56275010108948
19.60501	0.0622500032186508	19.611244	3.5631251335144
19.627562	0.0627500042319298	19.633801	3.56475019454956
19.650127	0.0648750066757202	19.656354	3.56587505340576
19.672698	0.0640000030398369	19.678936	3.56575012207031
19.695255	0.0633750036358833	19.701488	3.56562519073486
19.717831	0.0627500042319298	19.724064	3.56437516212463
19.740386	0.0628750026226044	19.746618	3.56362509727478
19.762947	0.0631249994039536	19.769185	3.56350016593933
19.785505	0.0632500052452087	19.791742	3.56475019454956
19.808062	0.0642499998211861	19.814294	3.56625008583069
19.830618	0.065250001847744	19.83685	3.56725025177002
19.853184	0.0641250014305115	19.859421	3.56687521934509
19.87574	0.0637500062584877	19.881978	3.56675028800964
19.898318	0.0613750033080578	19.90455	3.56500005722046
19.920874	0.0676250010728836	19.927107	3.56475019454956
19.943427	0.0621250011026859	19.949665	3.56462526321411
19.966001	0.0633750036358833	19.972245	3.56612515449524
19.988574	0.0653750002384186	19.994807	3.56750011444092
20.01113	0.0648750066757202	20.017362	3.56850028038025
20.033681	0.0637500062584877	20.039919	3.56812524795532
20.056239	0.0635000020265579	20.062473	3.56712508201599
20.078806	0.0631249994039536	20.085039	3.56575012207031
20.101361	0.0628750026226044	20.107594	3.56612515449524
20.123915	0.0638750046491623	20.130152	3.56675028800964
20.146476	0.0643750056624413	20.152709	3.56712508201599
20.16903	0.063000001013279	20.175262	3.5686252117157
20.191588	0.0642499998211861	20.197845	3.56962513923645
20.214173	0.0625	20.220405	3.5688750743866
20.236742	0.0636250004172325	20.242994	3.56762528419495
20.259314	0.0628750026226044	20.265546	3.56725025177002
20.281872	0.0627500042319298	20.288116	3.56662511825562
20.304435	0.0611250028014183	20.310673	3.56812524795532
20.326993	0.0643750056624413	20.333226	3.5688750743866
20.349551	0.0650000050663948	20.355783	3.5703752040863
20.372107	0.064750000834465	20.37834	3.57087516784668
20.394658	0.0631249994039536	20.400896	3.57012510299683
20.417217	0.0625	20.423463	3.56800007820129
20.4398	0.0635000020265579	20.446032	3.56800007820129
20.462354	0.0641250014305115	20.468607	3.56825017929077
20.484928	0.0637500062584877	20.491165	3.56875014305115
20.507485	0.0636250004172325	20.513717	3.57075023651123
20.530042	0.0661250054836273	20.536275	3.57112526893616
20.552594	0.064750000834465	20.558831	3.57137513160706
20.57515	0.0636250004172325	20.581387	3.5703752040863
20.59775	0.0626250058412552	20.603986	3.56937527656555
20.620328	0.063000001013279	20.626564	3.56900024414062
20.642897	0.0622500032186508	20.649135	3.56875014305115
20.665461	0.063000001013279	20.671699	3.57087516784668
20.688019	0.064750000834465	20.694247	3.5715000629425
20.710575	0.0657500028610229	20.716807	3.57262516021729
20.733127	0.0640000030398369	20.739365	3.57225012779236
20.755684	0.0635000020265579	20.761922	3.57075023651123
20.778243	0.0642499998211861	20.784475	3.57025027275085
20.800805	0.0626250058412552	20.807038	3.57050013542175
20.823375	0.0636250004172325	20.829613	3.57012510299683
20.845932	0.0633750036358833	20.852169	3.57125020027161
20.868489	0.0650000050663948	20.874721	3.57300019264221
20.891046	0.0658750012516975	20.897278	3.57362508773804
20.913597	0.0621250011026859	20.919835	3.57300019264221
20.936154	0.0640000030398369	20.942387	3.57125020027161
20.958705	0.0631249994039536	20.964956	3.57075023651123
20.981286	0.0628750026226044	20.987519	3.5703752040863
21.003862	0.0626250058412552	21.010099	3.57137513160706
21.026422	0.0636250004172325	21.032655	3.57325005531311
21.048983	0.0650000050663948	21.055215	3.57400012016296
21.071539	0.0636250004172325	21.077772	3.57362508773804
21.09407	0.0632500052452087	21.100308	3.57362508773804
21.116628	0.063000001013279	21.12286	3.57237505912781
21.139185	0.0627500042319298	21.145417	3.57137513160706
21.161741	0.063000001013279	21.167974	3.57225012779236
21.184301	0.0628750026226044	21.190533	3.57237505912781
21.206856	0.0651250034570694	21.213089	3.57425022125244
21.229412	0.065250001847744	21.235645	3.57487511634827
21.25197	0.0656250044703484	21.258205	3.57462525367737
21.274526	0.0621250011026859	21.280759	3.57400012016296
21.29708	0.0633750036358833	21.303312	3.57275009155273
21.319631	0.0673750042915344	21.325864	3.57162523269653
21.342184	0.0637500062584877	21.348417	3.57275009155273
21.364752	0.0635000020265579	21.370989	3.57375025749207
21.387308	0.0657500028610229	21.393565	3.57487511634827
21.409892	0.0657500028610229	21.416124	3.57575011253357
21.432449	0.0631249994039536	21.438698	3.57562518119812
21.455018	0.0632500052452087	21.461256	3.57450008392334
21.477578	0.0659999996423721	21.48381	3.57337522506714
21.500125	0.0635000020265579	21.506357	3.57262516021729
21.522699	0.0641250014305115	21.528937	3.57350015640259
21.54526	0.0620000027120113	21.551498	3.57537508010864
21.567831	0.0656250044703484	21.574059	3.57600021362305
21.59038	0.0656250044703484	21.596632	3.57637524604797
21.612965	0.0646250024437904	21.619193	3.57637524604797
21.635516	0.0643750056624413	21.641754	3.57450008392334
21.658072	0.0641250014305115	21.664311	3.57375025749207
21.680637	0.0641250014305115	21.686869	3.57350015640259
21.703188	0.0640000030398369	21.709426	3.57437515258789
21.725745	0.0642499998211861	21.731982	3.57562518119812
21.74832	0.0667500048875809	21.754553	3.57662510871887
21.770894	0.0635000020265579	21.777127	3.57687520980835
21.793466	0.0635000020265579	21.799703	3.57637524604797
21.816024	0.0627500042319298	21.822261	3.57525014877319
21.83861	0.0591250024735928	21.844843	3.57450008392334
21.861169	0.0638750046491623	21.867402	3.57437515258789
21.883721	0.0635000020265579	21.889959	3.57562518119812
21.906279	0.0655000060796738	21.912512	3.57650017738342
21.928836	0.0690000057220459	21.935068	3.57775020599365
21.951407	0.0640000030398369	21.957639	3.57737517356873
21.973977	0.0643750056624413	21.98021	3.5758752822876
21.996534	0.0642499998211861	22.002767	3.57550024986267
22.019092	0.0635000020265579	22.025324	3.57475018501282
22.041648	0.0640000030398369	22.047881	3.57500028610229
22.064201	0.0646250024437904	22.070438	3.5767502784729
22.086757	0.0659999996423721	22.092991	3.57712507247925
22.109315	0.069750003516674	22.115548	3.57800006866455
22.131887	0.0635000020265579	22.13812	3.57775020599365
22.154439	0.0637500062584877	22.160671	3.57712507247925
22.176992	0.0655000060796738	22.183225	3.57600021362305
22.199549	0.0636250004172325	22.205781	3.57525014877319
22.222101	0.0633750036358833	22.228334	3.57575011253357
22.244654	0.0642499998211861	22.250891	3.5776252746582
22.267209	0.0656250044703484	22.273461	3.57825016975403
22.289781	0.0662500038743019	22.296013	3.57887506484985
22.312339	0.0645000040531158	22.318573	3.57837510108948
22.334895	0.0659999996423721	22.341127	3.57712507247925
22.357447	0.0637500062584877	22.36368	3.57625007629395
22.380002	0.0642499998211861	22.386235	3.57562518119812
22.402555	0.064750000834465	22.408792	3.5761251449585
22.425112	0.0646250024437904	22.431344	3.57800006866455
22.447662	0.0678750053048134	22.453895	3.57887506484985
22.470237	0.0646250024437904	22.476469	3.57900023460388
22.492797	0.0633750036358833	22.49903	3.5787501335144
22.51535	0.0646250024437904	22.521588	3.57725024223328
22.537921	0.0648750066757202	22.544154	3.57650017738342
22.560477	0.0631249994039536	22.56671	3.57637524604797
22.583029	0.065250001847744	22.589267	3.5776252746582
22.605604	0.065250001847744	22.611837	3.57912516593933
22.628165	0.0662500038743019	22.634404	3.57937526702881
22.65073	0.0650000050663948	22.656968	3.57950019836426
22.673306	0.0635000020265579	22.679543	3.57737517356873
22.695854	0.0628750026226044	22.702092	3.57725024223328
22.718414	0.0633750036358833	22.724647	3.57662510871887
22.74097	0.0686250030994415	22.747203	3.57687520980835
22.763522	0.0645000040531158	22.76976	3.57800006866455
22.786081	0.064750000834465	22.792314	3.57937526702881
22.808633	0.0653750002384186	22.814866	3.58025026321411
22.831189	0.0645000040531158	22.837422	3.58000016212463
22.853756	0.0636250004172325	22.859993	3.57862520217896
22.876313	0.0633750036358833	22.882546	3.5776252746582
22.898871	0.0661250054836273	22.905104	3.57737517356873
22.921429	0.0643750056624413	22.927663	3.57800006866455
22.943982	0.0640000030398369	22.95022	3.5787501335144
22.966544	0.0661250054836273	22.972796	3.58037519454956
22.989122	0.0656250044703484	22.995354	3.58062505722046
23.011678	0.0667500048875809	23.017925	3.58025026321411
23.034248	0.0650000050663948	23.040485	3.57862520217896
23.056795	0.0642499998211861	23.063028	3.57812523841858
23.079354	0.0638750046491623	23.085586	3.57737517356873
23.101924	0.0638750046491623	23.108163	3.57825016975403
23.12449	0.0650000050663948	23.130728	3.57962512969971
23.147049	0.0655000060796738	23.153282	3.58112525939941
23.169606	0.0643750056624413	23.175838	3.58087515830994
23.192162	0.0640000030398369	23.198404	3.58000016212463
23.214727	0.0635000020265579	23.220964	3.57862520217896
23.237284	0.0632500052452087	23.243517	3.57750010490417
23.259842	0.0653750002384186	23.266075	3.57800006866455
23.282411	0.0640000030398369	23.288644	3.57925009727478
23.304964	0.0659999996423721	23.311197	3.58087515830994
23.327517	0.0710000023245811	23.33375	3.58137512207031
23.350074	0.0631249994039536	23.356307	3.58137512207031
23.372627	0.0645000040531158	23.378864	3.57975006103516
23.395186	0.0641250014305115	23.401418	3.57900023460388
23.417738	0.0626250058412552	23.423972	3.57862520217896
23.440293	0.0636250004172325	23.446526	3.57862520217896
23.46286	0.0650000050663948	23.4691	3.58012509346008
23.485424	0.0665000006556511	23.491657	3.58125019073486
23.507979	0.0663750022649765	23.514212	3.58150005340576
23.530535	0.0617500022053719	23.536768	3.58200025558472
23.553105	0.0637500062584877	23.559342	3.58050012588501
23.575652	0.0637500062584877	23.581884	3.57937526702881
23.598261	0.0640000030398369	23.604496	3.57925009727478
23.620817	0.0645000040531158	23.627044	3.57900023460388
23.64338	0.0625	23.649618	3.58100008964539
23.665937	0.0655000060796738	23.672174	3.58187508583069
23.688494	0.0650000050663948	23.694728	3.58200025558472
23.711053	0.0641250014305115	23.717285	3.58150005340576
23.73361	0.0646250024437904	23.739848	3.58025026321411
23.756168	0.0645000040531158	23.762412	3.57950019836426
23.778736	0.0645000040531158	23.784968	3.57925009727478
23.801293	0.0626250058412552	23.807526	3.58025026321411
23.823877	0.0642499998211861	23.830115	3.58137512207031
23.846434	0.0656250044703484	23.852666	3.58250021934509
23.86899	0.0688749998807907	23.875223	3.58237528800964
23.891546	0.0643750056624413	23.897779	3.58087515830994
23.914116	0.0637500062584877	23.920354	3.58050012588501
23.936687	0.0637500062584877	23.942921	3.57975006103516
23.959236	0.0643750056624413	23.965487	3.57975006103516
23.981827	0.0650000050663948	23.988061	3.58050012588501
24.004381	0.0695000067353249	24.010618	3.58212518692017
24.026938	0.0662500038743019	24.033186	3.58275008201599
24.049511	0.0653750002384186	24.055744	3.58300018310547
24.072069	0.0643750056624413	24.078313	3.58150005340576
24.094632	0.0645000040531158	24.10087	3.58025026321411
24.117192	0.0651250034570694	24.123425	3.57937526702881
24.13975	0.0638750046491623	24.145983	3.58000016212463
24.162321	0.064750000834465	24.168554	3.58175015449524
24.184874	0.0666250064969063	24.191111	3.58275008201599
24.207431	0.0658750012516975	24.213664	3.58325028419495
24.229988	0.0638750046491623	24.23622	3.58287525177002
24.25254	0.0653750002384186	24.258798	3.58150005340576
24.275118	0.0646250024437904	24.281356	3.58112525939941
24.297679	0.0645000040531158	24.303911	3.58037519454956
24.320235	0.0650000050663948	24.326467	3.58137512207031
24.342793	0.0636250004172325	24.349031	3.58237528800964
24.36535	0.0658750012516975	24.371588	3.58325028419495
24.387919	0.0655000060796738	24.394152	3.58387517929077
24.410476	0.0642499998211861	24.416709	3.58212518692017
24.433027	0.0641250014305115	24.439265	3.58200025558472
24.455584	0.0646250024437904	24.461822	3.58062505722046
24.478144	0.0650000050663948	24.484377	3.58050012588501
24.500698	0.0671250000596046	24.50693	3.58162522315979
24.523253	0.0646250024437904	24.52949	3.58300018310547
24.54581	0.0663750022649765	24.552043	3.58362507820129
24.568364	0.0672500059008598	24.574597	3.58412528038025
24.590922	0.0648750066757202	24.597179	3.58250021934509
24.613506	0.0666250064969063	24.619752	3.58187508583069
24.636101	0.0653750002384186	24.642334	3.58100008964539
24.658656	0.0645000040531158	24.664894	3.58125019073486
24.681219	0.0650000050663948	24.687452	3.58250021934509
24.703772	0.065250001847744	24.710005	3.5833752155304
24.726325	0.067500002682209	24.732557	3.58500027656555
24.748881	0.0646250024437904	24.755114	3.5845000743866
24.771438	0.0641250014305115	24.777665	3.58287525177002
24.793987	0.0638750046491623	24.800225	3.58200025558472
24.816558	0.0642499998211861	24.822793	3.58137512207031
24.839114	0.0646250024437904	24.845347	3.58200025558472
24.861668	0.0640000030398369	24.867921	3.58325028419495
24.88424	0.0650000050663948	24.890477	3.58400011062622
24.906797	0.065250001847744	24.91303	3.58475017547607
24.929354	0.0651250034570694	24.935586	3.5845000743866
24.95191	0.0650000050663948	24.958143	3.58287525177002
24.974506	0.0642499998211861	24.980744	3.58237528800964
24.997069	0.0645000040531158	25.003303	3.58162522315979
25.019628	0.0638750046491623	25.025861	3.58250021934509
25.04218	0.0648750066757202	25.048413	3.58387517929077
25.064734	0.0659999996423721	25.070971	3.58525013923645
25.087291	0.0650000050663948	25.093524	3.58525013923645
25.109848	0.0646250024437904	25.11608	3.58412528038025
25.132415	0.0646250024437904	25.138648	3.58312511444092
25.154967	0.0646250024437904	25.161199	3.58262515068054
25.177531	0.0648750066757202	25.183764	3.58200025558472
25.200083	0.0642499998211861	25.206316	3.58362507820129
25.222635	0.064750000834465	25.228874	3.58462524414062
25.245192	0.0659999996423721	25.251429	3.58587527275085
25.267749	0.0651250034570694	25.273982	3.58550024032593
25.290307	0.0641250014305115	25.296539	3.58437514305115
25.312859	0.0637500062584877	25.319097	3.58375024795532
25.335416	0.0645000040531158	25.341654	3.58287525177002
25.357985	0.0648750066757202	25.364217	3.58287525177002
25.380533	0.0672500059008598	25.386765	3.58412528038025
25.403084	0.0666250064969063	25.409321	3.58550024032593
25.425641	0.067500002682209	25.431873	3.58612513542175
25.448207	0.065250001847744	25.45444	3.5860002040863
25.470767	0.0650000050663948	25.476999	3.58462524414062
25.493318	0.0648750066757202	25.499555	3.58387517929077
25.515875	0.0645000040531158	25.522109	3.58325028419495
25.538431	0.0650000050663948	25.544664	3.58350014686584
25.560988	0.0646250024437904	25.567221	3.58562517166138
25.583541	0.0661250054836273	25.589774	3.58575010299683
25.606108	0.0657500028610229	25.61234	3.58650016784668
25.62866	0.0656250044703484	25.634892	3.58550024032593
25.651215	0.0651250034570694	25.657442	3.58500027656555
25.673763	0.0638750046491623	25.68	3.58325028419495
25.696324	0.0635000020265579	25.702556	3.58350014686584
25.718904	0.0642499998211861	25.725132	3.58500027656555
25.741456	0.065250001847744	25.747683	3.58525013923645
25.764006	0.0658750012516975	25.770243	3.58750009536743
25.786564	0.0656250044703484	25.792797	3.58737516403198
25.809122	0.0656250044703484	25.815349	3.58562517166138
25.831677	0.0641250014305115	25.837917	3.58475017547607
25.854237	0.0638750046491623	25.860475	3.5842502117157
25.8768	0.065250001847744	25.883033	3.58362507820129
25.89937	0.0648750066757202	25.905603	3.58525013923645
25.921919	0.0640000030398369	25.928152	3.58637523651123
25.944471	0.0658750012516975	25.950708	3.58737516403198
25.967032	0.0655000060796738	25.973285	3.58737516403198
25.989624	0.0648750066757202	25.995858	3.58562517166138
26.012183	0.0628750026226044	26.018417	3.58500027656555
26.034735	0.0642499998211861	26.040972	3.58400011062622
26.057291	0.0640000030398369	26.063524	3.5842502117157
26.079848	0.0648750066757202	26.08608	3.58562517166138
26.102413	0.0661250054836273	26.108646	3.58675026893616
26.124965	0.0662500038743019	26.131197	3.58762526512146
26.147518	0.0645000040531158	26.153751	3.58787512779236
26.170074	0.065250001847744	26.176306	3.58650016784668
26.192626	0.0642499998211861	26.198864	3.585125207901
26.215183	0.0653750002384186	26.221416	3.58475017547607
26.237735	0.0648750066757202	26.243968	3.58487510681152
26.260292	0.0672500059008598	26.266524	3.58662509918213
26.282843	0.0672500059008598	26.28908	3.5871250629425
26.305413	0.0653750002384186	26.311651	3.58812522888184
26.32797	0.065250001847744	26.334202	3.58687520027161
26.350527	0.0657500028610229	26.356759	3.58637523651123
26.373082	0.064750000834465	26.37932	3.58500027656555
26.395639	0.0666250064969063	26.401876	3.58500027656555
26.418207	0.0657500028610229	26.42444	3.5862500667572
26.440764	0.0655000060796738	26.446996	3.58737516403198
26.463318	0.0666250064969063	26.469561	3.58850026130676
26.485886	0.0656250044703484	26.492123	3.58887505531311
26.508443	0.0651250034570694	26.514675	3.58775019645691
26.531001	0.0645000040531158	26.537234	3.58637523651123
26.553572	0.0643750056624413	26.559809	3.5853750705719
26.576128	0.0648750066757202	26.58236	3.58575010299683
26.598728	0.0646250024437904	26.604962	3.58687520027161
26.621288	0.0655000060796738	26.627522	3.58812522888184
26.643865	0.067500002682209	26.650103	3.58912515640259
26.666422	0.0656250044703484	26.672661	3.58900022506714
26.68899	0.065250001847744	26.695223	3.58775019645691
26.711546	0.0643750056624413	26.717779	3.58675026893616
26.734074	0.0646250024437904	26.740312	3.5860002040863
26.756633	0.064750000834465	26.762867	3.58612513542175
26.779193	0.0645000040531158	26.785425	3.58787512779236
26.801746	0.0662500038743019	26.807978	3.58850026130676
26.824297	0.0663750022649765	26.83053	3.58937525749207
26.846863	0.0655000060796738	26.853091	3.58900022506714
26.869413	0.0642499998211861	26.875646	3.58750009536743
26.891972	0.0672500059008598	26.898205	3.5871250629425
26.914525	0.0628750026226044	26.920762	3.5860002040863
26.937073	0.0648750066757202	26.943311	3.58662509918213
26.959637	0.0640000030398369	26.965876	3.58825016021729
26.982205	0.0672500059008598	26.988438	3.58912515640259
27.004757	0.0657500028610229	27.010995	3.58987522125244
27.027319	0.064750000834465	27.033574	3.58875012397766
27.049898	0.064750000834465	27.05613	3.58812522888184
27.072452	0.0646250024437904	27.078699	3.58637523651123
27.095018	0.0643750056624413	27.101255	3.58675026893616
27.117574	0.0648750066757202	27.123806	3.58850026130676
27.14013	0.0648750066757202	27.146363	3.58937525749207
27.1627	0.0662500038743019	27.168938	3.59000015258789
27.185257	0.0655000060796738	27.191494	3.59012508392334
27.207829	0.0661250054836273	27.214062	3.58937525749207
27.230399	0.0641250014305115	27.236631	3.58787512779236
27.252945	0.0642499998211861	27.259178	3.5871250629425
27.275498	0.0658750012516975	27.281736	3.5871250629425
27.298054	0.0646250024437904	27.304287	3.58837509155273
27.320611	0.0659999996423721	27.326843	3.58937525749207
27.343187	0.0667500048875809	27.349425	3.59100008010864
27.365743	0.0676250010728836	27.371981	3.59050011634827
27.388316	0.0643750056624413	27.394549	3.58925008773804
27.410885	0.064750000834465	27.417118	3.58812522888184
27.433438	0.0651250034570694	27.43967	3.58750009536743
27.455989	0.0656250044703484	27.462227	3.58775019645691
27.478547	0.0645000040531158	27.48478	3.58962512016296
27.501104	0.0668750032782555	27.507337	3.59012508392334
27.523659	0.0661250054836273	27.529898	3.59100008010864
27.546216	0.0653750002384186	27.552449	3.58950018882751
27.568768	0.0659999996423721	27.574995	3.58900022506714
27.591335	0.0641250014305115	27.597581	3.58825016021729
27.613904	0.0638750046491623	27.620138	3.58775019645691
27.636464	0.0640000030398369	27.642703	3.58862519264221
27.659029	0.0638750046491623	27.665261	3.58987522125244
27.681586	0.0666250064969063	27.687827	3.59112524986267
27.704145	0.0661250054836273	27.710383	3.59100008010864
27.726703	0.0645000040531158	27.732931	3.59025025367737
27.749256	0.065250001847744	27.755489	3.58962512016296
27.771809	0.0642499998211861	27.778044	3.58812522888184
27.794365	0.065250001847744	27.800599	3.58812522888184
27.816919	0.064750000834465	27.823152	3.58950018882751
27.839472	0.065250001847744	27.845705	3.59025025367737
27.862027	0.0670000016689301	27.86826	3.59162521362305
27.88458	0.0657500028610229	27.890812	3.59162521362305
27.907134	0.0663750022649765	27.913379	3.59062528610229
27.929704	0.0623750016093254	27.935937	3.58950018882751
27.952265	0.0645000040531158	27.958498	3.58825016021729
27.974835	0.0643750056624413	27.981074	3.58862519264221
27.997401	0.0643750056624413	28.003633	3.58937525749207
28.019958	0.0657500028610229	28.026191	3.59062528610229
28.04251	0.0661250054836273	28.048742	3.59200024604797
28.065071	0.0657500028610229	28.071309	3.59250020980835
28.087629	0.0648750066757202	28.093865	3.59037518501282
28.110191	0.0667500048875809	28.116423	3.58950018882751
28.132747	0.0651250034570694	28.138985	3.58887505531311
28.155304	0.0650000050663948	28.161542	3.58912515640259
28.177862	0.0646250024437904	28.184095	3.59087514877319
28.200419	0.0671250000596046	28.206652	3.59200024604797
28.222989	0.0670000016689301	28.229227	3.5923752784729
28.245546	0.0638750046491623	28.251783	3.59162521362305
28.268119	0.0662500038743019	28.274351	3.59050011634827
28.290679	0.0643750056624413	28.296912	3.58950018882751
28.313232	0.0655000060796738	28.31947	3.58912515640259
28.335792	0.0648750066757202	28.34203	3.59050011634827
28.35835	0.065250001847744	28.364583	3.59100008010864
28.380907	0.0662500038743019	28.387139	3.59212517738342
28.403461	0.065250001847744	28.409698	3.5923752784729
28.426017	0.0648750066757202	28.432255	3.59212517738342
28.448574	0.0648750066757202	28.454806	3.59075021743774
28.471132	0.064750000834465	28.477364	3.58987522125244
28.493699	0.0656250044703484	28.499937	3.58950018882751
28.516246	0.0646250024437904	28.522484	3.59025025367737
28.538809	0.0642499998211861	28.545041	3.59137511253357
28.561365	0.0673750042915344	28.567597	3.5923752784729
28.583917	0.0657500028610229	28.590149	3.59287524223328
28.606495	0.064750000834465	28.612728	3.59187507629395
28.629065	0.0650000050663948	28.635298	3.59062528610229
28.651636	0.0645000040531158	28.657869	3.58987522125244
28.674189	0.0650000050663948	28.680427	3.58962512016296
28.696749	0.0657500028610229	28.702993	3.59137511253357
28.719317	0.0662500038743019	28.725549	3.59212517738342
28.741875	0.0670000016689301	28.748116	3.59287524223328
28.764435	0.0658750012516975	28.770672	3.59312510490417
28.786992	0.0653750002384186	28.793225	3.5915002822876
28.809548	0.064750000834465	28.81578	3.59012508392334
28.832102	0.064750000834465	28.838336	3.58975005149841
28.854657	0.064750000834465	28.860889	3.59075021743774
28.877212	0.0638750046491623	28.883461	3.5917501449585
28.899781	0.0666250064969063	28.906015	3.5926251411438
28.922342	0.0661250054836273	28.928576	3.59312510490417
28.944894	0.0666250064969063	28.951127	3.59300017356873
28.967474	0.064750000834465	28.973713	3.59137511253357
28.990044	0.0642499998211861	28.996276	3.59100008010864
29.012599	0.0650000050663948	29.018832	3.58987522125244
29.035162	0.0663750022649765	29.0414	3.59112524986267
29.05772	0.0643750056624413	29.063953	3.59200024604797
29.080279	0.0671250000596046	29.086511	3.5932502746582
29.102831	0.0653750002384186	29.109068	3.5935001373291
29.125388	0.0650000050663948	29.131625	3.59200024604797
29.147946	0.0648750066757202	29.154179	3.59162521362305
29.170516	0.0646250024437904	29.176743	3.59012508392334
29.19311	0.0645000040531158	29.19936	3.59025025367737
29.215698	0.0635000020265579	29.221938	3.59137511253357
29.23827	0.0662500038743019	29.244509	3.5926251411438
29.260849	0.067500002682209	29.267088	3.59400010108948
29.283419	0.0657500028610229	29.289658	3.5935001373291
29.305991	0.0651250034570694	29.312229	3.5923752784729
29.328562	0.0641250014305115	29.3348	3.59125018119812
29.351143	0.0646250024437904	29.357375	3.59075021743774
29.373696	0.0653750002384186	29.379928	3.59075021743774
29.39625	0.0650000050663948	29.402503	3.59212517738342
29.418827	0.0657500028610229	29.425059	3.59337520599365
29.441386	0.0671250000596046	29.447619	3.59362506866455
29.463953	0.0653750002384186	29.470191	3.5935001373291
29.486512	0.0646250024437904	29.492745	3.59225010871887
29.509068	0.0653750002384186	29.5153	3.59062528610229
29.531627	0.0640000030398369	29.537861	3.59075021743774
29.554183	0.065250001847744	29.560415	3.59100008010864
29.576726	0.0653750002384186	29.582965	3.59225010871887
29.599316	0.0670000016689301	29.605544	3.5943751335144
29.621866	0.0663750022649765	29.628094	3.59425020217896
29.644415	0.0658750012516975	29.650652	3.59337520599365
29.666971	0.0655000060796738	29.673204	3.59250020980835
