Time_sec1	Voltage_A0TG	Time_sec2	Voltage_A1TG
0	0.39987501502037	0.006228	3.6100001335144
0.022561	0.400250017642975	0.028794	3.6100001335144
0.045116	0.400625020265579	0.051354	3.61125016212463
0.067674	0.400625020265579	0.073908	3.61212515830994
0.090247	0.400250017642975	0.096479	3.61337518692017
0.112795	0.400625020265579	0.119033	3.61362528800964
0.135354	0.399750024080276	0.141592	3.61187505722046
0.157911	0.400250017642975	0.164144	3.61125016212463
0.180467	0.399750024080276	0.186699	3.61037516593933
0.203021	0.404500007629395	0.209259	3.60975027084351
0.225578	0.400250017642975	0.231811	3.61075019836426
0.248141	0.401000022888184	0.254373	3.61212515830994
0.270693	0.400375008583069	0.276927	3.61325025558472
0.29325	0.400250017642975	0.299482	3.61312508583069
0.315803	0.399625033140182	0.322039	3.61175012588501
0.338365	0.400125026702881	0.344597	3.60975027084351
0.360939	0.400625020265579	0.367172	3.60937523841858
0.383507	0.400375008583069	0.389739	3.61025023460388
0.406059	0.400625020265579	0.412293	3.61125016212463
0.428622	0.401750028133392	0.434855	3.61262512207031
0.451179	0.400750011205673	0.457412	3.61312508583069
0.473734	0.399500012397766	0.479971	3.61262512207031
0.496291	0.400125026702881	0.502527	3.61175012588501
0.518851	0.39987501502037	0.525084	3.60975027084351
0.541408	0.400125026702881	0.547657	3.60987520217896
0.563968	0.400375008583069	0.570207	3.6100001335144
0.586528	0.401125013828278	0.59276	3.61137509346008
0.609084	0.400000005960464	0.615317	3.61275005340576
0.631656	0.401000022888184	0.637889	3.61287522315979
0.65421	0.399125009775162	0.660447	3.61200022697449
0.676768	0.400250017642975	0.68302	3.61137509346008
0.699343	0.398500025272369	0.705576	3.60975027084351
0.721895	0.400375008583069	0.728141	3.60950016975403
0.744459	0.399625033140182	0.750696	3.61012506484985
0.767014	0.401250004768372	0.773247	3.61137509346008
0.78957	0.400000005960464	0.795802	3.61275005340576
0.81215	0.400500029325485	0.818388	3.61275005340576
0.834706	0.400250017642975	0.840938	3.61187505722046
0.85728	0.400125026702881	0.863519	3.61050009727478
0.879843	0.401250004768372	0.886075	3.60950016975403
0.902395	0.400625020265579	0.908633	3.60925006866455
0.924951	0.400000005960464	0.931189	3.61062526702881
0.947508	0.400750011205673	0.95374	3.61200022697449
0.970061	0.401000022888184	0.976294	3.61287522315979
0.992675	0.400625020265579	0.998911	3.61250019073486
1.015244	0.401125013828278	1.021483	3.61175012588501
1.037795	0.400250017642975	1.044033	3.61100006103516
1.060359	0.399375021457672	1.066592	3.60975027084351
1.08291	0.400375008583069	1.089148	3.6100001335144
1.105468	0.398000031709671	1.111705	3.61087512969971
1.128025	0.397000014781952	1.134258	3.61212515830994
1.150583	0.401625007390976	1.156815	3.61287522315979
1.173134	0.398500025272369	1.179371	3.61175012588501
1.195692	0.400750011205673	1.201919	3.61125016212463
1.218267	0.398625016212463	1.2245	3.60950016975403
1.240836	0.400000005960464	1.247069	3.60900020599365
1.263398	0.399500012397766	1.269635	3.60987520217896
1.285955	0.399750024080276	1.292188	3.61112523078918
1.308513	0.400500029325485	1.314746	3.61225008964539
1.33107	0.400000005960464	1.337303	3.61262512207031
1.353639	0.400375008583069	1.35988	3.61262512207031
1.376215	0.400250017642975	1.382448	3.61100006103516
1.398771	0.399125009775162	1.405004	3.60937523841858
1.421325	0.40087503194809	1.427569	3.60925006866455
1.443888	0.400500029325485	1.450121	3.61037516593933
1.466443	0.399375021457672	1.472676	3.61200022697449
1.488993	0.400500029325485	1.495225	3.61225008964539
1.51155	0.400000005960464	1.517782	3.61187505722046
1.534118	0.399000018835068	1.540355	3.61175012588501
1.556674	0.400000005960464	1.562912	3.60975027084351
1.579237	0.400250017642975	1.585469	3.60950016975403
1.601784	0.400500029325485	1.608012	3.60950016975403
1.624339	0.400125026702881	1.630577	3.61050009727478
1.646895	0.401000022888184	1.653128	3.61212515830994
1.669453	0.40412500500679	1.675685	3.61250019073486
1.692006	0.400500029325485	1.698245	3.61237525939941
1.714579	0.400125026702881	1.720817	3.61087512969971
1.737135	0.400125026702881	1.743368	3.60975027084351
1.759693	0.400625020265579	1.765926	3.60937523841858
1.782244	0.400375008583069	1.788482	3.60975027084351
1.804801	0.399625033140182	1.811038	3.61050009727478
1.827368	0.401000022888184	1.8336	3.61175012588501
1.849918	0.400500029325485	1.856156	3.61225008964539
1.872478	0.400500029325485	1.878715	3.61187505722046
1.895036	0.399125009775162	1.901273	3.61062526702881
1.917606	0.399500012397766	1.923838	3.60950016975403
1.940158	0.399250030517578	1.94639	3.60862517356873
1.96273	0.402125030755997	1.968967	3.60975027084351
1.985311	0.399625033140182	1.991556	3.61112523078918
2.007878	0.400125026702881	2.014123	3.61150026321411
2.030453	0.401250004768372	2.036686	3.61225008964539
2.053024	0.399500012397766	2.059261	3.61125016212463
2.075586	0.40087503194809	2.081819	3.60987520217896
2.098156	0.398625016212463	2.104389	3.60900020599365
2.120708	0.400000005960464	2.12694	3.60875010490417
2.143262	0.39987501502037	2.149499	3.60987520217896
2.165819	0.400750011205673	2.172051	3.61100006103516
2.188375	0.400375008583069	2.194608	3.61237525939941
2.210931	0.400125026702881	2.217163	3.61187505722046
2.233505	0.400500029325485	2.239743	3.61112523078918
2.256061	0.400125026702881	2.262294	3.60962510108948
2.278619	0.402625024318695	2.284852	3.6091251373291
2.30119	0.399500012397766	2.307422	3.60900020599365
2.323741	0.399125009775162	2.329978	3.61037516593933
2.346298	0.401625007390976	2.352549	3.61112523078918
2.368879	0.40087503194809	2.375111	3.61037516593933
2.391437	0.382500022649765	2.39767	3.60512518882751
2.41399	0.321000009775162	2.420227	3.59700012207031
2.436546	0.268750011920929	2.442778	3.57550024986267
2.459103	0.215875014662743	2.465336	3.54275012016296
2.48166	0.17475001513958	2.487894	3.49650025367737
2.504221	0.137000009417534	2.510453	3.44437527656555
2.526774	0.106375001370907	2.533024	3.38475012779236
2.549349	0.0807500034570694	2.555582	3.32437515258789
2.571903	0.054125003516674	2.578138	3.25912523269653
2.594459	0.0316250026226044	2.600692	3.19937515258789
2.617012	0.00687500042840838	2.623245	3.14025020599365
2.639564	-0.000500000023748726	2.645791	3.08875012397766
2.66215	0.00112500006798655	2.668387	3.04225015640259
2.684708	0.000375000003259629	2.690945	3.00150012969971
2.707279	0.00375000014901161	2.713511	2.96662521362305
2.729833	0.00312500004656613	2.736065	2.93287515640259
2.752387	0.000125000005937181	2.758624	2.90375018119812
2.774944	0.000375000003259629	2.781181	2.87550020217896
2.797501	0	2.803734	2.85300016403198
2.820073	-0.000125000005937181	2.826305	2.83150005340576
2.842634	0.000125000005937181	2.848872	2.81337523460388
2.865211	-0.000375000003259629	2.87145	2.79775023460388
2.887771	0.00262500019744039	2.894003	2.78425002098083
2.910327	0.00237500015646219	2.916559	2.76987504959106
2.932879	-0.000500000023748726	2.939116	2.75712513923645
2.955436	0.00300000002607703	2.961673	2.74400019645691
2.978008	-0.000875000027008355	2.98426	2.73487520217896
3.000585	0	3.006818	2.72550010681152
3.023135	-0.00150000001303852	3.029373	2.7185001373291
3.045692	0.00375000014901161	3.051925	2.7121250629425
3.068248	0.00537500018253922	3.07448	2.70737504959106
3.090803	0.00162500003352761	3.097035	2.70025014877319
3.113353	0.000875000027008355	3.119591	2.69425010681152
3.135909	-0.000125000005937181	3.14215	2.68762516975403
3.158473	0.000125000005937181	3.164705	2.68350005149841
3.181043	0.00375000014901161	3.187276	2.68012523651123
3.203594	0.000500000023748726	3.209832	2.67775011062622
3.226152	0.00100000004749745	3.232385	2.67575001716614
3.248709	0.00325000006705523	3.254942	2.67325019836426
3.271264	0.00125000008847564	3.277497	2.67012500762939
3.293815	0.000500000023748726	3.300052	2.66675019264221
3.31637	-0.00112500006798655	3.322603	2.66375017166138
3.338926	0.0022500001359731	3.345158	2.66075015068054
3.361505	0	3.36776	2.66012501716614
3.384081	-0.00100000004749745	3.390318	2.65925002098083
3.406639	0.00187500007450581	3.412871	2.65912508964539
3.429196	0.0020000000949949	3.435428	2.65762519836426
3.45179	-0.000125000005937181	3.458023	2.65562510490417
3.474343	-0.000875000027008355	3.48058	2.65237522125244
3.496899	-0.00112500006798655	3.503131	2.65162515640259
3.519456	-0.000125000005937181	3.525684	2.64950013160706
3.542004	0.00475000031292439	3.548237	2.64937520027161
3.56456	0.000625000044237822	3.570793	2.65062522888184
3.587112	0.00237500015646219	3.593345	2.65037512779236
3.60967	0.00137500010896474	3.615904	2.64975023269653
3.632239	0.000250000011874363	3.638471	2.65000009536743
3.654803	-0.000625000044237822	3.661036	2.65237522125244
3.677368	0	3.683596	2.65662503242493
3.699925	-0.000250000011874363	3.706157	2.66162514686584
3.722492	-0.000250000011874363	3.728729	2.66700005531311
3.745051	0.000250000011874363	3.751283	2.67287516593933
3.767596	0.00250000017695129	3.773834	2.67625021934509
3.79016	0.000875000027008355	3.796393	2.67837524414062
3.81273	-0.000250000011874363	3.818968	2.678875207901
3.835288	-0.000625000044237822	3.841525	2.67875003814697
3.857856	-0.000375000003259629	3.864089	2.67862510681152
3.880413	-0.000375000003259629	3.886646	2.67875003814697
3.902964	0.000125000005937181	3.909202	2.67925024032593
3.925524	0.00162500003352761	3.931767	2.6791250705719
3.948086	0.0020000000949949	3.954318	2.67737507820129
3.970645	0.000625000044237822	3.976877	2.67650008201599
3.993229	0.000125000005937181	3.999463	2.67225003242493
4.015793	-0.00100000004749745	4.022088	2.70475006103516
4.038414	-0.000250000011874363	4.044646	2.67550015449524
4.060971	-0.000375000003259629	4.067203	2.67525005340576
4.083526	-0.00100000004749745	4.089764	2.67750000953674
4.106089	0.0022500001359731	4.112322	2.67837524414062
4.128647	0.00287500023841858	4.134879	2.6797502040863
4.151204	0.000875000027008355	4.157438	2.68075013160706
4.173757	0.000750000006519258	4.179994	2.68187522888184
4.196316	0.00100000004749745	4.202549	2.68262505531311
4.218874	0.00412499997764826	4.225106	2.68450021743774
4.241431	0.00337500008754432	4.247663	2.68712520599365
4.263983	0.00337500008754432	4.27022	2.69050002098083
4.286539	0.00625000009313226	4.292771	2.69212508201599
4.30911	0.00625000009313226	4.315343	2.69350004196167
4.331658	0.00325000006705523	4.337892	2.69487524032593
4.354229	0.00287500023841858	4.360473	2.69712519645691
4.376796	0.00325000006705523	4.38303	2.70037508010864
4.399355	0.00500000035390258	4.405588	2.70525002479553
4.421908	0.00475000031292439	4.428141	2.71087503433228
4.44446	0.00762500055134296	4.450698	2.71625018119812
4.467016	0.00800000037997961	4.473249	2.72037506103516
4.489577	0.00737500051036477	4.495809	2.72387504577637
4.512149	0.00775000033900142	4.518386	2.72562503814697
4.534708	0.00462500005960464	4.540946	2.72700023651123
4.557277	0.00675000017508864	4.56351	2.72875022888184
4.579835	0.00687500042840838	4.586067	2.73037505149841
4.602387	0.00712500046938658	4.608624	2.73337507247925
4.624943	0.0102500002831221	4.63118	2.73537516593933
4.6475	0.0102500002831221	4.653732	2.73662519454956
4.67006	0.0087500000372529	4.676293	2.73737502098083
4.692634	0.00887500029057264	4.698867	2.73712515830994
4.715189	0.00387500016950071	4.721422	2.73812508583069
4.737762	0.00887500029057264	4.743995	2.73975014686584
4.760317	0.0100000007078052	4.76655	2.74175024032593
4.782871	0.00900000054389238	4.789102	2.74525022506714
4.805421	0.0108750006183982	4.811658	2.74775004386902
4.827979	0.0125000001862645	4.834212	2.7488751411438
4.850535	0.0102500002831221	4.856773	2.74987506866455
4.873109	0.0123750008642673	4.879347	2.74912524223328
4.895666	0.0102500002831221	4.901898	2.7488751411438
4.918218	0.0107500003650784	4.92445	2.7488751411438
4.940774	0.0107500003650784	4.947006	2.74875020980835
4.963319	0.0123750008642673	4.969552	2.74900007247925
4.985899	0.0137500008568168	4.992183	2.74912524223328
5.008503	0.0130000002682209	5.01473	2.74737501144409
5.031063	0.0125000001862645	5.037296	2.74500012397766
5.053618	0.0116250002756715	5.059855	2.7425000667572
5.076174	0.0122500006109476	5.082407	2.74175024032593
5.098732	0.0137500008568168	5.104965	2.74187517166138
5.121288	0.013625000603497	5.127521	2.74475002288818
5.14384	0.016125001013279	5.150077	2.74612522125244
5.1664	0.0166250001639128	5.172634	2.74912524223328
5.188958	0.0153750004246831	5.19519	2.7497501373291
5.211516	0.0145000005140901	5.217768	2.7497501373291
5.234086	0.0142500009387732	5.240323	2.7497501373291
5.256643	0.0155000006780028	5.262875	2.75037503242493
5.279199	0.0167500004172325	5.285432	2.75225019454956
5.301766	0.0163750015199184	5.307999	2.75475001335144
5.324318	0.0187500007450581	5.330555	2.7563750743866
5.346877	0.0191250015050173	5.35313	2.7581250667572
5.369475	0.0187500007450581	5.375708	2.75862503051758
5.392051	0.017000000923872	5.398289	2.75925016403198
5.414609	0.0176250003278255	5.420846	2.75962519645691
5.437166	0.016499999910593	5.443399	2.76137518882751
5.459723	0.017875000834465	5.465956	2.76262521743774
5.482274	0.0183749999850988	5.488511	2.76600003242493
5.50483	0.0195000004023314	5.511067	2.76825022697449
5.527386	0.0217500012367964	5.533619	2.76912522315979
5.549957	0.0190000012516975	5.55619	2.77050018310547
5.57253	0.0186250004917383	5.578763	2.77050018310547
5.595083	0.019250001758337	5.601321	2.7717502117157
5.617655	0.0188750009983778	5.623888	2.77550005912781
5.640212	0.0196250006556511	5.646445	2.78075003623962
5.662764	0.0211250018328428	5.669001	2.78712511062622
5.685321	0.0220000017434359	5.691558	2.79550004005432
5.707877	0.0221250001341105	5.71411	2.8021252155304
5.730433	0.0213750004768372	5.736666	2.80987524986267
5.753011	0.0196250006556511	5.759243	2.81725025177002
5.775565	0.0206250008195639	5.781802	2.82687520980835
5.798147	0.0218750014901161	5.804379	2.83737516403198
5.820707	0.0211250018328428	5.82694	2.84950017929077
5.843261	0.0235000010579824	5.849499	2.86187505722046
5.865828	0.0247500017285347	5.87206	2.87337517738342
5.88839	0.0222500003874302	5.894622	2.88500022888184
5.910962	0.0221250001341105	5.917195	2.89525008201599
5.933517	0.0230000019073486	5.939754	2.90375018119812
5.956075	0.023250000551343	5.962308	2.9123752117157
5.978631	0.0228750016540289	5.984883	2.92112517356873
6.00121	0.0231250002980232	6.00744	2.92962503433228
6.023773	0.026375001296401	6.03001	2.93675017356873
6.04633	0.026375001296401	6.052563	2.9427502155304
6.068886	0.0235000010579824	6.075119	2.94700002670288
6.09146	0.0242500007152557	6.097693	2.95012521743774
6.114013	0.023250000551343	6.120245	2.95325016975403
6.136565	0.0245000012218952	6.142798	2.95687508583069
6.159123	0.0243750009685755	6.165355	2.96112513542175
6.181678	0.025500001385808	6.187911	2.96637511253357
6.20423	0.0270000007003546	6.210467	2.97087502479553
6.226786	0.0260000005364418	6.233019	2.97537517547607
6.249343	0.0260000005364418	6.255575	2.97800016403198
6.271896	0.024625001475215	6.27814	2.98050022125244
6.294459	0.0248750019818544	6.300696	2.98350024223328
6.317016	0.0253750011324883	6.32325	2.98725008964539
6.339574	0.0271250009536743	6.345806	2.9925000667572
6.362162	0.0290000010281801	6.3684	2.99750018119812
6.384722	0.0288750007748604	6.39096	3.00200009346008
6.40728	0.027750002220273	6.413513	3.0061252117157
6.429837	0.0285000018775463	6.436069	3.00837516784668
6.452389	0.0270000007003546	6.458626	3.01112508773804
6.47496	0.0280000008642673	6.481198	3.01425004005432
6.497515	0.0280000008642673	6.503753	3.01787519454956
6.520078	0.0290000010281801	6.52631	3.02312517166138
6.542635	0.0300000011920929	6.548867	3.02800011634827
6.565186	0.0306250005960464	6.571424	3.03225016593933
6.587757	0.0318750031292439	6.593989	3.03575015068054
6.610311	0.0295000020414591	6.616543	3.038250207901
6.632863	0.0291250012814999	6.639095	3.04050016403198
6.655426	0.0293750017881393	6.661663	3.04337525367737
6.677982	0.0295000020414591	6.684215	3.04725003242493
6.700538	0.0307500008493662	6.70677	3.05250024795532
6.723111	0.0320000015199184	6.72935	3.05562520027161
6.74567	0.0310000013560057	6.751908	3.05900025367737
6.768252	0.0300000011920929	6.774484	3.06062507629395
6.790808	0.0306250005960464	6.797041	3.06162524223328
6.813355	0.0288750007748604	6.819593	3.06237506866455
6.835913	0.0310000013560057	6.84215	3.06375002861023
6.858488	0.03125	6.86472	3.06625008583069
6.881039	0.0311250016093254	6.887298	3.06875014305115
6.903624	0.0336250029504299	6.909856	3.07025003433228
6.926198	0.032124999910593	6.932444	3.07175016403198
6.948764	0.0325000025331974	6.954991	3.07175016403198
6.971316	0.0316250026226044	6.977563	3.07125020027161
6.993906	0.0351250022649765	7.000141	3.0715000629425
7.016475	0.0323750004172325	7.022768	3.07212519645691
7.039089	0.0329999998211861	7.045321	3.07400012016296
7.061648	0.0341250002384186	7.067882	3.07562518119812
7.084201	0.034875001758337	7.090438	3.07725024223328
7.106758	0.033500000834465	7.113012	3.07737517356873
7.129336	0.0332500003278255	7.135569	3.07662510871887
7.151888	0.033500000834465	7.15812	3.07650017738342
7.174439	0.0328750014305115	7.180677	3.07712507247925
7.19701	0.033500000834465	7.203242	3.07775020599365
7.219567	0.0350000001490116	7.225795	3.08062505722046
7.242115	0.0356250032782555	7.248353	3.08150005340576
7.264672	0.0363750010728836	7.27091	3.08300018310547
7.287229	0.036250002682209	7.293462	3.08362507820129
7.309786	0.0337500013411045	7.316018	3.08387517929077
7.332337	0.033500000834465	7.338575	3.08437514305115
7.354911	0.0342500023543835	7.36115	3.08562517166138
7.377473	0.035375002771616	7.383711	3.08725023269653
7.400051	0.0367499999701977	7.406284	3.09137511253357
7.42263	0.0356250032782555	7.428863	3.09425020217896
7.445183	0.0372500009834766	7.45142	3.09687519073486
7.467757	0.0358750000596046	7.473991	3.09812521934509
7.490316	0.0360000021755695	7.496548	3.0998752117157
7.512866	0.0360000021755695	7.519104	3.1010000705719
7.535423	0.033500000834465	7.54166	3.10525012016296
7.557979	0.0361250005662441	7.564211	3.10987520217896
7.580537	0.0370000004768372	7.586769	3.11412525177002
7.603111	0.0377500019967556	7.609348	3.11912512779236
7.625672	0.0361250005662441	7.631905	3.12250018119812
7.648251	0.0372500009834766	7.654484	3.12537503242493
7.670809	0.0367499999701977	7.677041	3.12837505340576
7.693362	0.0363750010728836	7.699599	3.13175010681152
7.715919	0.0367499999701977	7.722151	3.13600015640259
7.738475	0.0343750007450581	7.744708	3.14162516593933
7.761034	0.0383750014007092	7.767276	3.14625024795532
7.783595	0.0408750027418137	7.789832	3.15150022506714
7.806152	0.0381250008940697	7.812386	3.15562510490417
7.82871	0.0408750027418137	7.834943	3.15800023078918
7.851264	0.0420000031590462	7.857497	3.16100025177002
7.873817	0.0378750003874302	7.880054	3.16450023651123
7.896373	0.0381250008940697	7.902631	3.16862511634827
7.918956	0.035375002771616	7.92519	3.17375016212463
7.941513	0.0401250012218952	7.947764	3.178875207901
7.964086	0.0405000001192093	7.970319	3.18237519264221
7.986681	0.0386250019073486	7.992943	3.18475008010864
8.009277	0.0391250029206276	8.015512	3.18737506866455
8.03184	0.0390000008046627	8.038074	3.18887519836426
8.054396	0.0398750007152557	8.060634	3.19162511825562
8.076954	0.0388750024139881	8.083187	3.1956250667572
8.099529	0.0403750017285347	8.105762	3.19912505149841
8.122082	0.0421250015497208	8.12832	3.20362520217896
8.144641	0.0408750027418137	8.150878	3.20612525939941
8.167197	0.0402500033378601	8.17343	3.20712518692017
8.189756	0.0402500033378601	8.195988	3.20937514305115
8.212309	0.0401250012218952	8.218547	3.21087503433228
8.234867	0.0401250012218952	8.241104	3.21412515640259
8.257424	0.0416250005364418	8.263657	3.21812510490417
8.279984	0.0421250015497208	8.286217	3.22187519073486
8.302536	0.0428750030696392	8.308773	3.22562503814697
8.325093	0.0412500016391277	8.33133	3.22862505912781
8.347655	0.0403750017285347	8.353905	3.23050022125244
8.370236	0.0433750003576279	8.376469	3.23250007629395
8.39279	0.0377500019967556	8.399027	3.23437523841858
8.415347	0.0402500033378601	8.421584	3.23662519454956
8.437904	0.0412500016391277	8.444136	3.24100017547607
8.46046	0.0431250035762787	8.466692	3.24412512779236
8.483025	0.0428750030696392	8.489262	3.24625015258789
8.505595	0.0455000028014183	8.511827	3.2488751411438
8.528148	0.0418750010430813	8.53438	3.24862504005432
8.550707	0.0413750037550926	8.556939	3.24937510490417
8.573264	0.0420000031590462	8.579502	3.2506251335144
8.595823	0.0422500036656857	8.602056	3.25262522697449
8.61838	0.0426250025629997	8.624613	3.25462508201599
8.640937	0.0440000034868717	8.64717	3.25662517547607
8.663516	0.0442500002682209	8.669753	3.25775027275085
8.686072	0.0398750007152557	8.692305	3.25687503814697
8.708643	0.0432500019669533	8.714876	3.25600004196167
8.731195	0.0425000004470348	8.737429	3.25562524795532
8.753748	0.0432500019669533	8.759986	3.25562524795532
8.776304	0.0408750027418137	8.782537	3.2572500705719
8.798862	0.0430000014603138	8.805094	3.25775027275085
8.821417	0.0445000007748604	8.827652	3.25925016403198
8.84397	0.0440000034868717	8.850208	3.2590000629425
8.866529	0.0435000024735928	8.872767	3.25800013542175
8.889101	0.0432500019669533	8.895334	3.257000207901
8.911658	0.0428750030696392	8.917892	3.2563750743866
8.934211	0.0440000034868717	8.940449	3.25650024414062
8.956768	0.0437500029802322	8.963013	3.2578752040863
8.979336	0.0436250008642673	8.985588	3.25937509536743
9.001914	0.0493750013411045	9.008142	3.26025009155273
9.024465	0.0452500022947788	9.030703	3.26087522506714
9.047028	0.0435000024735928	9.053262	3.26000022888184
9.069584	0.0437500029802322	9.075816	3.25975012779236
9.09215	0.0440000034868717	9.098388	3.25937509536743
9.114708	0.0458750016987324	9.120942	3.26100015640259
9.137274	0.0437500029802322	9.143507	3.26325011253357
9.159826	0.0463750027120113	9.166059	3.26525020599365
9.182379	0.047375001013279	9.188611	3.26687526702881
9.204935	0.0450000017881393	9.211173	3.2662501335144
9.227492	0.0452500022947788	9.233725	3.26725006103516
9.250049	0.0445000007748604	9.256282	3.26750016212463
9.2726	0.0450000017881393	9.278838	3.26900005340576
9.295157	0.0472500026226044	9.301394	3.27112507820129
9.317713	0.0465000011026859	9.323946	3.27387523651123
9.34027	0.0460000038146973	9.346502	3.27712512016296
9.362848	0.0470000021159649	9.369087	3.27837514877319
9.385408	0.0466250032186508	9.391645	3.27887511253357
9.407967	0.0480000004172325	9.4142	3.28037524223328
9.430524	0.0465000011026859	9.436756	3.2810001373291
9.453077	0.0470000021159649	9.459315	3.28250026702881
9.475634	0.0456250011920929	9.481866	3.28537511825562
9.498186	0.0466250032186508	9.504418	3.288250207901
9.520741	0.048250000923872	9.526973	3.29125022888184
9.543308	0.0471250005066395	9.549545	3.29312515258789
9.565866	0.0461250022053719	9.572099	3.29425024986267
9.588425	0.0461250022053719	9.594657	3.29425024986267
9.610981	0.0453750006854534	9.617213	3.29525017738342
9.633517	0.0485000014305115	9.639755	3.2975001335144
9.656074	0.0472500026226044	9.662307	3.30037522315979
9.678631	0.0477500036358833	9.684863	3.3032500743866
9.701187	0.0490000024437904	9.70742	3.3058750629425
9.723742	0.0475000031292439	9.72998	3.30700016021729
9.74629	0.0472500026226044	9.752531	3.30725026130676
9.768848	0.047375001013279	9.775082	3.30775022506714
9.791407	0.0488750040531158	9.797652	3.30900025367737
9.813971	0.0477500036358833	9.820208	3.31062507629395
9.836528	0.0472500026226044	9.84276	3.31350016593933
9.859107	0.0495000034570694	9.86534	3.31662511825562
9.881666	0.0493750013411045	9.887904	3.31825017929077
9.904241	0.0477500036358833	9.910478	3.31937527656555
9.926789	0.0480000004172325	9.933036	3.3197500705719
9.949364	0.0480000004172325	9.955597	3.32000017166138
9.971917	0.0478750020265579	9.978149	3.32137513160706
9.994484	0.049125000834465	10.000717	3.32425022125244
10.017048	0.0492500029504299	10.023281	3.3270001411438
10.039606	0.0498750023543835	10.045839	3.32987523078918
10.062158	0.0522500015795231	10.068392	3.33187508583069
10.084713	0.0480000004172325	10.090946	3.33275008201599
10.107284	0.0502500012516975	10.113518	3.33362507820129
10.129842	0.0476250015199184	10.136075	3.33525013923645
10.152397	0.0483750030398369	10.15863	3.33675026893616
10.174949	0.0492500029504299	10.181181	3.34000015258789
10.197501	0.0512500032782555	10.203734	3.34250020980835
10.220051	0.0511250011622906	10.226284	3.34612512588501
10.242631	0.0498750023543835	10.248869	3.34812521934509
10.265188	0.051000002771616	10.27142	3.34837508201599
10.287757	0.0488750040531158	10.29399	3.34962511062622
10.310314	0.0502500012516975	10.316546	3.35125017166138
10.332865	0.049625001847744	10.339103	3.35337519645691
10.355442	0.051000002771616	10.361686	3.35725021362305
10.378009	0.051000002771616	10.384242	3.35937523841858
10.40057	0.0508750006556511	10.406802	3.36225008964539
10.423121	0.0497500039637089	10.429354	3.36400008201599
10.445675	0.0512500032782555	10.451908	3.36425018310547
10.468253	0.0495000034570694	10.474485	3.36587524414062
10.49081	0.0526250042021275	10.497042	3.366375207901
10.513361	0.0498750023543835	10.5196	3.36987519264221
10.535918	0.0501250028610229	10.542151	3.37225008010864
10.558475	0.0526250042021275	10.564707	3.37550020217896
10.581034	0.0515000037848949	10.587276	3.37725019454956
10.603595	0.0506250038743019	10.609833	3.37837505340576
10.626151	0.0506250038743019	10.632384	3.37900018692017
10.648709	0.0503750033676624	10.654941	3.37862515449524
10.671266	0.0502500012516975	10.677499	3.3802502155304
10.693818	0.0502500012516975	10.700056	3.38337516784668
10.716375	0.051000002771616	10.722632	3.38537526130676
10.738956	0.0522500015795231	10.745188	3.38825011253357
10.761508	0.053250003606081	10.767754	3.38962507247925
10.784086	0.0502500012516975	10.790324	3.3895001411438
10.806643	0.0508750006556511	10.812876	3.3901252746582
10.8292	0.0511250011622906	10.835433	3.39000010490417
10.851767	0.055500004440546	10.858	3.39175009727478
10.87432	0.0516250021755695	10.880557	3.39437508583069
10.896876	0.0517500042915344	10.903109	3.39637517929077
10.919434	0.0537500008940697	10.925667	3.3985002040863
10.941985	0.0508750006556511	10.948218	3.39975023269653
10.964531	0.052375003695488	10.970769	3.39987516403198
10.987135	0.0511250011622906	10.993371	3.39975023269653
11.009695	0.052375003695488	11.015923	3.40000009536743
11.032282	0.0517500042915344	11.038519	3.40187525749207
11.054843	0.051875002682209	11.06108	3.40362524986267
11.077401	0.0533750019967556	11.083634	3.40612506866455
11.099959	0.0546250008046627	11.106192	3.40737509727478
11.122531	0.0513750016689301	11.128769	3.40787506103516
11.145092	0.0513750016689301	11.15133	3.40762519836426
11.167657	0.0520000010728836	11.173889	3.40762519836426
11.190221	0.051875002682209	11.196454	3.40787506103516
11.212779	0.052750002592802	11.219012	3.41012525558472
11.235333	0.0521250031888485	11.241566	3.41175007820129
11.257878	0.0542500019073486	11.26411	3.41362524032593
11.28043	0.0560000017285347	11.286662	3.41512513160706
11.303015	0.0528750009834766	11.309253	3.41512513160706
11.325572	0.054125003516674	11.331805	3.41487526893616
11.348141	0.0530000030994415	11.354394	3.41475009918213
11.370745	0.0557500012218952	11.376978	3.41512513160706
11.39331	0.0533750019967556	11.399548	3.41687512397766
11.415868	0.0522500015795231	11.422101	3.41937518119812
11.438427	0.0547500029206276	11.44466	3.42100024223328
11.460983	0.0530000030994415	11.467216	3.42187523841858
11.483528	0.0537500008940697	11.489766	3.42187523841858
11.506087	0.052375003695488	11.51232	3.42150020599365
11.528646	0.0528750009834766	11.534878	3.42125010490417
11.551202	0.0531250014901161	11.557435	3.42212510108948
11.573754	0.052375003695488	11.579992	3.42450022697449
11.596311	0.0547500029206276	11.602543	3.42575025558472
11.618868	0.0551250018179417	11.6251	3.42737507820129
11.641425	0.0538750030100346	11.647658	3.42837524414062
11.663981	0.0530000030994415	11.670219	3.4280002117157
11.686549	0.0521250031888485	11.692782	3.42662525177002
11.709107	0.0533750019967556	11.715339	3.42750024795532
11.731664	0.0543750040233135	11.737897	3.42875027656555
11.754216	0.0547500029206276	11.760453	3.43062520027161
11.776772	0.0557500012218952	11.783018	3.43312525749207
11.799342	0.0560000017285347	11.805575	3.43387508392334
11.821894	0.0545000024139881	11.828146	3.43362522125244
11.844457	0.0577500015497208	11.850694	3.43350005149841
11.867036	0.0536250025033951	11.87327	3.43325018882751
11.889595	0.0535000041127205	11.895828	3.43362522125244
11.912154	0.0553750023245811	11.918391	3.43512511253357
11.934718	0.0542500019073486	11.940957	3.43750023841858
11.957278	0.0576250031590462	11.963511	3.43937516212463
11.979831	0.0552500039339066	11.98609	3.44025015830994
12.002414	0.0547500029206276	12.008648	3.43987512588501
12.024973	0.0553750023245811	12.031211	3.43975019454956
12.047538	0.0536250025033951	12.053771	3.43900012969971
12.070096	0.0537500008940697	12.07633	3.43962526321411
12.092653	0.0542500019073486	12.09889	3.44137525558472
12.11521	0.0553750023245811	12.121448	3.44312524795532
12.137766	0.0566250011324883	12.143999	3.44550013542175
12.160323	0.0548750013113022	12.166555	3.44587516784668
12.182875	0.0533750019967556	12.189113	3.44525027275085
12.205434	0.0543750040233135	12.211666	3.44512510299683
12.227986	0.0548750013113022	12.234214	3.44512510299683
12.250546	0.0550000034272671	12.256779	3.44625020027161
12.273108	0.054125003516674	12.279341	3.44800019264221
12.295662	0.0542500019073486	12.301895	3.45012521743774
12.318214	0.0575000010430813	12.324445	3.45150017738342
12.34077	0.0591250024735928	12.347002	3.45237517356873
12.363358	0.0551250018179417	12.369597	3.45137524604797
12.385919	0.0543750040233135	12.392153	3.45125007629395
12.408479	0.0546250008046627	12.414711	3.45137524604797
12.43103	0.0575000010430813	12.437279	3.45312523841858
12.453598	0.0552500039339066	12.459835	3.45500016212463
12.476154	0.0547500029206276	12.482387	3.45675015449524
12.498711	0.0570000037550926	12.504943	3.45787525177002
12.521263	0.0551250018179417	12.527496	3.45675015449524
12.54383	0.0561250038444996	12.550068	3.45762515068054
12.566387	0.0547500029206276	12.572635	3.45687508583069
12.58896	0.0565000027418137	12.595193	3.45762515068054
12.611516	0.055500004440546	12.617766	3.45912528038025
12.634085	0.0565000027418137	12.640323	3.46075010299683
12.656643	0.0576250031590462	12.662876	3.46325016021729
12.679199	0.0565000027418137	12.685432	3.46362519264221
12.701765	0.055500004440546	12.707997	3.46300005912781
12.724318	0.0552500039339066	12.730555	3.46287512779236
12.746888	0.0552500039339066	12.75312	3.46250009536743
12.769439	0.0540000014007092	12.775671	3.46350026130676
12.791991	0.0562500022351742	12.798249	3.46500015258789
12.814568	0.0567500032484531	12.820806	3.46637511253357
12.837126	0.0583750009536743	12.843358	3.46875023841858
12.859686	0.0570000037550926	12.865918	3.46875023841858
12.88224	0.0570000037550926	12.888477	3.4682502746582
12.904797	0.055500004440546	12.911034	3.46775007247925
12.92737	0.0560000017285347	12.933602	3.4673752784729
12.949939	0.0566250011324883	12.956171	3.46887516975403
12.972486	0.0577500015497208	12.978718	3.47012519836426
12.995061	0.0575000010430813	13.001295	3.47162508964539
13.017609	0.0576250031590462	13.023843	3.47287511825562
13.040167	0.0605000033974648	13.046394	3.47275018692017
13.06273	0.0556250028312206	13.068967	3.47200012207031
13.085287	0.055500004440546	13.091524	3.47062516212463
13.107854	0.0556250028312206	13.114092	3.47125005722046
13.130428	0.0570000037550926	13.136661	3.47250008583069
13.15298	0.0567500032484531	13.159212	3.4740002155304
13.175534	0.0575000010430813	13.181767	3.475750207901
13.198087	0.0580000020563602	13.204319	3.47637510299683
13.220644	0.0568750016391277	13.226878	3.47587513923645
13.243196	0.0572500042617321	13.249433	3.47550010681152
13.265752	0.055500004440546	13.271985	3.47475028038025
13.288309	0.0573750026524067	13.294541	3.4751250743866
13.310861	0.0573750026524067	13.317096	3.47637510299683
13.333422	0.0573750026524067	13.339656	3.47762513160706
13.355981	0.0587500035762787	13.362221	3.47900009155273
13.378546	0.0596250034868717	13.384779	3.47975015640259
13.401102	0.0573750026524067	13.407335	3.47887516021729
13.423658	0.0567500032484531	13.429891	3.47837519645691
13.44621	0.0573750026524067	13.452443	3.47712516784668
13.468765	0.0567500032484531	13.474997	3.47787523269653
13.491325	0.0570000037550926	13.497566	3.47950005531311
13.513885	0.0580000020563602	13.520122	3.48100018501282
13.536444	0.0587500035762787	13.542676	3.4823751449585
13.558999	0.0577500015497208	13.565232	3.48175024986267
13.581555	0.0577500015497208	13.587788	3.48075008392334
13.604106	0.0570000037550926	13.610345	3.47987508773804
13.626694	0.0568750016391277	13.632928	3.48000025749207
13.649273	0.0576250031590462	13.655512	3.48125004768372
13.67188	0.0575000010430813	13.678114	3.48275017738342
13.694439	0.0585000030696392	13.700671	3.48425006866455
13.716994	0.0588750019669533	13.723227	3.48512506484985
13.739552	0.0575000010430813	13.745784	3.48450016975403
13.762109	0.0575000010430813	13.768341	3.4838752746582
13.78466	0.0572500042617321	13.790898	3.48312520980835
13.807217	0.0596250034868717	13.81345	3.48337507247925
13.829775	0.0575000010430813	13.836007	3.48450016975403
13.852333	0.0567500032484531	13.85857	3.48625016212463
13.874907	0.0598750039935112	13.881144	3.48762512207031
13.897465	0.0585000030696392	13.903697	3.48837518692017
13.920024	0.0586250014603138	13.926251	3.48775005340576
13.942571	0.0585000030696392	13.948808	3.48700022697449
13.965129	0.0575000010430813	13.971368	3.48612523078918
13.987794	0.0581250041723251	13.994029	3.48662519454956
14.010367	0.0577500015497208	14.016601	3.48825025558472
14.032933	0.0587500035762787	14.039166	3.48912525177002
14.055499	0.0595000013709068	14.061732	3.4907500743866
14.078066	0.0611250028014183	14.084294	3.49175024032593
14.10062	0.0581250041723251	14.106853	3.49062514305115
14.123173	0.0587500035762787	14.129411	3.4896252155304
14.145729	0.0580000020563602	14.151962	3.4896252155304
14.168278	0.0587500035762787	14.174516	3.4905002117157
14.190842	0.0611250028014183	14.197074	3.49187517166138
14.213396	0.0600000023841858	14.219634	3.49350023269653
14.235954	0.0590000040829182	14.242188	3.49487519264221
14.258525	0.0587500035762787	14.264757	3.49425005912781
14.281075	0.0586250014603138	14.287308	3.49412512779236
14.303627	0.0577500015497208	14.309865	3.4925000667572
14.326184	0.0578750036656857	14.332439	3.49300026893616
14.348762	0.0580000020563602	14.355013	3.49437522888184
14.371349	0.0588750019669533	14.377583	3.49525022506714
14.393904	0.0597500018775463	14.400141	3.49687504768372
14.416466	0.0597500018775463	14.422706	3.49750018119812
14.439028	0.0585000030696392	14.445261	3.49737524986267
14.461587	0.0565000027418137	14.467821	3.49725008010864
14.484142	0.0582500025629997	14.490374	3.49587512016296
14.506697	0.0592500045895576	14.512929	3.49612522125244
14.52925	0.0592500045895576	14.535482	3.49737524986267
14.551804	0.0601250045001507	14.558062	3.4988751411438
14.574382	0.0607500039041042	14.58062	3.50025010108948
14.596955	0.0600000023841858	14.603188	3.50050020217896
14.619508	0.0595000013709068	14.62574	3.50025010108948
14.642059	0.0595000013709068	14.648297	3.4988751411438
14.664617	0.0576250031590462	14.670849	3.49850010871887
14.687169	0.0581250041723251	14.693402	3.49937510490417
14.709726	0.0577500015497208	14.715958	3.50050020217896
14.732278	0.0596250034868717	14.738515	3.50262522697449
14.754834	0.0610000044107437	14.761072	3.50300025939941
14.777394	0.0596250034868717	14.783627	3.50312519073486
14.799952	0.0595000013709068	14.806184	3.50262522697449
14.822504	0.0592500045895576	14.828741	3.50150012969971
14.84506	0.0583750009536743	14.851298	3.50137519836426
14.867621	0.0595000013709068	14.873854	3.50187516212463
14.890179	0.0590000040829182	14.896412	3.50337505340576
14.91273	0.0611250028014183	14.918968	3.5052502155304
14.935288	0.0597500018775463	14.941525	3.50587511062622
14.957854	0.0588750019669533	14.964082	3.50562524795532
14.980402	0.0597500018775463	14.986659	3.50487518310547
15.003023	0.0551250018179417	15.009256	3.50375008583069
15.025579	0.0597500018775463	15.031812	3.50387525558472
15.048141	0.0595000013709068	15.054373	3.50462508201599
15.070697	0.0596250034868717	15.07693	3.50600028038025
15.093249	0.0613750033080578	15.099486	3.50775027275085
15.115806	0.0613750033080578	15.122042	3.50862526893616
15.138382	0.0623750016093254	15.144615	3.50800013542175
15.160931	0.0597500018775463	15.167163	3.50687527656555
15.183508	0.0588750019669533	15.189745	3.50625014305115
15.206056	0.063000001013279	15.212289	3.5061252117157
15.228614	0.0593750029802322	15.234846	3.50712513923645
15.251169	0.0605000033974648	15.257402	3.50950026512146
15.27372	0.0616250038146973	15.279957	3.51037526130676
15.29629	0.0606250017881393	15.302528	3.51037526130676
15.318851	0.0597500018775463	15.325079	3.50975012779236
15.341403	0.0596250034868717	15.347652	3.50825023651123
15.364	0.0593750029802322	15.370238	3.50800013542175
15.386559	0.0596250034868717	15.392792	3.50862526893616
15.409116	0.0631249994039536	15.415349	3.50975012779236
15.431672	0.0603750012814999	15.437905	3.51162505149841
15.454231	0.0616250038146973	15.460464	3.51275014877319
15.476787	0.0640000030398369	15.48302	3.51125025749207
15.499342	0.0597500018775463	15.505574	3.51137518882751
15.521894	0.0590000040829182	15.528143	3.51037526130676
15.544466	0.0577500015497208	15.550699	3.51000022888184
15.567019	0.0597500018775463	15.573247	3.51100015640259
15.589567	0.0603750012814999	15.595799	3.51225018501282
15.612146	0.0615000016987324	15.618383	3.51400017738342
15.634703	0.0627500042319298	15.64094	3.51462507247925
15.657278	0.0593750029802322	15.66351	3.5142502784729
15.679835	0.0635000020265579	15.686067	3.51325011253357
15.702387	0.0588750019669533	15.708624	3.51275014877319
15.724945	0.0601250045001507	15.731181	3.51262521743774
15.7475	0.0607500039041042	15.753733	3.51350021362305
15.770052	0.0607500039041042	15.776284	3.51462507247925
15.792603	0.0620000027120113	15.79884	3.51650023460388
15.815173	0.0616250038146973	15.821411	3.51637506484985
15.837729	0.0598750039935112	15.843962	3.51637506484985
15.860291	0.0605000033974648	15.866524	3.51500010490417
15.882843	0.0620000027120113	15.88908	3.51462507247925
15.9054	0.0596250034868717	15.911637	3.51475024223328
15.927956	0.0606250017881393	15.934188	3.51612520217896
15.950512	0.0611250028014183	15.956745	3.51737523078918
15.973063	0.0636250004172325	15.979295	3.51875019073486
15.995631	0.0616250038146973	16.001868	3.51825022697449
16.018204	0.0607500039041042	16.024437	3.51825022697449
16.040763	0.0601250045001507	16.046995	3.51700019836426
16.063319	0.0601250045001507	16.069557	3.51675009727478
16.085876	0.063000001013279	16.092108	3.51737523078918
16.108434	0.0602500028908253	16.114666	3.51850008964539
16.13099	0.0620000027120113	16.137223	3.52050018310547
16.153518	0.0613750033080578	16.159755	3.52125024795532
16.176078	0.0603750012814999	16.182311	3.52100014686584
16.198635	0.0615000016987324	16.204867	3.51987504959106
16.221182	0.0617500022053719	16.227416	3.51937508583069
16.243726	0.0618750043213367	16.249959	3.51887512207031
16.266279	0.0656250044703484	16.272527	3.51962518692017
16.288851	0.0613750033080578	16.295083	3.52100014686584
16.311406	0.0646250024437904	16.317652	3.522625207901
16.333971	0.0632500052452087	16.340209	3.5237500667572
16.356535	0.0608750022947788	16.362769	3.5235002040863
16.379095	0.0612500011920929	16.385328	3.52237510681152
16.401656	0.0568750016391277	16.407885	3.52125024795532
16.424207	0.0605000033974648	16.430444	3.52112507820129
16.446765	0.0607500039041042	16.453019	3.522625207901
16.469344	0.0607500039041042	16.475577	3.52412509918213
16.491896	0.0606250017881393	16.49814	3.52600026130676
16.514458	0.0620000027120113	16.520695	3.52525019645691
16.537018	0.0618750043213367	16.543251	3.52550005912781
16.559573	0.0616250038146973	16.5658	3.52362513542175
16.582137	0.0602500028908253	16.588369	3.52387523651123
16.604689	0.0612500011920929	16.610922	3.52450013160706
16.627263	0.0612500011920929	16.633496	3.52587509155273
16.649813	0.0613750033080578	16.65604	3.52725005149841
16.67236	0.0628750026226044	16.678599	3.52825021743774
16.694924	0.0645000040531158	16.701161	3.52862524986267
16.717496	0.0612500011920929	16.723729	3.52762508392334
16.740048	0.0645000040531158	16.746281	3.52662515640259
16.762601	0.0607500039041042	16.768839	3.52637505531311
16.785158	0.0607500039041042	16.791396	3.52712512016296
16.807715	0.0623750016093254	16.813947	3.52850008010864
16.83027	0.063000001013279	16.836503	3.53037524223328
16.852828	0.0641250014305115	16.859065	3.53125023841858
16.875384	0.0616250038146973	16.881621	3.53087520599365
16.897939	0.0613750033080578	16.904177	3.53025007247925
16.920514	0.0621250011026859	16.926746	3.52937507629395
16.943065	0.0615000016987324	16.949297	3.52975010871887
16.965608	0.0611250028014183	16.971865	3.5307502746582
16.988217	0.0636250004172325	16.994451	3.53212523460388
17.010772	0.0638750046491623	17.017	3.53362512588501
17.033322	0.0670000016689301	17.03956	3.53437519073486
17.055879	0.0610000044107437	17.062111	3.53412508964539
17.07844	0.0616250038146973	17.084672	3.53350019454956
17.100997	0.0591250024735928	17.107229	3.53225016593933
17.123516	0.0611250028014183	17.129753	3.53250026702881
17.146073	0.0611250028014183	17.152305	3.53400015830994
17.16863	0.0622500032186508	17.174863	3.53512525558472
17.191187	0.0640000030398369	17.197419	3.5365002155304
17.21374	0.0621250011026859	17.219977	3.5376250743866
17.236296	0.0615000016987324	17.242534	3.53625011444092
17.258873	0.0615000016987324	17.265106	3.53562521934509
17.281429	0.0616250038146973	17.287665	3.53537511825562
17.303992	0.0612500011920929	17.310229	3.53575015068054
17.326548	0.0611250028014183	17.33278	3.53750014305115
17.349104	0.0621250011026859	17.355375	3.5385000705719
17.371722	0.0637500062584877	17.377955	3.53987526893616
17.394275	0.0616250038146973	17.400513	3.5393750667572
17.416832	0.0631249994039536	17.423066	3.53887510299683
17.439389	0.0596250034868717	17.445622	3.53787517547607
17.461962	0.0610000044107437	17.468195	3.53812527656555
17.484506	0.0663750022649765	17.490745	3.53900027275085
17.507065	0.0622500032186508	17.513308	3.5402500629425
17.529632	0.0625	17.535865	3.54150009155273
17.552185	0.0637500062584877	17.558422	3.54262518882751
17.574742	0.0623750016093254	17.580979	3.54250025749207
17.597299	0.0618750043213367	17.603531	3.54162526130676
17.619855	0.0615000016987324	17.626087	3.54050016403198
17.642407	0.064750000834465	17.648639	3.54087519645691
17.664966	0.0612500011920929	17.671199	3.54175019264221
17.687519	0.0595000013709068	17.693752	3.54337525367737
17.710077	0.0637500062584877	17.71631	3.5448751449585
17.732632	0.0628750026226044	17.738865	3.54562520980835
17.755186	0.0620000027120113	17.761418	3.5448751449585
17.77776	0.0618750043213367	17.783993	3.54400014877319
17.800312	0.0608750022947788	17.806545	3.54287505149841
17.822881	0.0625	17.829119	3.54350018501282
17.845439	0.0622500032186508	17.851677	3.54437518119812
17.868001	0.0623750016093254	17.874234	3.54600024223328
17.890559	0.0645000040531158	17.896791	3.5475001335144
17.913112	0.063000001013279	17.919349	3.54737520217896
17.935668	0.0622500032186508	17.9419	3.54687523841858
17.958245	0.0618750043213367	17.964477	3.54562520980835
17.980814	0.0616250038146973	17.987067	3.5457501411438
18.003403	0.0623750016093254	18.009644	3.54587507247925
18.025993	0.0626250058412552	18.032243	3.54737520217896
18.048565	0.0677500069141388	18.054798	3.54925012588501
18.071124	0.063000001013279	18.077366	3.54975008964539
18.093688	0.0627500042319298	18.099926	3.55025005340576
18.116248	0.0661250054836273	18.122481	3.54950022697449
18.138805	0.0611250028014183	18.145037	3.54837512969971
18.161361	0.0610000044107437	18.167594	3.54762506484985
18.183913	0.0621250011026859	18.190151	3.54912519454956
18.206485	0.0618750043213367	18.212728	3.55012512207031
18.229053	0.0641250014305115	18.23528	3.55175018310547
18.251597	0.0635000020265579	18.257831	3.55237507820129
18.274151	0.0622500032186508	18.280389	3.55137515068054
18.296708	0.0627500042319298	18.302941	3.55125021934509
18.319264	0.063000001013279	18.325492	3.54987525939941
18.341811	0.0617500022053719	18.348053	3.55000019073486
18.364402	0.0620000027120113	18.37064	3.55112504959106
18.386977	0.0622500032186508	18.39321	3.55350017547607
18.409536	0.0641250014305115	18.415769	3.55362510681152
18.432095	0.0641250014305115	18.438333	3.55425024032593
18.454653	0.0612500011920929	18.46089	3.55337524414062
18.47721	0.0628750026226044	18.483442	3.55237507820129
18.499767	0.0623750016093254	18.505999	3.55187511444092
18.522318	0.063000001013279	18.528556	3.55250024795532
18.544874	0.0650000050663948	18.551112	3.5532500743866
18.567434	0.0613750033080578	18.573668	3.55462527275085
18.589992	0.0645000040531158	18.596224	3.55562520027161
18.612549	0.0632500052452087	18.618787	3.55562520027161
18.635106	0.0628750026226044	18.641344	3.5550000667572
18.657663	0.0623750016093254	18.663896	3.55337524414062
18.68022	0.0625	18.686452	3.55350017547607
18.702772	0.0627500042319298	18.709009	3.5541250705719
18.725328	0.0632500052452087	18.731561	3.5550000667572
18.747883	0.064750000834465	18.754121	3.55687522888184
18.770446	0.0643750056624413	18.776679	3.55787515640259
18.793024	0.063000001013279	18.799256	3.55712509155273
18.81558	0.0658750012516975	18.821813	3.55625009536743
18.838139	0.0615000016987324	18.844371	3.55575013160706
18.8607	0.0621250011026859	18.866933	3.5550000667572
18.883253	0.0626250058412552	18.889491	3.55600023269653
18.905815	0.0628750026226044	18.912048	3.55712509155273
18.928372	0.0637500062584877	18.934604	3.55775022506714
18.950929	0.0643750056624413	18.957162	3.55912518501282
18.973527	0.0621250011026859	18.979761	3.55850005149841
18.996111	0.0626250058412552	19.002344	3.55700016021729
19.018665	0.0621250011026859	19.024898	3.55650019645691
19.041222	0.0625	19.047451	3.55637526512146
19.063778	0.0607500039041042	19.070016	3.55737519264221
19.086352	0.0627500042319298	19.092585	3.55937528610229
19.108905	0.0637500062584877	19.115137	3.56012511253357
19.131464	0.0636250004172325	19.137697	3.55962514877319
19.154017	0.064750000834465	19.160255	3.55962514877319
19.176576	0.0625	19.182818	3.55850005149841
19.199142	0.0627500042319298	19.205375	3.55762505531311
19.221699	0.063000001013279	19.227932	3.55825018882751
19.24425	0.0637500062584877	19.250487	3.55912518501282
19.266811	0.0638750046491623	19.273043	3.5611252784729
19.289376	0.0648750066757202	19.295609	3.56150007247925
19.311948	0.0628750026226044	19.318181	3.5611252784729
19.3345	0.0636250004172325	19.340737	3.56062507629395
19.357079	0.0625	19.363316	3.55887508392334
19.379645	0.0618750043213367	19.385878	3.55887508392334
19.402199	0.0632500052452087	19.408437	3.55975008010864
19.424756	0.0645000040531158	19.430993	3.56037521362305
19.447312	0.0635000020265579	19.453545	3.56175017356873
19.469885	0.0650000050663948	19.476117	3.56262516975403
19.492436	0.063000001013279	19.498673	3.56212520599365
19.514995	0.0625	19.521233	3.56150007247925
19.537567	0.0626250058412552	19.543812	3.5602502822876
19.560142	0.0626250058412552	19.566375	3.56000018119812
19.582696	0.0623750016093254	19.588933	3.56100010871887
19.605251	0.0627500042319298	19.611484	3.5631251335144
19.627817	0.0646250024437904	19.634049	3.5631251335144
19.650373	0.0648750066757202	19.656605	3.5631251335144
19.672926	0.0616250038146973	19.679163	3.56275010108948
19.695481	0.0642499998211861	19.701718	3.56125020980835
19.718054	0.0607500039041042	19.724287	3.5611252784729
19.740612	0.0633750036358833	19.746844	3.56087517738342
19.763163	0.0625	19.769395	3.56187510490417
19.785715	0.0638750046491623	19.791955	3.56325006484985
19.808281	0.0655000060796738	19.814514	3.56450009346008
19.830833	0.0636250004172325	19.837066	3.56450009346008
19.8534	0.0637500062584877	19.859638	3.56362509727478
19.875963	0.0632500052452087	19.882196	3.56175017356873
19.898516	0.0591250024735928	19.904748	3.56162524223328
19.921067	0.0616250038146973	19.927299	3.56212520599365
19.943618	0.0625	19.949851	3.5631251335144
19.966186	0.0667500048875809	19.97244	3.56500005722046
19.988792	0.0651250034570694	19.995021	3.56500005722046
20.011348	0.0640000030398369	20.01761	3.56487512588501
20.033934	0.0628750026226044	20.040171	3.56425023078918
20.056493	0.0626250058412552	20.062728	3.5631251335144
20.079053	0.0632500052452087	20.085285	3.56275010108948
20.101608	0.0625	20.107852	3.56300020217896
20.124171	0.0627500042319298	20.13041	3.56450009346008
20.146745	0.065250001847744	20.152978	3.56550025939941
20.169294	0.0646250024437904	20.175527	3.56637525558472
20.191861	0.0635000020265579	20.198094	3.56575012207031
20.214414	0.0627500042319298	20.220651	3.56450009346008
20.236971	0.0628750026226044	20.243203	3.56400012969971
20.259527	0.0626250058412552	20.265759	3.56337523460388
20.282077	0.0627500042319298	20.288315	3.56437516212463
20.304635	0.0632500052452087	20.310872	3.56587505340576
20.327185	0.0643750056624413	20.333424	3.56687521934509
20.349758	0.0646250024437904	20.355996	3.56700015068054
20.37232	0.0631249994039536	20.378557	3.56650018692017
20.39488	0.0645000040531158	20.401117	3.56425023078918
20.417441	0.0622500032186508	20.423674	3.56475019454956
20.44	0.0627500042319298	20.446233	3.56462526321411
20.462551	0.0636250004172325	20.468789	3.56537508964539
20.485108	0.0636250004172325	20.491345	3.56650018692017
20.507664	0.0656250044703484	20.513896	3.56800007820129
20.530225	0.0640000030398369	20.536457	3.5677502155304
20.552777	0.0622500032186508	20.559014	3.56712508201599
20.575335	0.0628750026226044	20.581572	3.56550025939941
20.597891	0.0627500042319298	20.604123	3.56512522697449
20.620447	0.0632500052452087	20.626679	3.56550025939941
20.643021	0.0641250014305115	20.649259	3.56612515449524
20.665578	0.0648750066757202	20.671811	3.56787514686584
20.68814	0.0653750002384186	20.694373	3.56875014305115
20.710697	0.0633750036358833	20.716929	3.56875014305115
20.733249	0.0631249994039536	20.739486	3.5677502155304
20.755806	0.0625	20.762041	3.56662511825562
20.778366	0.0623750016093254	20.784598	3.56600022315979
20.800923	0.0646250024437904	20.807155	3.56675028800964
20.823498	0.0636250004172325	20.829735	3.56875014305115
20.846054	0.0662500038743019	20.852292	3.56912517547607
20.868617	0.0685000047087669	20.87485	3.5697500705719
20.891174	0.0632500052452087	20.897407	3.569500207901
20.913727	0.0673750042915344	20.919961	3.56800007820129
20.936283	0.0632500052452087	20.942527	3.56712508201599
20.958847	0.0631249994039536	20.965074	3.56687521934509
20.981412	0.0640000030398369	20.98769	3.5677502155304
21.004018	0.0632500052452087	21.010252	3.56900024414062
21.02658	0.0655000060796738	21.032818	3.57050013542175
21.049144	0.0656250044703484	21.055377	3.5706250667572
21.071701	0.0631249994039536	21.077934	3.5697500705719
21.094259	0.0636250004172325	21.100497	3.5688750743866
21.116818	0.0621250011026859	21.123051	3.56812524795532
21.139379	0.0633750036358833	21.145612	3.56787514686584
21.16195	0.0656250044703484	21.168183	3.56925010681152
21.184502	0.0643750056624413	21.190739	3.5697500705719
21.207058	0.0650000050663948	21.213308	3.57125020027161
21.229632	0.0636250004172325	21.235865	3.57137513160706
21.252183	0.0637500062584877	21.25842	3.57087516784668
21.274752	0.0631249994039536	21.28099	3.569500207901
21.297309	0.063000001013279	21.303543	3.56875014305115
21.319868	0.0640000030398369	21.3261	3.5688750743866
21.342441	0.0640000030398369	21.348679	3.57050013542175
21.365022	0.0651250034570694	21.37126	3.57200026512146
21.387582	0.0651250034570694	21.393815	3.57287526130676
21.410139	0.0627500042319298	21.416371	3.57237505912781
21.432691	0.0635000020265579	21.438929	3.57100009918213
21.455257	0.0621250011026859	21.461494	3.5706250667572
21.477814	0.0625	21.484047	3.5697500705719
21.500372	0.0636250004172325	21.506605	3.57050013542175
21.522924	0.0618750043213367	21.529161	3.57212519645691
21.545481	0.0658750012516975	21.551719	3.57325005531311
21.568053	0.0653750002384186	21.574285	3.57350015640259
21.590609	0.0636250004172325	21.596841	3.57312512397766
21.613167	0.0656250044703484	21.619404	3.57087516784668
21.635738	0.0633750036358833	21.64197	3.57112526893616
21.658289	0.0635000020265579	21.664521	3.57100009918213
21.680846	0.0641250014305115	21.687079	3.57162523269653
21.703398	0.0638750046491623	21.709635	3.57312512397766
21.725954	0.0657500028610229	21.732187	3.57412505149841
21.74851	0.0645000040531158	21.754743	3.57425022125244
21.771062	0.0638750046491623	21.777295	3.57375025749207
21.793615	0.0637500062584877	21.799852	3.57262516021729
21.816183	0.063000001013279	21.822439	3.57225012779236
21.838758	0.063000001013279	21.84499	3.57200026512146
21.861319	0.0648750066757202	21.86757	3.57262516021729
21.883889	0.0657500028610229	21.890126	3.57462525367737
21.906445	0.0662500038743019	21.912677	3.57537508010864
21.929001	0.0643750056624413	21.935233	3.57512521743774
21.951557	0.0635000020265579	21.95779	3.57450008392334
21.974109	0.0632500052452087	21.980341	3.57325005531311
21.996676	0.0635000020265579	22.002914	3.57287526130676
22.019245	0.0642499998211861	22.02548	3.57312512397766
22.041808	0.0636250004172325	22.048066	3.57425022125244
22.064387	0.065250001847744	22.070621	3.5758752822876
22.086943	0.0658750012516975	22.093176	3.57625007629395
22.109492	0.064750000834465	22.115725	3.57575011253357
22.132045	0.0636250004172325	22.138287	3.57412505149841
22.154623	0.0641250014305115	22.16086	3.57375025749207
22.17718	0.0627500042319298	22.183412	3.57387518882751
22.199739	0.0631249994039536	22.205972	3.57425022125244
22.222291	0.0640000030398369	22.228528	3.5761251449585
22.244839	0.0663750022649765	22.251072	3.5770001411438
22.267391	0.065250001847744	22.273624	3.5767502784729
22.289948	0.064750000834465	22.29618	3.5767502784729
22.3125	0.0613750033080578	22.318737	3.57575011253357
22.335058	0.0633750036358833	22.341295	3.57475018501282
22.357657	0.0633750036358833	22.363891	3.57475018501282
22.380226	0.0638750046491623	22.386459	3.57537508010864
22.402775	0.0637500062584877	22.409008	3.57737517356873
22.425329	0.0661250054836273	22.431568	3.57800006866455
22.447888	0.065250001847744	22.45412	3.57800006866455
22.470443	0.0640000030398369	22.476674	3.5770001411438
22.493029	0.0632500052452087	22.499267	3.5758752822876
22.515591	0.0627500042319298	22.521823	3.5758752822876
22.538143	0.0645000040531158	22.544375	3.57575011253357
22.560701	0.0640000030398369	22.566933	3.5767502784729
22.583252	0.0667500048875809	22.589489	3.57775020599365
22.605841	0.0651250034570694	22.612106	3.57862520217896
22.628486	0.0641250014305115	22.634746	3.57887506484985
22.651145	0.0637500062584877	22.65745	3.57737517356873
22.673777	0.0633750036358833	22.68001	3.57600021362305
22.696375	0.0631249994039536	22.702656	3.5761251449585
22.71898	0.0642499998211861	22.725207	3.57637524604797
22.741541	0.0635000020265579	22.747774	3.57800006866455
22.764094	0.0663750022649765	22.770331	3.57912516593933
22.786651	0.0648750066757202	22.792884	3.57987523078918
22.809207	0.0638750046491623	22.81544	3.57900023460388
22.831764	0.0650000050663948	22.837997	3.57775020599365
22.854327	0.0637500062584877	22.860571	3.57687520980835
22.876896	0.0636250004172325	22.883129	3.57650017738342
22.899469	0.0635000020265579	22.905702	3.57775020599365
22.92202	0.0643750056624413	22.928258	3.57912516593933
22.944578	0.0658750012516975	22.950815	3.58037519454956
22.967124	0.0648750066757202	22.973357	3.58037519454956
22.989703	0.0635000020265579	22.995936	3.5787501335144
23.012251	0.0635000020265579	23.018484	3.57850027084351
23.034804	0.0638750046491623	23.041041	3.57725024223328
23.057369	0.0645000040531158	23.063601	3.5776252746582
23.079924	0.0642499998211861	23.086158	3.57900023460388
23.102481	0.065250001847744	23.108713	3.57987523078918
23.125036	0.0653750002384186	23.131269	3.58137512207031
23.147589	0.0640000030398369	23.153823	3.58100008964539
23.170145	0.0648750066757202	23.176379	3.57900023460388
23.192699	0.0635000020265579	23.198931	3.57887506484985
23.215251	0.0632500052452087	23.221484	3.57812523841858
23.237802	0.0635000020265579	23.244035	3.5787501335144
23.260374	0.0635000020265579	23.266607	3.58025026321411
23.282925	0.0665000006556511	23.289158	3.58062505722046
23.305477	0.0662500038743019	23.311715	3.58150005340576
23.328052	0.0637500062584877	23.334285	3.58100008964539
23.350611	0.0646250024437904	23.35687	3.57975006103516
23.373213	0.0632500052452087	23.379452	3.57937526702881
23.395772	0.0643750056624413	23.402004	3.57862520217896
23.418329	0.0638750046491623	23.424567	3.57937526702881
23.440906	0.0633750036358833	23.447134	3.58062505722046
23.463455	0.0690000057220459	23.469688	3.58187508583069
23.48601	0.0650000050663948	23.492243	3.58237528800964
23.508567	0.0643750056624413	23.5148	3.58112525939941
23.531121	0.0638750046491623	23.537369	3.58037519454956
23.553689	0.0633750036358833	23.559926	3.57912516593933
23.576245	0.0631249994039536	23.582478	3.57950019836426
23.598802	0.0633750036358833	23.605034	3.58037519454956
23.621373	0.0650000050663948	23.627605	3.58175015449524
23.643924	0.0655000060796738	23.650161	3.58300018310547
23.666487	0.0655000060796738	23.67273	3.58250021934509
23.689051	0.0641250014305115	23.695283	3.58100008964539
23.711609	0.0655000060796738	23.717852	3.58075022697449
23.734171	0.0618750043213367	23.740408	3.57937526702881
23.756728	0.0637500062584877	23.76296	3.57987523078918
23.779285	0.0645000040531158	23.785517	3.58112525939941
23.801862	0.0657500028610229	23.808095	3.58225011825562
23.824414	0.0662500038743019	23.830652	3.58275008201599
23.846972	0.0638750046491623	23.853211	3.58300018310547
23.869537	0.0659999996423721	23.875769	3.58162522315979
23.892089	0.0633750036358833	23.898326	3.58075022697449
23.914646	0.0640000030398369	23.920883	3.58000016212463
23.937201	0.0638750046491623	23.943434	3.58037519454956
23.959758	0.0643750056624413	23.965991	3.58262515068054
23.982353	0.0656250044703484	23.988602	3.58300018310547
24.004925	0.0651250034570694	24.011163	3.5833752155304
24.027495	0.0670000016689301	24.033734	3.58262515068054
24.050061	0.0643750056624413	24.056293	3.58175015449524
24.072638	0.0637500062584877	24.078876	3.58050012588501
24.0952	0.0631249994039536	24.101438	3.58062505722046
24.117764	0.0643750056624413	24.123996	3.58200025558472
24.140321	0.0643750056624413	24.146554	3.58262515068054
24.162874	0.0666250064969063	24.169111	3.58387517929077
24.185434	0.0651250034570694	24.191671	3.58412528038025
24.207992	0.064750000834465	24.214224	3.58262515068054
24.23055	0.0635000020265579	24.236783	3.58187508583069
24.253118	0.0638750046491623	24.259352	3.58087515830994
24.275673	0.0636250004172325	24.28191	3.58087515830994
24.298255	0.0645000040531158	24.304487	3.58250021934509
24.320812	0.0650000050663948	24.327046	3.58325028419495
24.343398	0.0665000006556511	24.349636	3.58400011062622
24.365979	0.0646250024437904	24.372218	3.58437514305115
24.388547	0.0638750046491623	24.394779	3.58325028419495
24.411104	0.0636250004172325	24.417342	3.58212518692017
24.433663	0.0621250011026859	24.439901	3.58125019073486
24.456221	0.0646250024437904	24.462453	3.58150005340576
24.478777	0.0643750056624413	24.485004	3.58275008201599
24.501338	0.065250001847744	24.507571	3.58375024795532
24.523907	0.065250001847744	24.530145	3.58487510681152
24.546466	0.0643750056624413	24.552698	3.58462524414062
24.569021	0.0642499998211861	24.575254	3.58287525177002
24.59158	0.0635000020265579	24.597813	3.58200025558472
24.614132	0.0681250020861626	24.62037	3.58212518692017
24.636689	0.0645000040531158	24.642922	3.58212518692017
24.659246	0.0635000020265579	24.665478	3.58387517929077
24.681798	0.0658750012516975	24.688052	3.58437514305115
24.704372	0.0653750002384186	24.710609	3.58500027656555
24.726941	0.068000003695488	24.733175	3.58400011062622
24.749495	0.0641250014305115	24.755727	3.58312511444092
24.77205	0.0637500062584877	24.778288	3.58187508583069
24.794607	0.0642499998211861	24.800845	3.58187508583069
24.817162	0.0646250024437904	24.823396	3.58287525177002
24.83972	0.0645000040531158	24.845952	3.58387517929077
24.862275	0.0671250000596046	24.868512	3.58550024032593
24.884833	0.0676250010728836	24.89107	3.58562517166138
24.90739	0.0640000030398369	24.913623	3.58412528038025
24.929961	0.0638750046491623	24.936194	3.58362507820129
24.952524	0.0668750032782555	24.958762	3.58150005340576
24.975084	0.064750000834465	24.981336	3.58262515068054
24.997663	0.0643750056624413	25.003891	3.58387517929077
25.020212	0.0653750002384186	25.026445	3.58475017547607
25.042764	0.0676250010728836	25.049003	3.58587527275085
25.065323	0.0651250034570694	25.07156	3.58587527275085
25.087879	0.0646250024437904	25.094111	3.58437514305115
25.110447	0.0638750046491623	25.11668	3.5833752155304
25.13302	0.0642499998211861	25.139258	3.58250021934509
25.155578	0.0643750056624413	25.161811	3.58300018310547
25.178141	0.0638750046491623	25.184374	3.58462524414062
25.200699	0.065250001847744	25.206932	3.58575010299683
25.223251	0.0666250064969063	25.229488	3.5860002040863
25.245807	0.0658750012516975	25.252041	3.58525013923645
25.268364	0.0648750066757202	25.274596	3.58437514305115
25.290925	0.0635000020265579	25.297157	3.58275008201599
25.313501	0.0685000047087669	25.319734	3.58300018310547
25.336054	0.0643750056624413	25.342287	3.58375024795532
25.358628	0.0653750002384186	25.364867	3.585125207901
25.38119	0.0655000060796738	25.387423	3.5862500667572
25.403744	0.0651250034570694	25.409977	3.5862500667572
25.426296	0.0646250024437904	25.432529	3.585125207901
25.448858	0.064750000834465	25.455091	3.58437514305115
25.471415	0.0648750066757202	25.477652	3.58362507820129
25.493973	0.0657500028610229	25.500211	3.58362507820129
25.516531	0.0648750066757202	25.522759	3.58437514305115
25.539086	0.068000003695488	25.545319	3.5853750705719
25.561643	0.0662500038743019	25.567876	3.58637523651123
25.584196	0.0651250034570694	25.590433	3.58650016784668
25.606743	0.0642499998211861	25.612981	3.58575010299683
25.629309	0.0640000030398369	25.635541	3.5845000743866
25.651861	0.0626250058412552	25.658094	3.58387517929077
25.674414	0.0631249994039536	25.680651	3.58375024795532
25.696971	0.0646250024437904	25.703204	3.58500027656555
25.719529	0.0653750002384186	25.725761	3.58612513542175
25.742081	0.0657500028610229	25.748318	3.58737516403198
25.764637	0.0641250014305115	25.770869	3.58737516403198
25.787188	0.0655000060796738	25.793421	3.5853750705719
25.809746	0.0627500042319298	25.815979	3.58475017547607
25.832313	0.0640000030398369	25.83855	3.58375024795532
25.854875	0.0678750053048134	25.861113	3.5842502117157
25.877433	0.0656250044703484	25.883668	3.58575010299683
25.899991	0.0653750002384186	25.906224	3.58737516403198
25.922544	0.0656250044703484	25.928781	3.58750009536743
25.9451	0.0646250024437904	25.951337	3.58687520027161
25.967656	0.0635000020265579	25.973888	3.5860002040863
25.990233	0.0640000030398369	25.996466	3.58437514305115
26.012791	0.0640000030398369	26.01903	3.5842502117157
26.035369	0.065250001847744	26.041607	3.5853750705719
26.057927	0.0628750026226044	26.06416	3.58612513542175
26.080487	0.0665000006556511	26.086719	3.58750009536743
26.103039	0.065250001847744	26.109276	3.58787512779236
26.125595	0.0645000040531158	26.131827	3.58662509918213
26.148146	0.0625	26.154378	3.58587527275085
26.170701	0.0642499998211861	26.176933	3.58475017547607
26.193253	0.0657500028610229	26.199491	3.58475017547607
26.215809	0.064750000834465	26.222042	3.58587527275085
26.23838	0.0648750066757202	26.244612	3.58675026893616
26.260928	0.0661250054836273	26.26716	3.58775019645691
26.283503	0.064750000834465	26.28974	3.58787512779236
26.306059	0.0651250034570694	26.312292	3.58662509918213
26.328616	0.0646250024437904	26.334848	3.58562517166138
26.351172	0.0643750056624413	26.357412	3.58462524414062
26.373733	0.0643750056624413	26.37997	3.58487510681152
26.396289	0.0642499998211861	26.402523	3.58662509918213
26.418848	0.0659999996423721	26.425082	3.58762526512146
26.441409	0.0659999996423721	26.447655	3.58837509155273
26.463978	0.0643750056624413	26.470211	3.58812522888184
26.48653	0.0676250010728836	26.492763	3.58750009536743
26.509085	0.0636250004172325	26.515317	3.58575010299683
26.531638	0.0635000020265579	26.537871	3.5853750705719
26.554191	0.0645000040531158	26.560423	3.58575010299683
26.576751	0.0643750056624413	26.582983	3.58662509918213
26.599308	0.0662500038743019	26.60554	3.58850026130676
26.621861	0.0663750022649765	26.628096	3.58875012397766
26.644406	0.064750000834465	26.650643	3.58750009536743
26.666963	0.0640000030398369	26.673195	3.58650016784668
26.689519	0.0641250014305115	26.695751	3.58525013923645
26.71207	0.0640000030398369	26.718308	3.5853750705719
26.734628	0.0648750066757202	26.740865	3.58637523651123
26.757184	0.0625	26.763416	3.58800005912781
26.779755	0.0662500038743019	26.785988	3.58862519264221
26.802307	0.0655000060796738	26.808545	3.58925008773804
26.824866	0.0646250024437904	26.831103	3.58850026130676
26.847422	0.0635000020265579	26.85366	3.5871250629425
26.869988	0.0635000020265579	26.87622	3.58562517166138
26.892538	0.0648750066757202	26.898776	3.5862500667572
26.915095	0.0640000030398369	26.921332	3.58700013160706
26.937654	0.0648750066757202	26.943887	3.58825016021729
26.960211	0.0686250030994415	26.966438	3.58837509155273
26.982779	0.0648750066757202	26.989015	3.58887505531311
27.005329	0.0650000050663948	27.011568	3.58850026130676
27.027902	0.0648750066757202	27.034136	3.58700013160706
27.050461	0.0641250014305115	27.056693	3.58650016784668
27.073018	0.0658750012516975	27.079256	3.58637523651123
27.095576	0.0646250024437904	27.101809	3.58762526512146
27.11814	0.0665000006556511	27.124373	3.58875012397766
27.140696	0.0666250064969063	27.146929	3.58950018882751
27.163263	0.0653750002384186	27.169501	3.58950018882751
27.185821	0.0643750056624413	27.192054	3.58800005912781
27.208382	0.0631249994039536	27.214614	3.58750009536743
27.230937	0.0645000040531158	27.237169	3.58662509918213
27.253513	0.0643750056624413	27.25975	3.58725023269653
27.276069	0.0626250058412552	27.282302	3.58800005912781
27.298626	0.0661250054836273	27.304858	3.58925008773804
27.321183	0.0651250034570694	27.327416	3.59000015258789
27.343748	0.0646250024437904	27.349986	3.58962512016296
27.366329	0.0648750066757202	27.372567	3.58825016021729
27.388895	0.0648750066757202	27.395128	3.5871250629425
27.411451	0.0645000040531158	27.417685	3.58675026893616
27.434005	0.0640000030398369	27.440242	3.58787512779236
27.456561	0.0651250034570694	27.462794	3.58887505531311
27.479117	0.0672500059008598	27.48535	3.58962512016296
27.501668	0.0662500038743019	27.507903	3.59012508392334
27.524225	0.0633750036358833	27.530458	3.58900022506714
27.546779	0.0641250014305115	27.553015	3.58825016021729
27.569339	0.0642499998211861	27.575572	3.5871250629425
27.591893	0.0638750046491623	27.598138	3.58725023269653
27.61445	0.0645000040531158	27.620683	3.58762526512146
27.637004	0.0645000040531158	27.643237	3.58962512016296
27.659577	0.0673750042915344	27.665809	3.59025025367737
27.682144	0.064750000834465	27.688382	3.59062528610229
27.704704	0.0640000030398369	27.710941	3.58962512016296
27.727278	0.0640000030398369	27.733511	3.58837509155273
27.749835	0.0645000040531158	27.756068	3.58800005912781
27.772391	0.0650000050663948	27.778635	3.58737516403198
27.794956	0.0645000040531158	27.801193	3.58875012397766
27.817517	0.0653750002384186	27.82375	3.59012508392334
27.840075	0.0665000006556511	27.846302	3.59087514877319
27.862638	0.0653750002384186	27.868877	3.59012508392334
27.885201	0.0642499998211861	27.891438	3.58975005149841
27.907764	0.0641250014305115	27.913996	3.58787512779236
27.930321	0.065250001847744	27.936553	3.58787512779236
27.952872	0.0646250024437904	27.959109	3.58875012397766
27.975427	0.0653750002384186	27.981689	3.58937525749207
27.998066	0.0667500048875809	28.004299	3.59112524986267
28.020634	0.0663750022649765	28.026866	3.59125018119812
28.043196	0.0642499998211861	28.049434	3.58962512016296
28.065755	0.0627500042319298	28.071988	3.58950018882751
28.088314	0.0633750036358833	28.094546	3.58787512779236
28.110871	0.0645000040531158	28.117103	3.58762526512146
28.133422	0.0643750056624413	28.13966	3.58912515640259
28.155979	0.0646250024437904	28.162212	3.59012508392334
28.178554	0.0662500038743019	28.184787	3.59125018119812
28.201103	0.065250001847744	28.207337	3.5915002822876
28.223657	0.0636250004172325	28.229895	3.59062528610229
28.246214	0.064750000834465	28.252447	3.58975005149841
28.268771	0.0638750046491623	28.275004	3.58875012397766
28.291328	0.0642499998211861	28.297564	3.58850026130676
28.313883	0.0648750066757202	28.32012	3.58962512016296
28.33644	0.0651250034570694	28.342672	3.59062528610229
28.359027	0.0683750063180923	28.36526	3.5915002822876
28.381582	0.0648750066757202	28.387815	3.59187507629395
28.404136	0.0650000050663948	28.410373	3.59062528610229
28.426693	0.0635000020265579	28.432926	3.58900022506714
28.44925	0.0640000030398369	28.455483	3.58850026130676
28.471803	0.0645000040531158	28.478053	3.59000015258789
28.494376	0.0653750002384186	28.500613	3.59025025367737
28.516932	0.0662500038743019	28.523165	3.59187507629395
28.539493	0.0653750002384186	28.545726	3.59212517738342
28.562045	0.0641250014305115	28.568273	3.59137511253357
28.584595	0.064750000834465	28.590833	3.59050011634827
28.607153	0.064750000834465	28.613402	3.58887505531311
28.629723	0.0668750032782555	28.635956	3.58875012397766
28.652279	0.0645000040531158	28.658512	3.58962512016296
28.674833	0.0646250024437904	28.681065	3.59062528610229
28.69739	0.0659999996423721	28.703624	3.5915002822876
28.719943	0.0665000006556511	28.726171	3.5926251411438
28.742496	0.0648750066757202	28.748734	3.5917501449585
28.765055	0.0645000040531158	28.771292	3.59062528610229
28.787612	0.0640000030398369	28.793845	3.58925008773804
28.81017	0.0658750012516975	28.816402	3.58962512016296
28.832727	0.0646250024437904	28.838965	3.59062528610229
28.85529	0.0650000050663948	28.861528	3.5917501449585
28.877855	0.0705000013113022	28.884088	3.5926251411438
28.900426	0.065250001847744	28.906658	3.5926251411438
28.922978	0.0651250034570694	28.929217	3.59187507629395
28.945535	0.0645000040531158	28.951768	3.59050011634827
28.968078	0.0638750046491623	28.974316	3.58925008773804
28.990666	0.0637500062584877	28.996894	3.58975005149841
29.013214	0.0636250004172325	29.019442	3.59062528610229
29.035752	0.0657500028610229	29.041991	3.5915002822876
29.058319	0.0659999996423721	29.064557	3.59250020980835
29.080899	0.0648750066757202	29.087132	3.59225010871887
29.103453	0.0653750002384186	29.10969	3.5915002822876
29.126011	0.0642499998211861	29.132243	3.58987522125244
29.148567	0.0643750056624413	29.154799	3.58975005149841
29.171125	0.0651250034570694	29.177366	3.59025025367737
29.193685	0.0642499998211861	29.199922	3.59112524986267
29.21624	0.0665000006556511	29.222473	3.59287524223328
29.238797	0.0662500038743019	29.245029	3.59287524223328
29.261356	0.0656250044703484	29.267589	3.59275007247925
29.283908	0.0650000050663948	29.290145	3.59162521362305
29.306466	0.0640000030398369	29.312698	3.58987522125244
29.329023	0.0641250014305115	29.335257	3.58975005149841
29.351593	0.0650000050663948	29.357868	3.59087514877319
29.374207	0.0642499998211861	29.380445	3.59200024604797
29.396765	0.0662500038743019	29.403019	3.59275007247925
29.419354	0.065250001847744	29.425587	3.5932502746582
29.44192	0.0642499998211861	29.448153	3.59225010871887
29.464473	0.0646250024437904	29.47071	3.59162521362305
29.487029	0.0637500062584877	29.493262	3.59025025367737
29.509587	0.0646250024437904	29.51582	3.58987522125244
29.532152	0.0606250017881393	29.53839	3.5915002822876
29.554708	0.0653750002384186	29.560945	3.59200024604797
29.577277	0.0655000060796738	29.58351	3.59275007247925
29.599834	0.0655000060796738	29.606067	3.59375023841858
29.622394	0.0638750046491623	29.628627	3.59225010871887
29.644946	0.0648750066757202	29.651179	3.59087514877319
29.667498	0.0645000040531158	29.673731	3.59062528610229
29.690056	0.067500002682209	29.696289	3.59050011634827
29.712629	0.0655000060796738	29.718867	3.59137511253357
29.735187	0.0658750012516975	29.741419	3.59300017356873
29.757753	0.0662500038743019	29.763986	3.59400010108948
29.780321	0.0645000040531158	29.786553	3.59387516975403
29.802873	0.0651250034570694	29.809106	3.59250020980835
29.825427	0.0645000040531158	29.831664	3.59112524986267
29.847983	0.0651250034570694	29.85422	3.59075021743774
29.870545	0.0653750002384186	29.876777	3.59162521362305
29.893111	0.0648750066757202	29.899348	3.59225010871887
29.915668	0.0658750012516975	29.921901	3.5932502746582
29.938245	0.0667500048875809	29.944477	3.59400010108948
