Time_sec1	Voltage_A0TG	Time_sec2	Voltage_A1TG
0	1.32512509822845	0.006233	3.62637519836426
0.022557	1.32550001144409	0.028789	3.62675023078918
0.045113	1.32500004768372	0.051346	3.62762522697449
0.067655	1.32612502574921	0.073888	3.62875008583069
0.090269	1.32475006580353	0.096506	3.62762522697449
0.112827	1.32500004768372	0.119054	3.62737512588501
0.135387	1.32487511634827	0.14162	3.6256251335144
0.15794	1.32575011253357	0.164177	3.6256251335144
0.180497	1.3252500295639	0.186742	3.62750005722046
0.203065	1.32600009441376	0.209297	3.62750005722046
0.225622	1.32537508010864	0.231855	3.62887525558472
0.248177	1.32500004768372	0.254415	3.62887525558472
0.270737	1.3252500295639	0.276971	3.62787508964539
0.293293	1.3243750333786	0.29952	3.62700009346008
0.315846	1.3252500295639	0.322079	3.62575006484985
0.338405	1.32637500762939	0.344639	3.62600016593933
0.36096	1.32500004768372	0.367193	3.62712526321411
0.383507	1.32887506484985	0.38974	3.62775015830994
0.406075	1.32575011253357	0.412313	3.62912511825562
0.428648	1.32550001144409	0.434886	3.62850022315979
0.451222	1.32550001144409	0.457475	3.62787508964539
0.473808	1.32462501525879	0.480041	3.62625026702881
0.496372	1.32412505149841	0.50261	3.62612509727478
0.518931	1.32312500476837	0.525168	3.62637519836426
0.541489	1.32862508296967	0.547721	3.62712526321411
0.564046	1.31987512111664	0.570278	3.62912511825562
0.586597	1.32700002193451	0.592835	3.62975025177002
0.609154	1.32450008392334	0.615387	3.62887525558472
0.631721	1.32475006580353	0.637954	3.62812519073486
0.654278	1.32450008392334	0.66051	3.62650012969971
0.676834	1.32450008392334	0.683071	3.62662506103516
0.69939	1.32450008392334	0.705627	3.62725019454956
0.721947	1.32512509822845	0.72818	3.62775015830994
0.744504	1.3243750333786	0.750737	3.62900018692017
0.767056	1.32575011253357	0.773293	3.62962508201599
0.789613	1.32887506484985	0.795845	3.62900018692017
0.812172	1.32587504386902	0.818404	3.62800025939941
0.834728	1.32412505149841	0.840961	3.62675023078918
0.857281	1.32487511634827	0.863518	3.62675023078918
0.87984	1.32500004768372	0.886073	3.62725019454956
0.902399	1.3243750333786	0.908631	3.62762522697449
0.924956	1.32537508010864	0.931196	3.62925028800964
0.947506	1.32512509822845	0.953739	3.62962508201599
0.970081	1.32587504386902	0.976314	3.62875008583069
0.992641	1.32575011253357	0.998873	3.62825012207031
1.015212	1.3243750333786	1.021445	3.62687516212463
1.037764	1.3243750333786	1.044002	3.62650012969971
1.060322	1.32462501525879	1.066554	3.62712526321411
1.082874	1.32337510585785	1.089143	3.62900018692017
1.105497	1.32387506961823	1.111727	3.62950015068054
1.128058	1.32462501525879	1.134291	3.62975025177002
1.150609	1.32500004768372	1.156842	3.62887525558472
1.173167	1.32400012016296	1.179399	3.62725019454956
1.19574	1.32337510585785	1.201976	3.62700009346008
1.218295	1.32400012016296	1.224533	3.62662506103516
1.240855	1.32625007629395	1.247089	3.62737512588501
1.263413	1.32575011253357	1.269645	3.62900018692017
1.285966	1.32425010204315	1.292203	3.62962508201599
1.308521	1.32475006580353	1.314759	3.62937521934509
1.331078	1.32425010204315	1.337317	3.62850022315979
1.353641	1.32450008392334	1.359873	3.62712526321411
1.376191	1.32400012016296	1.382424	3.62675023078918
1.398746	1.32512509822845	1.404978	3.62700009346008
1.421359	1.32450008392334	1.427599	3.62750005722046
1.443925	1.32475006580353	1.450159	3.62662506103516
1.466501	1.2847501039505	1.47274	3.62512516975403
1.489053	1.12512505054474	1.495286	3.61400008201599
1.511611	0.989500045776367	1.517845	3.58575010299683
1.534184	0.860250055789948	1.540417	3.53487515449524
1.556737	0.751000046730042	1.562974	3.46587514877319
1.579296	0.65087503194809	1.585534	3.38725018501282
1.601853	0.566875040531158	1.608086	3.29675006866455
1.62441	0.491375029087067	1.630642	3.20412516593933
1.646962	0.426375031471252	1.653199	3.10375022888184
1.669519	0.363625019788742	1.675752	3.00650024414062
1.692072	0.309750020503998	1.698305	2.90387511253357
1.714631	0.255750000476837	1.720864	2.80987524986267
1.737182	0.210375010967255	1.743415	2.71325016021729
1.759736	0.17025001347065	1.765968	2.62850022315979
1.782293	0.135875001549721	1.788525	2.54462504386902
1.804848	0.107000008225441	1.811081	2.47037506103516
1.827425	0.0821250006556511	1.833663	2.39687514305115
1.849982	0.0565000027418137	1.856215	2.33325004577637
1.872538	0.0343750007450581	1.87877	2.27125000953674
1.895089	0.00962500087916851	1.901323	2.2193751335144
1.917655	0.000750000006519258	1.923892	2.17062520980835
1.94021	0.000500000023748726	1.946446	2.1313750743866
1.962784	0.00312500004656613	1.969017	2.09612512588501
1.985342	0.00312500004656613	1.991586	2.06625008583069
2.007908	0.00337500008754432	2.014146	2.03687500953674
2.030466	0.00437500001862645	2.036698	2.01150012016296
2.053022	0.000875000027008355	2.059255	1.98762512207031
2.075569	-0.000875000027008355	2.081801	1.96800005435944
2.09814	0	2.104368	1.94912505149841
2.120685	0.00175000005401671	2.12695	1.93425011634827
2.143277	0.00262500019744039	2.149509	1.92062509059906
2.165831	0.00400000018998981	2.172064	1.90925014019012
2.188384	0.00275000021792948	2.194621	1.89637506008148
2.21094	0.00150000001303852	2.217172	1.88500010967255
2.233496	-0.000500000023748726	2.239729	1.87450003623962
2.256064	0.000625000044237822	2.262301	1.86525011062622
2.27862	0.00137500010896474	2.284853	1.85800004005432
2.301199	0.00100000004749745	2.307433	1.85262513160706
2.323757	0.00262500019744039	2.32999	1.84712505340576
2.34631	0.00450000027194619	2.352547	1.84100008010864
2.368867	0.00175000005401671	2.375104	1.83637511730194
2.391424	0.002125000115484	2.397657	1.83012509346008
2.41398	0.00100000004749745	2.420212	1.82600009441376
2.436556	0.000750000006519258	2.442793	1.8206250667572
2.459129	0.00137500010896474	2.46537	1.81825006008148
2.481696	0.000750000006519258	2.487928	1.81612503528595
2.50425	0.00300000002607703	2.510483	1.81412506103516
2.52681	0.00387500016950071	2.533048	1.81175005435944
2.549371	0.00112500006798655	2.55561	1.80925011634827
2.571936	0.00112500006798655	2.578169	1.80575013160706
2.59449	-0.000500000023748726	2.600722	1.80300009250641
2.617048	0.00100000004749745	2.623286	1.80100011825562
2.639621	0.00112500006798655	2.645872	1.7995001077652
2.662192	0.00412499997764826	2.668424	1.80025005340576
2.684751	0.00312500004656613	2.690983	1.7995001077652
2.707319	0.00250000017695129	2.713556	1.79787504673004
2.729876	0.00100000004749745	2.736109	1.79625010490417
2.752433	0.000125000005937181	2.758666	1.79425013065338
2.77499	0.00100000004749745	2.781222	1.7922500371933
2.797543	0.00100000004749745	2.80378	1.79162514209747
2.820103	0.00125000008847564	2.826359	1.79125010967255
2.842685	0.00112500006798655	2.848917	1.79300010204315
2.865241	0.00375000014901161	2.871484	1.79712510108948
2.887805	0.00462500005960464	2.894042	1.80312514305115
2.910361	0.000375000003259629	2.916594	1.8105001449585
2.932918	0.000875000027008355	2.939151	1.81837511062622
2.955471	-0.002125000115484	2.961704	1.82512509822845
2.978024	0.000875000027008355	2.984261	1.83037507534027
3.000587	0.00150000001303852	3.006832	1.83487510681152
3.023156	0.00175000005401671	3.029383	1.83637511730194
3.045709	0.00337500008754432	3.051943	1.8353750705719
3.068261	0.0022500001359731	3.074498	1.83300006389618
3.090872	0.000500000023748726	3.097108	1.82900011539459
3.11344	0.000250000011874363	3.119673	1.82475006580353
3.135998	0	3.142235	1.82212507724762
3.158555	0.000125000005937181	3.164793	1.82387506961823
3.181112	0.000625000044237822	3.18735	1.82900011539459
3.20369	0.00237500015646219	3.209922	1.83512508869171
3.22624	0.00400000018998981	3.232474	1.84150004386902
3.248794	0.00150000001303852	3.255031	1.84687507152557
3.271349	0.000250000011874363	3.277582	1.85150003433228
3.293907	0.00450000027194619	3.300139	1.85575008392334
3.316458	0.000875000027008355	3.322695	1.85950005054474
3.339013	0.00100000004749745	3.34525	1.86475014686584
3.361579	0.00125000008847564	3.367812	1.87325012683868
3.384137	0.00487500010058284	3.39037	1.88162505626678
3.406703	0.00587500026449561	3.41294	1.88525009155273
3.429258	0.000250000011874363	3.43549	1.89612507820129
3.451809	-0.000375000003259629	3.458059	1.8978750705719
3.474389	0.00300000002607703	3.480622	1.89925014972687
3.496943	0.0020000000949949	3.503181	1.89900004863739
3.5195	0.0020000000949949	3.525733	1.90087509155273
3.542061	0.00462500005960464	3.548293	1.90225005149841
3.564617	0.00487500010058284	3.570851	1.9042501449585
3.587172	0.00675000017508864	3.593404	1.90675008296967
3.60973	0.00575000047683716	3.615972	1.90900003910065
3.632299	0.00600000005215406	3.638533	1.91212511062622
3.654854	0.00675000017508864	3.661087	1.91500008106232
3.677422	0.00787500012665987	3.683656	1.91950011253357
3.699976	0.00937500037252903	3.706209	1.92587506771088
3.722538	0.0108750006183982	3.72877	1.93362510204315
3.745107	0.0137500008568168	3.75134	1.94237506389618
3.767662	0.0131250005215406	3.773899	1.94950008392334
3.790218	0.011875000782311	3.796451	1.9548751115799
3.812775	0.0121250003576279	3.819007	1.96000003814697
3.835331	0.0132500007748604	3.841578	1.96587514877319
3.857898	0.0141250006854534	3.864135	1.97087514400482
3.880455	0.0151250008493662	3.886687	1.97725009918213
3.903012	0.0175000000745058	3.909244	1.98225009441376
3.92558	0.0193750001490116	3.931813	1.98675012588501
3.948133	0.017875000834465	3.95437	1.9887501001358
3.970695	0.0166250001639128	3.97694	1.9887501001358
3.993263	0.0225000008940697	3.999502	1.98837506771088
4.015832	0.0181250013411045	4.022065	1.99212515354156
4.038384	0.0193750001490116	4.044621	1.9988751411438
4.06094	0.0201250016689301	4.067167	2.00450015068054
4.083496	0.0225000008940697	4.089754	2.00987505912781
4.10608	0.0242500007152557	4.112313	2.01237511634827
4.128658	0.0230000019073486	4.134896	2.01350021362305
4.151207	0.0242500007152557	4.15744	2.01462507247925
4.173764	0.0237500015646219	4.179997	2.01550006866455
4.196317	0.024125000461936	4.202556	2.01637506484985
4.218877	0.0252500008791685	4.225115	2.01900005340576
4.241434	0.0265000015497208	4.247667	2.0217502117157
4.26399	0.0280000008642673	4.270222	2.02500009536743
4.286551	0.0278750006109476	4.292789	2.0292501449585
4.309114	0.0273750014603138	4.315351	2.03437519073486
4.331686	0.0286250021308661	4.337919	2.04162502288818
4.354234	0.0290000010281801	4.360467	2.05037498474121
4.376787	0.0297500006854534	4.383024	2.06125020980835
4.399343	0.0310000013560057	4.405581	2.07537508010864
4.4219	0.0315000005066395	4.428132	2.08987498283386
4.444456	0.034875001758337	4.450688	2.10675001144409
4.467041	0.034000001847744	4.47328	2.12287521362305
4.489601	0.032625000923872	4.495834	2.13912510871887
4.512163	0.0336250029504299	4.518395	2.15500020980835
4.534721	0.0332500003278255	4.540954	2.17175006866455
4.557275	0.035375002771616	4.563512	2.18762516975403
4.579832	0.0360000021755695	4.586071	2.20525002479553
4.602394	0.0370000004768372	4.608627	2.22237515449524
4.624951	0.0393750034272671	4.631201	2.23712515830994
4.64752	0.038500003516674	4.653758	2.25037503242493
4.670078	0.0380000025033951	4.676311	2.26250004768372
4.692637	0.037625003606081	4.69887	2.2737500667572
4.715192	0.0387500002980232	4.721424	2.28387522697449
4.737751	0.0400000028312206	4.743983	2.29400014877319
4.760304	0.0395000018179417	4.766552	2.30375003814697
4.782876	0.0417500026524067	4.789108	2.3131251335144
4.805429	0.0428750030696392	4.81168	2.32025003433228
4.828001	0.0422500036656857	4.834233	2.32625007629395
4.850557	0.0423750020563602	4.85679	2.33162522315979
4.873122	0.0427500009536743	4.879355	2.33724999427795
4.895679	0.0432500019669533	4.901912	2.3435001373291
4.918234	0.0438750013709068	4.924472	2.35150003433228
4.940791	0.0441250018775463	4.94703	2.36112523078918
4.963358	0.0466250032186508	4.969592	2.37125015258789
4.985912	0.0492500029504299	4.99217	2.38100004196167
5.00849	0.0461250022053719	5.014727	2.39000010490417
5.031036	0.0463750027120113	5.037275	2.39750003814697
5.0536	0.0501250028610229	5.059833	2.40562510490417
5.076166	0.0470000021159649	5.082404	2.41337513923645
5.09874	0.0476250015199184	5.104974	2.42300009727478
5.121309	0.0486250035464764	5.127543	2.43225002288818
5.143869	0.0516250021755695	5.150102	2.44250011444092
5.166422	0.0511250011622906	5.172659	2.45100021362305
5.188979	0.0507500022649765	5.195216	2.4592502117157
5.211536	0.0501250028610229	5.217769	2.4676251411438
5.234093	0.0497500039637089	5.240326	2.4751250743866
5.256651	0.0507500022649765	5.262889	2.48462510108948
5.279223	0.0525000020861626	5.285461	2.49412512779236
5.30178	0.054125003516674	5.308013	2.50337505340576
5.324337	0.0563750043511391	5.33057	2.51175022125244
5.346888	0.0536250025033951	5.353122	2.52012515068054
5.36944	0.055500004440546	5.375683	2.52625012397766
5.392002	0.0545000024139881	5.398234	2.53125023841858
5.414557	0.054125003516674	5.42079	2.53725004196167
5.437108	0.0560000017285347	5.443346	2.54287505149841
5.45967	0.0566250011324883	5.465908	2.54937505722046
5.482249	0.0568750016391277	5.488481	2.55625009536743
5.504801	0.0582500025629997	5.511033	2.56175017356873
5.527354	0.0572500042617321	5.533591	2.56600022315979
5.54991	0.0583750009536743	5.556161	2.569500207901
5.572485	0.0578750036656857	5.578717	2.57250022888184
5.595041	0.0577500015497208	5.601286	2.5761251449585
5.617605	0.0582500025629997	5.623842	2.58037519454956
5.640161	0.0596250034868717	5.646393	2.585125207901
5.662718	0.0602500028908253	5.66895	2.58987522125244
5.685287	0.0620000027120113	5.691521	2.59325003623962
5.70784	0.0612500011920929	5.714077	2.59562516212463
5.730397	0.0615000016987324	5.736648	2.59750008583069
5.752972	0.0606250017881393	5.759204	2.5990002155304
5.775529	0.0617500022053719	5.781772	2.600750207901
5.798091	0.0618750043213367	5.804328	2.60337519645691
5.820647	0.0615000016987324	5.826879	2.60612511634827
5.843199	0.0653750002384186	5.849432	2.60987520217896
5.865754	0.0650000050663948	5.871987	2.61225008964539
5.888307	0.0636250004172325	5.89454	2.61312508583069
5.910859	0.0642499998211861	5.917092	2.61325001716614
5.933416	0.0650000050663948	5.939648	2.61400008201599
5.955973	0.065250001847744	5.962205	2.61587500572205
5.978525	0.0659999996423721	5.984757	2.61762523651123
6.001076	0.0666250064969063	6.007318	2.62075018882751
6.023656	0.070250004529953	6.029889	2.6230001449585
6.046208	0.0720000043511391	6.052445	2.62512516975403
6.068756	0.068000003695488	6.074989	2.62587523460388
6.09136	0.0678750053048134	6.097597	2.62700009346008
6.113918	0.0673750042915344	6.120145	2.62862515449524
6.136467	0.0683750063180923	6.142705	2.63125014305115
6.159028	0.0686250030994415	6.165266	2.63487505912781
6.181585	0.0691250041127205	6.187823	2.64000010490417
6.204158	0.0700000002980232	6.210404	2.64400005340576
6.226744	0.0726250037550926	6.232983	2.64800024032593
6.249307	0.0706249997019768	6.255539	2.65175008773804
6.27186	0.0686250030994415	6.278093	2.65500020980835
6.294416	0.0708750039339066	6.300649	2.65912508964539
6.316968	0.0705000013113022	6.323205	2.66462516784668
6.339526	0.0715000033378601	6.345764	2.67050004005432
6.362098	0.073000006377697	6.36833	2.67737507820129
6.384645	0.0747500061988831	6.390878	2.68350005149841
6.407197	0.0728750005364418	6.413435	2.68962502479553
6.429753	0.0721250027418137	6.435986	2.69350004196167
6.452311	0.0731250047683716	6.458567	2.69800019264221
6.474909	0.0734999999403954	6.481142	2.70350003242493
6.497441	0.0734999999403954	6.503679	2.70875000953674
6.519998	0.0746250003576279	6.526237	2.71537518501282
6.542577	0.0766250044107437	6.54881	2.72187519073486
6.565125	0.0768750011920929	6.571363	2.72800016403198
6.587683	0.0758750066161156	6.59392	2.73250007629395
6.610239	0.0760000050067902	6.616472	2.73637509346008
6.632796	0.0757500007748604	6.639028	2.7407500743866
6.655352	0.0761250033974648	6.661585	2.74575018882751
6.677904	0.0770000070333481	6.684141	2.75075006484985
6.700459	0.0770000070333481	6.706692	2.7572500705719
6.723027	0.0790000036358833	6.72926	2.76337504386902
6.745584	0.0785000026226044	6.751822	2.76887512207031
6.768141	0.078625001013279	6.774378	2.77312517166138
6.790698	0.078625001013279	6.79694	2.77575016021729
6.813265	0.0782500058412552	6.819497	2.7801251411438
6.835816	0.0772500038146973	6.842062	2.78437519073486
6.858381	0.0802500024437904	6.864619	2.78837513923645
6.880938	0.0797500014305115	6.88717	2.79425024986267
6.903493	0.0832500010728836	6.909725	2.79875016212463
6.92606	0.0835000053048134	6.932292	2.80312514305115
6.948605	0.0818750038743019	6.954838	2.80562520027161
6.97116	0.0805000066757202	6.977419	2.80725002288818
6.99374	0.080375000834465	6.999968	2.81025004386902
7.016286	0.0817500054836273	7.022518	2.8131251335144
7.038838	0.0861250013113022	7.045075	2.81725025177002
7.061395	0.0835000053048134	7.067633	2.82175016403198
7.083978	0.0841250047087669	7.09023	2.8261251449585
7.106562	0.0837500020861626	7.112801	2.82937502861023
7.129121	0.083125002682209	7.135354	2.83162522315979
7.151686	0.0820000022649765	7.157918	2.83375024795532
7.174244	0.0827500075101852	7.180476	2.83662509918213
7.196797	0.083625003695488	7.203035	2.84100008010864
7.21936	0.0847500041127205	7.225598	2.84700012207031
7.241917	0.0857500061392784	7.24815	2.85200023651123
7.264476	0.0876250043511391	7.270709	2.8573751449585
7.28703	0.0856250077486038	7.293267	2.86275005340576
7.309586	0.0855000019073486	7.315818	2.8675000667572
7.332138	0.0847500041127205	7.33837	2.87237524986267
7.354694	0.0855000019073486	7.360927	2.87862515449524
7.377245	0.085875004529953	7.383483	2.88525009155273
7.399804	0.0861250013113022	7.406061	2.89337515830994
7.422387	0.0883750021457672	7.428619	2.90087509155273
7.444945	0.0846250057220459	7.451195	2.90825009346008
7.467543	0.0865000039339066	7.473781	2.91462516784668
7.490104	0.0882500037550926	7.496362	2.91925024986267
7.512687	0.0880000069737434	7.51892	2.92562508583069
7.535244	0.0872500017285347	7.541485	2.93112516403198
7.557806	0.089125007390976	7.564043	2.93825006484985
7.580362	0.0878750011324883	7.58659	2.94637513160706
7.602946	0.0901250019669533	7.609186	2.95262503623962
7.625515	0.0901250019669533	7.631781	2.95975017547607
7.648111	0.0887500047683716	7.654345	2.96475005149841
7.670666	0.0898750051856041	7.676898	2.96887516975403
7.693224	0.0883750021457672	7.699456	2.97337508201599
7.715782	0.0905000045895576	7.722014	2.97887516021729
7.738333	0.0910000056028366	7.744565	2.98575019836426
7.7609	0.0906250029802322	7.767133	2.99187517166138
7.783458	0.0915000066161156	7.78969	2.9980001449585
7.806011	0.0915000066161156	7.812248	3.00350022315979
7.828567	0.090875007212162	7.834806	3.0072500705719
7.851128	0.0912500023841858	7.857361	3.01062512397766
7.873685	0.0921250060200691	7.879917	3.01512503623962
7.896237	0.0927500054240227	7.902475	3.01987504959106
7.918794	0.0926250070333481	7.925034	3.02537512779236
7.941356	0.0941250026226044	7.94759	3.03137516975403
7.963921	0.0952500030398369	7.970149	3.03725004196167
7.98647	0.0945000052452087	7.992709	3.04112505912781
8.00903	0.0937500074505806	8.015263	3.04462504386902
8.031583	0.0940000042319298	8.037811	3.04737520217896
8.054133	0.0935000032186508	8.060365	3.05087518692017
8.076685	0.0938750058412552	8.082923	3.05462503433228
8.099282	0.094250001013279	8.105515	3.05975008010864
8.121829	0.0970000028610229	8.128073	3.06475019454956
8.1444	0.0963750034570694	8.150628	3.0688750743866
8.16695	0.0957500040531158	8.173187	3.07187509536743
8.189507	0.0938750058412552	8.19574	3.07412505149841
8.212062	0.0986250042915344	8.218294	3.07637524604797
8.234615	0.0957500040531158	8.240848	3.07887506484985
8.257174	0.0962500050663948	8.263407	3.08237504959106
8.279745	0.0967500060796738	8.285978	3.08700013160706
8.302297	0.0980000048875809	8.30853	3.09050011634827
8.324856	0.0977500081062317	8.331088	3.09362506866455
8.347433	0.0973750054836273	8.353671	3.09512519836426
8.369991	0.0943750068545341	8.376224	3.09762525558472
8.392548	0.0967500060796738	8.39878	3.09925007820129
8.415105	0.0975000038743019	8.421338	3.10225009918213
8.437658	0.0991250053048134	8.443895	3.10537505149841
8.460232	0.0950000062584877	8.466472	3.10937523841858
8.482814	0.100250005722046	8.489047	3.11337518692017
8.505362	0.0993750020861626	8.511595	3.11587524414062
8.527917	0.0991250053048134	8.534155	3.11762523651123
8.550475	0.0990000069141388	8.556708	3.11925005912781
8.573034	0.099250003695488	8.579267	3.12050008773804
8.59559	0.0957500040531158	8.601823	3.12250018119812
8.618143	0.100250005722046	8.62438	3.1256251335144
8.640699	0.100125007331371	8.646939	3.12900018692017
8.663263	0.101875007152557	8.669496	3.13175010681152
8.685828	0.0997500047087669	8.692061	3.13437509536743
8.708381	0.100500002503395	8.714618	3.13487505912781
8.730938	0.100000001490116	8.737171	3.13562512397766
8.753496	0.100875005125999	8.759728	3.13700008392334
8.776064	0.100875005125999	8.782301	3.13800024986267
8.798621	0.100875005125999	8.804859	3.14112520217896
8.821199	0.0997500047087669	8.827431	3.14375019073486
8.843756	0.103375002741814	8.849988	3.1458752155304
8.866308	0.101875007152557	8.872545	3.14725017547607
8.888877	0.10300000756979	8.895114	3.14750003814697
8.911425	0.101500004529953	8.917658	3.14837503433228
8.933983	0.100500002503395	8.940216	3.1496250629425
8.956562	0.103625006973743	8.9628	3.15150022506714
8.979121	0.103500008583069	8.985358	3.15400004386902
9.001685	0.103375002741814	9.007917	3.15775012969971
9.024241	0.10275000333786	9.030468	3.15950012207031
9.046789	0.103500008583069	9.053023	3.16062521934509
9.069346	0.104000002145767	9.075578	3.16162514686584
9.09192	0.102625004947186	9.098153	3.16187524795532
9.114479	0.103125005960464	9.120713	3.16400003433228
9.137045	0.104125007987022	9.14328	3.16612505912781
9.159601	0.103750005364418	9.165833	3.16925024986267
9.182159	0.105625003576279	9.188386	3.1716251373291
9.204708	0.107000008225441	9.21094	3.17512512207031
9.227265	0.104000002145767	9.233502	3.17587518692017
9.249821	0.104750007390976	9.256072	3.17662525177002
9.272394	0.101250007748604	9.278627	3.17762517929077
9.294952	0.105000004172325	9.301196	3.17937517166138
9.317516	0.105750001966953	9.323754	3.18175005912781
9.340073	0.104875005781651	9.346307	3.18350005149841
9.36263	0.106625005602837	9.368863	3.18687510490417
9.385187	0.107125006616116	9.39142	3.18862509727478
9.407754	0.106250002980232	9.413992	3.18900012969971
9.430301	0.106000006198883	9.436559	3.18937516212463
9.452883	0.104250006377697	9.459122	3.18962526321411
9.475448	0.106375001370907	9.481684	3.19025015830994
9.498004	0.106875002384186	9.504241	3.1927502155304
9.520561	0.105875007808208	9.526794	3.19600009918213
9.543118	0.108625002205372	9.54935	3.19662523269653
9.565683	0.10725000500679	9.571916	3.19750022888184
9.588238	0.108500003814697	9.594475	3.19787526130676
9.610794	0.106875002384186	9.617031	3.19725012779236
9.633355	0.10725000500679	9.639587	3.19750022888184
9.655906	0.107750006020069	9.662138	3.19862508773804
9.678465	0.108375005424023	9.684718	3.20050024986267
9.701039	0.108500003814697	9.707272	3.20275020599365
9.723597	0.11150000244379	9.729829	3.20450019836426
9.746164	0.108625002205372	9.752401	3.20550012588501
9.76872	0.108000002801418	9.774958	3.20550012588501
9.791292	0.108500003814697	9.797524	3.20562505722046
9.813839	0.108625002205372	9.820071	3.20600008964539
9.83639	0.109375007450581	9.842628	3.20812511444092
9.858948	0.10962500423193	9.865185	3.21050024032593
9.881505	0.108375005424023	9.887737	3.21350026130676
9.904061	0.111375004053116	9.910293	3.21487522125244
9.926612	0.109000004827976	9.932849	3.21687507629395
9.949168	0.10962500423193	9.955407	3.21750020980835
9.971727	0.108500003814697	9.977959	3.21837520599365
9.994284	0.111125007271767	10.000516	3.21925020217896
10.016849	0.110125005245209	10.023087	3.22162508964539
10.039406	0.110625006258488	10.045638	3.2251250743866
10.061974	0.111125007271767	10.068202	3.22800016403198
10.084535	0.109500005841255	10.090793	3.23025012016296
10.107122	0.10962500423193	10.113355	3.23262524604797
10.129683	0.109500005841255	10.135916	3.23275017738342
10.152241	0.109500005841255	10.158473	3.23450016975403
10.174798	0.111250005662441	10.18103	3.23662519454956
10.197349	0.110625006258488	10.203586	3.2396252155304
10.219905	0.112250007688999	10.226138	3.24375009536743
10.242468	0.114750005304813	10.248705	3.24700021743774
10.265025	0.112250007688999	10.271259	3.2497501373291
10.287581	0.111000008881092	10.293814	3.25112509727478
10.310133	0.112125001847744	10.316382	3.25200009346008
10.332703	0.111375004053116	10.338936	3.25387525558472
10.355256	0.111125007271767	10.361489	3.2563750743866
10.377807	0.11175000667572	10.384039	3.25962519645691
10.400373	0.111625008285046	10.406606	3.2636251449585
10.422926	0.114000007510185	10.429158	3.26700019836426
10.445482	0.113625004887581	10.451714	3.27012515068054
10.46806	0.112750008702278	10.474293	3.27100014686584
10.490617	0.112375006079674	10.49685	3.27212524414062
10.513175	0.112250007688999	10.519407	3.27412509918213
10.535728	0.112125001847744	10.541974	3.27587509155273
10.558293	0.113375008106232	10.56453	3.27950024604797
10.58085	0.11412500590086	10.587088	3.28337526321411
10.603428	0.114375002682209	10.60966	3.28600025177002
10.625974	0.113625004887581	10.632217	3.2876250743866
10.648537	0.113750003278255	10.654775	3.2891252040863
10.671093	0.113875009119511	10.677326	3.28950023651123
10.69365	0.113500006496906	10.699883	3.29112505912781
10.716201	0.113750003278255	10.722438	3.29325008392334
10.738757	0.113750003278255	10.744994	3.29612517356873
10.761314	0.116125002503395	10.767547	3.29937505722046
10.78387	0.115000002086163	10.790102	3.30175018310547
10.80645	0.114000007510185	10.812687	3.30312514305115
10.828996	0.11625000834465	10.835229	3.30375003814697
10.851549	0.112625002861023	10.857783	3.303875207901
10.874107	0.114750005304813	10.880339	3.30525016784668
10.896659	0.115000002086163	10.902896	3.30725026130676
10.919215	0.116750001907349	10.925452	3.31000018119812
10.941776	0.116375006735325	10.948008	3.31187510490417
10.964335	0.11600000411272	10.970567	3.31400012969971
10.986887	0.115125007927418	10.993124	3.31437516212463
11.009456	0.115250006318092	11.015689	3.31412506103516
11.031998	0.113125003874302	11.038231	3.31425023078918
11.054554	0.115250006318092	11.060786	3.31500005722046
11.077105	0.115500003099442	11.083337	3.31625008583069
11.099679	0.11625000834465	11.105913	3.3188750743866
11.122255	0.117625005543232	11.128489	3.3206250667572
11.144814	0.117250002920628	11.151047	3.32225012779236
11.167365	0.116125002503395	11.173602	3.32200026512146
11.189933	0.116500005125999	11.196166	3.32137513160706
11.212493	0.116625003516674	11.218726	3.3215000629425
11.235046	0.116375006735325	11.24129	3.32225012779236
11.25761	0.11625000834465	11.263847	3.32362508773804
11.280174	0.117250002920628	11.286413	3.3261251449585
11.302737	0.119000002741814	11.308969	3.32725024223328
11.325294	0.11625000834465	11.331526	3.32800006866455
11.347836	0.117125004529953	11.354069	3.32750010490417
11.370387	0.117000006139278	11.37662	3.32712507247925
11.392942	0.116750001907349	11.399175	3.3276252746582
11.415495	0.117250002920628	11.421728	3.32825016975403
11.438049	0.117125004529953	11.444282	3.32987523078918
11.460631	0.119375005364418	11.466871	3.33162522315979
11.483195	0.119125008583069	11.489429	3.33350014686584
11.505748	0.11837500333786	11.511981	3.33375024795532
11.5283	0.116875007748604	11.534532	3.33300018310547
11.550867	0.117125004529953	11.5571	3.33325004577637
11.573424	0.117375008761883	11.579656	3.33350014686584
11.595977	0.118125006556511	11.602214	3.33500027656555
11.618534	0.120500005781651	11.624772	3.33750009536743
11.641091	0.120125003159046	11.647323	3.33925008773804
11.663648	0.119875006377697	11.66988	3.34112524986267
11.6862	0.118500009179115	11.692438	3.34187507629395
11.70876	0.118125006556511	11.714997	3.34112524986267
11.731315	0.118875004351139	11.737548	3.34187507629395
11.753872	0.119250006973743	11.760105	3.3432502746582
11.776428	0.119125008583069	11.782666	3.34425020217896
11.798985	0.119375005364418	11.805222	3.34687519073486
11.821541	0.12100000679493	11.827774	3.34975004196167
11.844096	0.120000004768372	11.850329	3.3510000705719
11.866648	0.120500005781651	11.872886	3.35250020027161
11.889204	0.119000002741814	11.895436	3.35250020027161
11.911776	0.119250006973743	11.918008	3.35325026512146
11.934332	0.119250006973743	11.940564	3.35412526130676
11.956895	0.120000004768372	11.963138	3.35612511634827
11.97946	0.120250009000301	11.985693	3.35975027084351
12.002015	0.123000003397465	12.008248	3.36175012588501
12.024572	0.120250009000301	12.030805	3.36375021934509
12.047124	0.119375005364418	12.053361	3.36475014686584
12.069674	0.120625004172325	12.075911	3.3655002117157
12.092257	0.119500003755093	12.098491	3.36600017547607
12.114816	0.120125003159046	12.121044	3.36812520027161
12.137366	0.120125003159046	12.143603	3.37087512016296
12.159925	0.121500007808208	12.166163	3.37312507629395
12.182488	0.126625001430511	12.18872	3.37587523460388
12.205044	0.12100000679493	12.211291	3.37712526321411
12.22761	0.121250003576279	12.233847	3.37762522697449
12.250171	0.120000004768372	12.256404	3.37850022315979
12.272729	0.120625004172325	12.278961	3.37912511825562
12.295287	0.120375007390976	12.30152	3.38100004196167
12.317842	0.123375006020069	12.324079	3.38300013542175
12.3404	0.121875002980232	12.34665	3.38612508773804
12.362974	0.122250005602837	12.369207	3.3892502784729
12.385531	0.117125004529953	12.391787	3.3895001411438
12.408114	0.122125007212162	12.414352	3.38987517356873
12.430675	0.120875008404255	12.436934	3.39062523841858
12.453255	0.121375009417534	12.459512	3.39100027084351
12.475853	0.121500007808208	12.482087	3.39275026321411
12.498409	0.121375009417534	12.504643	3.39512515068054
12.520965	0.123375006020069	12.527198	3.3978750705719
12.54352	0.122500002384186	12.549753	3.39925026893616
12.566079	0.121625006198883	12.572312	3.40062522888184
12.588636	0.12312500923872	12.594875	3.40037512779236
12.611198	0.120500005781651	12.617431	3.40112519264221
12.633756	0.122125007212162	12.639988	3.40162515640259
12.656308	0.121625006198883	12.662545	3.40300011634827
12.678865	0.121500007808208	12.685102	3.40587520599365
12.701421	0.123750008642673	12.707655	3.40762519836426
12.723978	0.12287500500679	12.73021	3.40950012207031
12.746554	0.121250003576279	12.752792	3.40862512588501
12.769112	0.123375006020069	12.77535	3.40950012207031
12.791684	0.122375003993511	12.797917	3.40962505340576
12.814243	0.122000008821487	12.820475	3.41000008583069
12.836794	0.123625002801418	12.843032	3.41200017929077
12.85935	0.122250005602837	12.865587	3.41375017166138
12.881906	0.124875009059906	12.888139	3.41600012779236
12.904462	0.123625002801418	12.910694	3.41700005531311
12.927037	0.123750008642673	12.933275	3.41687512397766
12.949607	0.12287500500679	12.955845	3.41712522506714
12.972165	0.122375003993511	12.978397	3.41687512397766
12.994724	0.124000005424023	13.000956	3.41737508773804
13.017276	0.123250007629395	13.023513	3.4198751449585
13.039834	0.124750003218651	13.046072	3.42150020599365
13.062396	0.12525001168251	13.068629	3.42287516593933
13.084966	0.122750006616116	13.091227	3.42425012588501
13.107542	0.122250005602837	13.113794	3.42400026321411
13.130139	0.123625002801418	13.136374	3.42412519454956
13.152709	0.123250007629395	13.158948	3.42425012588501
13.175275	0.12312500923872	13.181508	3.42450022697449
13.197828	0.123875007033348	13.204066	3.42662525177002
13.220386	0.125	13.226619	3.42862510681152
13.242943	0.124750003218651	13.249175	3.43037509918213
13.265499	0.124250002205372	13.271732	3.43025016784668
13.28805	0.124375008046627	13.294287	3.43100023269653
13.310606	0.123625002801418	13.316844	3.43037509918213
13.333182	0.123750008642673	13.339415	3.43037509918213
13.355732	0.124125003814697	13.361978	3.43125009536743
13.378299	0.124250002205372	13.384537	3.43325018882751
13.400857	0.125750005245209	13.40709	3.43537521362305
13.423414	0.129124999046326	13.429641	3.4370002746582
13.445962	0.124625004827976	13.4522	3.43712520599365
13.468548	0.124375008046627	13.474786	3.4370002746582
13.491107	0.123875007033348	13.49734	3.43625020980835
13.513666	0.124625004827976	13.5199	3.43675017356873
13.536223	0.124625004827976	13.542461	3.4381251335144
13.558781	0.124625004827976	13.565019	3.44025015830994
13.58134	0.126249998807907	13.587572	3.44212508201599
13.603895	0.124750003218651	13.610128	3.44325017929077
13.626449	0.123625002801418	13.632682	3.44300007820129
13.649001	0.123000003397465	13.655233	3.44312524795532
13.671552	0.124250002205372	13.677785	3.44237518310547
13.694114	0.12550000846386	13.700346	3.44300007820129
13.716666	0.12550000846386	13.722899	3.44462513923645
13.73922	0.12550000846386	13.745459	3.44625020027161
13.761778	0.125875011086464	13.768011	3.44825005531311
13.784335	0.126249998807907	13.790568	3.44925022125244
13.806886	0.125375002622604	13.813124	3.44887518882751
13.829444	0.125125005841255	13.835682	3.44875025749207
13.852002	0.126375004649162	13.858234	3.44787526130676
13.874561	0.125375002622604	13.880793	3.44900012016296
13.897113	0.125375002622604	13.90335	3.45075011253357
13.919672	0.124625004827976	13.925904	3.45237517356873
13.942229	0.12737500667572	13.948461	3.45400023460388
13.96479	0.126125007867813	13.971023	3.45450019836426
13.987343	0.125875011086464	13.993581	3.45475006103516
14.009899	0.125750005245209	14.016132	3.45312523841858
14.032456	0.125375002622604	14.038689	3.45337510108948
14.055015	0.12550000846386	14.061248	3.45500016212463
14.077569	0.125875011086464	14.083801	3.45637512207031
14.10015	0.129375010728836	14.106384	3.45800018310547
14.122707	0.127250000834465	14.12894	3.45912528038025
14.145266	0.126249998807907	14.151499	3.45962524414062
14.167818	0.125125005841255	14.174056	3.45900011062622
14.190373	0.126249998807907	14.196607	3.45825004577637
14.212936	0.126000002026558	14.219168	3.45900011062622
14.235492	0.125	14.241725	3.460125207901
14.258046	0.126500010490417	14.264283	3.46137523651123
14.280604	0.127625003457069	14.286837	3.46300005912781
14.303161	0.126500010490417	14.309394	3.46437525749207
14.325717	0.126000002026558	14.331971	3.46475005149841
14.348291	0.126875013113022	14.354528	3.46437525749207
14.370847	0.125624999403954	14.37708	3.46325016021729
14.393415	0.125875011086464	14.399648	3.46375012397766
14.415968	0.12737500667572	14.422205	3.46487522125244
14.438526	0.126000002026558	14.444764	3.46662521362305
14.461108	0.130750000476837	14.467341	3.46862506866455
14.483675	0.127000004053116	14.489908	3.4693751335144
14.506229	0.126500010490417	14.512467	3.46925020217896
14.528788	0.127750009298325	14.535025	3.46837520599365
14.551345	0.126000002026558	14.557579	3.46787524223328
14.573903	0.126500010490417	14.580136	3.46775007247925
14.596458	0.126249998807907	14.602691	3.46987509727478
14.619015	0.124750003218651	14.625247	3.47237515449524
14.641575	0.128250002861023	14.647808	3.47325015068054
14.664132	0.127000004053116	14.670365	3.47325015068054
14.686684	0.126875013113022	14.692917	3.47375011444092
14.709235	0.127875000238419	14.715467	3.47200012207031
14.731787	0.12525001168251	14.738025	3.47262525558472
14.754366	0.128250002861023	14.760599	3.47312521934509
14.776936	0.126375004649162	14.783169	3.47425007820129
14.79949	0.12737500667572	14.805723	3.47637510299683
14.822042	0.12737500667572	14.828274	3.47762513160706
14.8446	0.12737500667572	14.850833	3.47787523269653
14.867152	0.126625001430511	14.87339	3.47800016403198
14.889708	0.127500012516975	14.895942	3.4766252040863
14.912269	0.127125009894371	14.918501	3.47712516784668
14.934824	0.127000004053116	14.941056	3.47762513160706
14.95738	0.127125009894371	14.963618	3.47900009155273
14.979938	0.128250002861023	14.986171	3.48112511634827
15.002495	0.132375001907349	15.008727	3.48200011253357
15.025052	0.12737500667572	15.031286	3.4821252822876
15.047603	0.127500012516975	15.053841	3.48187518119812
15.070173	0.127000004053116	15.076406	3.48100018501282
15.092748	0.126125007867813	15.098981	3.48112511634827
15.115307	0.127500012516975	15.121542	3.48187518119812
15.137866	0.129625007510185	15.144099	3.4832501411438
15.160419	0.129625007510185	15.166652	3.48562526702881
15.182976	0.129250004887581	15.189208	3.48612523078918
15.205532	0.128000006079674	15.211772	3.48600006103516
15.228089	0.127750009298325	15.234327	3.48587512969971
15.250661	0.127625003457069	15.256893	3.4850001335144
15.273208	0.130125001072884	15.279441	3.48450016975403
15.29578	0.128875002264977	15.302013	3.48612523078918
15.318333	0.127625003457069	15.32457	3.48787522315979
15.340889	0.129250004887581	15.347122	3.48937511444092
15.363446	0.128000006079674	15.369678	3.49000024795532
15.385997	0.128125011920929	15.392234	3.48987507820129
15.408554	0.129000008106232	15.414791	3.48850011825562
15.431114	0.127625003457069	15.437347	3.48837518692017
15.453671	0.128125011920929	15.459906	3.48787522315979
15.476239	0.127625003457069	15.482477	3.48987507820129
15.498797	0.128375008702278	15.505034	3.491375207901
15.521359	0.129000008106232	15.527593	3.49275016784668
15.543917	0.129000008106232	15.550149	3.49312520027161
15.566468	0.128000006079674	15.572706	3.49287509918213
15.58903	0.128499999642372	15.595264	3.49200010299683
15.611583	0.131500005722046	15.617816	3.491375207901
15.634128	0.128000006079674	15.640355	3.4916250705719
15.65668	0.129875004291534	15.662918	3.49312520027161
15.679242	0.12950000166893	15.685475	3.49425005912781
15.701797	0.130875006318092	15.70803	3.49587512016296
15.72435	0.129124999046326	15.730582	3.49625015258789
15.746934	0.129625007510185	15.753171	3.49575018882751
15.769491	0.128875002264977	15.775723	3.49450016021729
15.792063	0.128375008702278	15.798295	3.49437522888184
15.814619	0.128250002861023	15.820851	3.49475026130676
15.837171	0.128750011324883	15.843409	3.49625015258789
15.859727	0.130125001072884	15.865962	3.4977502822876
15.882285	0.130750000476837	15.888517	3.49900007247925
15.904836	0.128000006079674	15.911068	3.49837517738342
15.927429	0.129875004291534	15.933666	3.4977502822876
15.949986	0.128499999642372	15.956224	3.49700021743774
15.972551	0.129124999046326	15.978783	3.49650025367737
15.995106	0.12950000166893	16.001338	3.49750018119812
16.017659	0.130250006914139	16.023896	3.49912524223328
16.040215	0.130250006914139	16.046449	3.50037527084351
16.062773	0.130625009536743	16.069	3.50125026702881
16.085344	0.130250006914139	16.091612	3.50112509727478
16.107936	0.129875004291534	16.114175	3.49937510490417
16.130507	0.128499999642372	16.136743	3.49900007247925
16.153068	0.12950000166893	16.1593	3.4988751411438
16.175618	0.126249998807907	16.181851	3.49962520599365
16.19817	0.131250008940697	16.204407	3.50137519836426
16.220725	0.131000012159348	16.226957	3.50225019454956
16.243281	0.12950000166893	16.249513	3.50250005722046
16.265836	0.12950000166893	16.27207	3.50287508964539
16.288405	0.13000001013279	16.294643	3.50137519836426
16.310962	0.128750011324883	16.317202	3.50087523460388
16.333532	0.129000008106232	16.339764	3.50087523460388
16.356083	0.130125001072884	16.36232	3.50187516212463
16.37864	0.13187500834465	16.384877	3.50325012207031
16.401198	0.131250008940697	16.407431	3.50437521934509
16.423754	0.130125001072884	16.429986	3.50500011444092
16.446304	0.130125001072884	16.452541	3.50437521934509
16.468878	0.129625007510185	16.475117	3.50325012207031
16.491438	0.129124999046326	16.497671	3.50287508964539
16.513997	0.129375010728836	16.52023	3.50300025939941
16.536557	0.128875002264977	16.542794	3.50387525558472
16.559117	0.135375007987022	16.565355	3.5052502155304
16.581685	0.131500005722046	16.587918	3.50675010681152
16.604241	0.12950000166893	16.610474	3.5063750743866
16.626794	0.131000012159348	16.633031	3.50537514686584
16.649357	0.131250008940697	16.65559	3.50437521934509
16.671912	0.129875004291534	16.678144	3.50375008583069
16.694466	0.131000012159348	16.7007	3.50437521934509
16.71703	0.130750000476837	16.723268	3.50625014305115
16.739589	0.132750004529953	16.745823	3.507000207901
16.762164	0.131750002503395	16.768391	3.50775027275085
16.784711	0.132125005125999	16.790943	3.50775027275085
16.807268	0.13000001013279	16.813506	3.50675010681152
16.82984	0.13000001013279	16.836073	3.50575017929077
16.852392	0.130375012755394	16.858626	3.50550007820129
16.874952	0.130125001072884	16.881196	3.5063750743866
16.897515	0.130875006318092	16.903753	3.50862526893616
16.920072	0.131750002503395	16.926305	3.50887513160706
16.942629	0.132125005125999	16.948861	3.50975012779236
16.965189	0.130250006914139	16.971422	3.50975012779236
16.987747	0.130750000476837	16.993984	3.50837516784668
17.010317	0.130375012755394	17.016555	3.5078752040863
17.032874	0.130875006318092	17.039106	3.50712513923645
17.055429	0.128000006079674	17.061675	3.50825023651123
17.077992	0.131999999284744	17.084224	3.51000022888184
17.10057	0.131750002503395	17.106804	3.51125025749207
17.123138	0.130750000476837	17.129371	3.51187515258789
17.145692	0.131125003099442	17.151925	3.51075005531311
17.168244	0.130125001072884	17.174482	3.51025009155273
17.190807	0.130250006914139	17.19704	3.50975012779236
17.213381	0.130875006318092	17.219613	3.50962519645691
17.235933	0.131000012159348	17.24217	3.51112508773804
17.258491	0.131750002503395	17.264729	3.51212525367737
17.281046	0.135375007987022	17.287279	3.5136251449585
17.303603	0.130750000476837	17.309835	3.51375007629395
17.326161	0.131500005722046	17.332399	3.5136251449585
17.348708	0.131374999880791	17.354941	3.51250004768372
17.371261	0.130250006914139	17.377494	3.51200008392334
17.393816	0.131374999880791	17.400049	3.51250004768372
17.416367	0.13187500834465	17.422604	3.51387524604797
17.438924	0.132250010967255	17.445161	3.5151252746582
17.461502	0.133000001311302	17.467735	3.5162501335144
17.484062	0.131500005722046	17.490294	3.51650023460388
17.506609	0.131750002503395	17.512842	3.51550006866455
17.529163	0.130375012755394	17.5354	3.51550006866455
17.551736	0.131000012159348	17.557969	3.51475024223328
17.574288	0.130625009536743	17.58052	3.5151252746582
17.596851	0.131625011563301	17.603089	3.51687526702881
17.619409	0.133250012993813	17.625641	3.51850008964539
17.641975	0.132375001907349	17.648207	3.51975011825562
17.66453	0.132125005125999	17.670763	3.51975011825562
17.687082	0.131500005722046	17.693319	3.51837515830994
17.709639	0.131250008940697	17.715872	3.51800012588501
17.732199	0.132625013589859	17.738432	3.51800012588501
17.754753	0.132375001907349	17.760985	3.51812505722046
17.777327	0.132375001907349	17.78356	3.52025008201599
17.79988	0.133750006556511	17.806114	3.52162528038025
17.822434	0.132625013589859	17.828667	3.52275013923645
17.844983	0.13187500834465	17.851216	3.52225017547607
17.867535	0.132250010967255	17.873772	3.52137517929077
17.890092	0.131374999880791	17.896325	3.52100014686584
17.912663	0.131374999880791	17.918895	3.52112507820129
17.935215	0.131999999284744	17.941448	3.52275013923645
17.957774	0.132875010371208	17.964011	3.52425026893616
17.980331	0.13400000333786	17.986564	3.52600026130676
18.002889	0.132375001907349	18.009123	3.52637505531311
18.025447	0.132125005125999	18.031682	3.52512526512146
18.048001	0.132875010371208	18.054239	3.5246250629425
18.070549	0.130750000476837	18.076781	3.52437520027161
18.093126	0.131999999284744	18.099355	3.52500009536743
18.115683	0.131625011563301	18.121912	3.52600026130676
18.138235	0.132875010371208	18.144473	3.52775025367737
18.160796	0.133625000715256	18.167032	3.5290002822876
18.183358	0.132250010967255	18.18959	3.5292501449585
18.20591	0.130750000476837	18.212168	3.52875018119812
18.228487	0.131500005722046	18.234724	3.52875018119812
18.251042	0.128625005483627	18.257274	3.52787518501282
18.273597	0.128000006079674	18.27983	3.52875018119812
18.296163	0.132500007748604	18.3024	3.53000020980835
18.318719	0.133375003933907	18.324956	3.53137516975403
18.34129	0.133875012397766	18.347523	3.53237509727478
18.363846	0.130500003695488	18.370078	3.53250026702881
18.386397	0.131500005722046	18.392635	3.53200006484985
18.408953	0.131500005722046	18.41519	3.53150010108948
18.431509	0.131999999284744	18.437741	3.53137516975403
18.454059	0.13187500834465	18.460317	3.53137516975403
18.476689	0.133125007152557	18.482923	3.53337526321411
18.499245	0.133125007152557	18.505478	3.53500008583069
18.521805	0.132375001907349	18.528037	3.53612518310547
18.544363	0.131999999284744	18.55059	3.53512525558472
18.566939	0.132125005125999	18.573177	3.53475022315979
18.589498	0.131999999284744	18.595731	3.53362512588501
18.612062	0.132625013589859	18.618294	3.53412508964539
18.634615	0.132375001907349	18.640848	3.53487515449524
18.657168	0.132375001907349	18.663405	3.53687524795532
18.679729	0.134125009179115	18.685962	3.538250207901
18.702287	0.133875012397766	18.708519	3.5391252040863
18.724846	0.133125007152557	18.731079	3.53862524032593
18.74742	0.132500007748604	18.753657	3.53800010681152
18.769977	0.133000001311302	18.77621	3.53675007820129
18.792535	0.131374999880791	18.798767	3.53712511062622
18.81509	0.132250010967255	18.821323	3.53812527656555
18.837647	0.132375001907349	18.843881	3.53987526893616
18.860202	0.133250012993813	18.866446	3.54100012779236
18.882768	0.132250010967255	18.889	3.54175019264221
18.905326	0.131750002503395	18.911574	3.54112505912781
18.927897	0.134750008583069	18.934129	3.54012513160706
18.950439	0.132125005125999	18.956676	3.53962516784668
18.972998	0.132625013589859	18.97923	3.53987526893616
18.995571	0.132375001907349	19.001804	3.54150009155273
19.018124	0.132625013589859	19.024357	3.54300022125244
19.040677	0.133500009775162	19.046933	3.54375028610229
19.063257	0.132125005125999	19.069489	3.54375028610229
19.085838	0.132625013589859	19.092102	3.54337525367737
19.108427	0.131500005722046	19.114667	3.54237508773804
19.130997	0.133500009775162	19.137231	3.54187512397766
19.153556	0.133000001311302	19.15979	3.54262518882751
19.176109	0.133500009775162	19.182351	3.54362511634827
19.198687	0.13450001180172	19.204925	3.5455002784729
19.221245	0.133750006556511	19.227483	3.54587507247925
19.243808	0.133000001311302	19.25004	3.5457501411438
19.266363	0.136125013232231	19.272601	3.54512524604797
19.288921	0.132750004529953	19.295158	3.5446252822876
19.311488	0.132375001907349	19.31772	3.54387521743774
19.334044	0.132875010371208	19.340277	3.5448751449585
19.356596	0.132375001907349	19.362834	3.54612517356873
19.379168	0.133375003933907	19.385404	3.54775023460388
19.401723	0.133875012397766	19.407951	3.54850006103516
19.424276	0.131750002503395	19.430503	3.54800009727478
19.446831	0.133375003933907	19.453068	3.54712510108948
19.469419	0.132250010967255	19.475657	3.5463752746582
19.491979	0.133500009775162	19.498213	3.5457501411438
19.514533	0.132625013589859	19.520765	3.54725027084351
19.537084	0.133000001311302	19.543317	3.54825019836426
19.559651	0.133250012993813	19.565883	3.54962515830994
19.582207	0.133500009775162	19.588435	3.54987525939941
19.604764	0.132875010371208	19.610996	3.54950022697449
19.627317	0.133000001311302	19.633554	3.54800009727478
19.649872	0.131250008940697	19.656105	3.54787516593933
19.672425	0.133000001311302	19.678658	3.54825019836426
19.694984	0.132250010967255	19.701217	3.54862523078918
19.717536	0.133375003933907	19.723773	3.55075025558472
19.740094	0.134750008583069	19.746327	3.55175018310547
19.762665	0.133000001311302	19.768898	3.55200028419495
19.785223	0.133500009775162	19.791456	3.55150008201599
19.807777	0.132500007748604	19.814014	3.54937505722046
19.830333	0.133125007152557	19.836566	3.54950022697449
19.852891	0.133750006556511	19.859123	3.54950022697449
19.875447	0.133000001311302	19.881682	3.55075025558472
19.898001	0.133875012397766	19.904238	3.55250024795532
19.920557	0.133750006556511	19.92679	3.5532500743866
19.943119	0.134625002741814	19.949351	3.55312514305115
19.965688	0.133625000715256	19.971922	3.55250024795532
19.988245	0.136875003576279	19.994478	3.55125021934509
20.010797	0.133375003933907	20.017037	3.55100011825562
20.033358	0.13400000333786	20.039591	3.55137515068054
20.055912	0.133750006556511	20.062179	3.55237507820129
20.078503	0.134125009179115	20.084741	3.55450010299683
20.101078	0.134250000119209	20.107324	3.55487513542175
20.123646	0.132125005125999	20.129879	3.55437517166138
20.146203	0.133250012993813	20.152441	3.553875207901
20.168762	0.132625013589859	20.174999	3.55275011062622
20.19132	0.132875010371208	20.197552	3.55237507820129
20.213877	0.133875012397766	20.220109	3.55337524414062
20.236427	0.133625000715256	20.242665	3.55462527275085
20.258983	0.13450001180172	20.26522	3.55637526512146
20.28154	0.134125009179115	20.287772	3.55650019645691
20.304111	0.134375005960464	20.310344	3.55600023269653
20.326659	0.132875010371208	20.332896	3.55487513542175
20.349217	0.133250012993813	20.355454	3.55437517166138
20.371775	0.133125007152557	20.378007	3.55337524414062
20.394332	0.133750006556511	20.400564	3.55487513542175
20.416883	0.137250006198883	20.42312	3.55662512779236
20.439439	0.135375007987022	20.445686	3.55812525749207
20.462029	0.133625000715256	20.468267	3.55750012397766
20.48461	0.133125007152557	20.490843	3.55712509155273
20.507179	0.133000001311302	20.513412	3.55525016784668
20.529733	0.131999999284744	20.535967	3.55550026893616
20.552291	0.134250000119209	20.558524	3.55537509918213
20.574847	0.133625000715256	20.581079	3.55612516403198
20.59742	0.133500009775162	20.603657	3.55825018882751
20.619976	0.134125009179115	20.626209	3.55925011634827
20.642548	0.134625002741814	20.648781	3.55925011634827
20.665106	0.134375005960464	20.671339	3.55837512016296
20.687657	0.133125007152557	20.693895	3.55712509155273
20.710205	0.133750006556511	20.716461	3.55700016021729
20.732787	0.133625000715256	20.739019	3.55700016021729
20.755342	0.134125009179115	20.761575	3.55825018882751
20.777892	0.13450001180172	20.784125	3.55987524986267
20.800456	0.135500013828278	20.806689	3.56037521362305
20.823012	0.136250004172325	20.829244	3.56037521362305
20.845568	0.133875012397766	20.851801	3.55862522125244
20.868119	0.132750004529953	20.874356	3.55862522125244
20.890674	0.134250000119209	20.89693	3.55812525749207
20.913253	0.134250000119209	20.919485	3.55875015258789
20.935803	0.132625013589859	20.942036	3.5602502822876
20.958366	0.135625004768372	20.964604	3.5613751411438
20.980929	0.135875001549721	20.987161	3.56187510490417
21.003482	0.135125011205673	21.009714	3.56162524223328
21.026035	0.132125005125999	21.032267	3.56000018119812
21.048586	0.13450001180172	21.05482	3.55975008010864
21.07114	0.13400000333786	21.077372	3.55937528610229
21.093714	0.13400000333786	21.099947	3.56062507629395
21.116272	0.133625000715256	21.122511	3.5611252784729
21.138836	0.135125011205673	21.145074	3.56325006484985
21.161393	0.134750008583069	21.167626	3.5631251335144
21.183953	0.133625000715256	21.190186	3.5631251335144
21.206504	0.134375005960464	21.212742	3.5613751411438
21.229062	0.132125005125999	21.235299	3.5613751411438
21.251619	0.133500009775162	21.257851	3.56125020980835
21.274175	0.135250002145767	21.280407	3.56150007247925
21.296741	0.134750008583069	21.302979	3.56350016593933
21.319301	0.135375007987022	21.325539	3.56425023078918
21.341858	0.133750006556511	21.348091	3.56450009346008
21.364415	0.133500009775162	21.370647	3.56375026702881
21.386966	0.13450001180172	21.393203	3.56250023841858
21.409522	0.133125007152557	21.415754	3.56212520599365
21.432073	0.137875005602837	21.438305	3.56237506866455
21.45463	0.135125011205673	21.460881	3.56300020217896
21.477233	0.135375007987022	21.48347	3.56475019454956
21.499795	0.134375005960464	21.506023	3.56575012207031
21.522349	0.137500002980232	21.528581	3.56587505340576
21.544908	0.133625000715256	21.55114	3.56425023078918
21.567439	0.133250012993813	21.573677	3.56350016593933
21.589995	0.133375003933907	21.596228	3.56300020217896
21.612552	0.136500000953674	21.618785	3.56362509727478
21.635109	0.134375005960464	21.641342	3.56537508964539
21.65766	0.135000005364418	21.663897	3.56637525558472
21.680218	0.134625002741814	21.686451	3.56700015068054
21.702789	0.134125009179115	21.709022	3.56700015068054
21.725335	0.134125009179115	21.731582	3.56500005722046
21.747893	0.134250000119209	21.754131	3.56500005722046
21.770451	0.133250012993813	21.776684	3.56412506103516
21.793009	0.133625000715256	21.799242	3.56437516212463
21.815566	0.133875012397766	21.821799	3.56587505340576
21.838118	0.136250004172325	21.844355	3.5677502155304
21.860674	0.135125011205673	21.866931	3.56787514686584
21.883267	0.133625000715256	21.8895	3.56750011444092
21.905818	0.134625002741814	21.912061	3.56612515449524
21.92838	0.133250012993813	21.934618	3.56575012207031
21.950936	0.134250000119209	21.957175	3.56537508964539
21.973501	0.135250002145767	21.979733	3.56575012207031
21.996071	0.134125009179115	22.002308	3.56750011444092
22.018626	0.135375007987022	22.024863	3.5688750743866
22.041198	0.134375005960464	22.047432	3.5686252117157
22.063753	0.134750008583069	22.069981	3.56837511062622
22.086326	0.133250012993813	22.092585	3.56675028800964
22.108909	0.133375003933907	22.115138	3.56562519073486
22.131459	0.133750006556511	22.137694	3.56650018692017
22.15402	0.134625002741814	22.160253	3.56762528419495
22.176571	0.134375005960464	22.182804	3.5686252117157
22.199124	0.135125011205673	22.205361	3.5697500705719
22.221687	0.134250000119209	22.227919	3.57000017166138
22.244243	0.134125009179115	22.250476	3.5688750743866
22.266798	0.133125007152557	22.273036	3.56762528419495
22.289353	0.134125009179115	22.295591	3.56700015068054
22.311912	0.134750008583069	22.318145	3.56750011444092
22.334468	0.133875012397766	22.3407	3.56825017929077
22.357033	0.136750012636185	22.36327	3.56987524032593
22.379589	0.135375007987022	22.385821	3.57075023651123
22.402159	0.134750008583069	22.408392	3.57075023651123
22.424707	0.134625002741814	22.43094	3.56912517547607
22.447259	0.13450001180172	22.453497	3.56837511062622
22.469846	0.135125011205673	22.476085	3.56800007820129
22.492411	0.13400000333786	22.498644	3.56837511062622
22.514969	0.135125011205673	22.521203	3.56987524032593
22.537522	0.136000007390976	22.543759	3.5706250667572
22.560092	0.136250004172325	22.566332	3.57087516784668
22.582672	0.135000005364418	22.588904	3.5715000629425
22.60522	0.134625002741814	22.611454	3.56987524032593
22.627774	0.13450001180172	22.634012	3.569500207901
22.650333	0.134625002741814	22.656566	3.56837511062622
22.67289	0.13450001180172	22.679122	3.56937527656555
22.695446	0.134250000119209	22.701682	3.57087516784668
22.718001	0.136500000953674	22.724239	3.5715000629425
22.740558	0.135625004768372	22.746791	3.57237505912781
22.763129	0.137749999761581	22.769361	3.5715000629425
22.785676	0.134625002741814	22.791904	3.57050013542175
22.808227	0.134250000119209	22.814465	3.569500207901
22.830785	0.135000005364418	22.837031	3.5697500705719
22.853355	0.134625002741814	22.859588	3.5706250667572
22.875909	0.135125011205673	22.882166	3.57237505912781
22.898485	0.135750010609627	22.904723	3.57262516021729
22.92104	0.134375005960464	22.927273	3.57312512397766
22.943592	0.13400000333786	22.949826	3.57187509536743
22.966163	0.13400000333786	22.9724	3.5706250667572
22.988721	0.134874999523163	22.994958	3.56987524032593
23.01129	0.135250002145767	23.017523	3.5703752040863
23.033847	0.136000007390976	23.04008	3.57162523269653
23.056399	0.135250002145767	23.062635	3.57250022888184
23.078955	0.136125013232231	23.085211	3.57350015640259
23.101537	0.135125011205673	23.107771	3.57350015640259
23.124102	0.133625000715256	23.130335	3.57250022888184
23.146657	0.133000001311302	23.15289	3.57162523269653
23.169214	0.134375005960464	23.175446	3.57075023651123
23.191777	0.13450001180172	23.198011	3.5706250667572
23.214332	0.13450001180172	23.220564	3.57287526130676
23.236882	0.136000007390976	23.243115	3.57362508773804
23.259433	0.134750008583069	23.265686	3.57475018501282
23.282022	0.134125009179115	23.288255	3.57425022125244
23.304569	0.135750010609627	23.310807	3.57300019264221
23.327128	0.133875012397766	23.333365	3.57212519645691
23.349684	0.134125009179115	23.355916	3.57137513160706
23.372239	0.134375005960464	23.378471	3.5715000629425
23.394794	0.13450001180172	23.401027	3.57337522506714
23.417343	0.135875001549721	23.423581	3.57462525367737
23.439912	0.134625002741814	23.446161	3.57475018501282
23.462504	0.13400000333786	23.468742	3.57400012016296
23.485068	0.134625002741814	23.491301	3.57337522506714
23.507616	0.134750008583069	23.513854	3.57187509536743
23.530176	0.133625000715256	23.536409	3.57200026512146
23.552733	0.135125011205673	23.558965	3.57300019264221
23.575288	0.135250002145767	23.581521	3.57425022125244
23.59784	0.136500000953674	23.604078	3.57537508010864
23.6204	0.135000005364418	23.62665	3.57562518119812
23.642976	0.138875007629395	23.649208	3.57487511634827
23.665535	0.134750008583069	23.671772	3.57337522506714
23.68809	0.13400000333786	23.694328	3.57262516021729
23.710648	0.135375007987022	23.71688	3.57262516021729
23.733203	0.135250002145767	23.739436	3.57412505149841
23.755755	0.134750008583069	23.761989	3.57462525367737
23.778309	0.136000007390976	23.784546	3.5761251449585
23.800879	0.134375005960464	23.807111	3.5761251449585
23.82343	0.135375007987022	23.829658	3.57487511634827
23.84598	0.132375001907349	23.852218	3.57375025749207
23.868536	0.13450001180172	23.874774	3.57287526130676
23.891093	0.135000005364418	23.897326	3.57287526130676
23.91365	0.136250004172325	23.919882	3.57425022125244
23.936202	0.137375012040138	23.942438	3.57562518119812
23.958762	0.132125005125999	23.965	3.57637524604797
23.981322	0.136500000953674	23.987555	3.57650017738342
24.00388	0.134750008583069	24.010112	3.57525014877319
24.026445	0.133875012397766	24.032683	3.57375025749207
24.049003	0.13400000333786	24.05524	3.57362508773804
24.071554	0.135500013828278	24.077787	3.57475018501282
24.09413	0.135250002145767	24.10036	3.57537508010864
24.116679	0.136125013232231	24.122917	3.5767502784729
24.139238	0.134750008583069	24.145475	3.57725024223328
24.161808	0.135125011205673	24.168047	3.57650017738342
24.18437	0.134375005960464	24.190608	3.57550024986267
24.20701	0.134750008583069	24.213243	3.57412505149841
24.229564	0.13450001180172	24.235797	3.57400012016296
24.252118	0.133375003933907	24.258351	3.57475018501282
24.274671	0.134874999523163	24.280903	3.57600021362305
24.29723	0.138750001788139	24.303463	3.57725024223328
24.319787	0.135375007987022	24.32602	3.57800006866455
24.342345	0.13450001180172	24.348578	3.5767502784729
24.364904	0.136000007390976	24.371136	3.57625007629395
24.387438	0.135000005364418	24.393675	3.57500028610229
24.409995	0.135375007987022	24.416227	3.57487511634827
24.43255	0.134750008583069	24.438783	3.57575011253357
24.455103	0.135500013828278	24.46136	3.57687520980835
24.4777	0.13662500679493	24.483938	3.57775020599365
24.500258	0.137875005602837	24.506492	3.57850027084351
24.522817	0.135625004768372	24.529049	3.5770001411438
24.545373	0.134625002741814	24.551607	3.57637524604797
24.567944	0.135250002145767	24.574182	3.57562518119812
24.590502	0.135500013828278	24.59674	3.5761251449585
24.613066	0.135500013828278	24.619299	3.57625007629395
24.635623	0.136125013232231	24.641856	3.5776252746582
24.658178	0.136250004172325	24.664415	3.57862520217896
24.680737	0.135500013828278	24.68697	3.57887506484985
24.703295	0.136500000953674	24.709528	3.5778751373291
24.725848	0.135625004768372	24.732081	3.57637524604797
24.748402	0.135000005364418	24.75464	3.5758752822876
24.770959	0.135875001549721	24.777192	3.57625007629395
24.79351	0.135000005364418	24.799743	3.57687520980835
24.816071	0.135750010609627	24.822308	3.57825016975403
24.838628	0.139500007033348	24.844866	3.57937526702881
24.861198	0.135125011205673	24.867426	3.57912516593933
24.883753	0.135500013828278	24.889986	3.5778751373291
24.906306	0.134250000119209	24.912544	3.5767502784729
24.928863	0.133250012993813	24.9351	3.5767502784729
24.951421	0.135625004768372	24.957659	3.57725024223328
24.973985	0.132750004529953	24.980217	3.57837510108948
24.996558	0.140500009059906	25.002796	3.57937526702881
25.019116	0.136250004172325	25.025353	3.57987523078918
25.041686	0.138250008225441	25.047919	3.58012509346008
25.064242	0.135375007987022	25.070475	3.57812523841858
25.086823	0.134625002741814	25.093071	3.57737517356873
25.109393	0.134625002741814	25.115632	3.57662510871887
25.131977	0.135375007987022	25.13821	3.57750010490417
25.15454	0.136500000953674	25.160773	3.5787501335144
25.177092	0.137125000357628	25.18333	3.58012509346008
25.199651	0.135625004768372	25.205884	3.58025026321411
25.222207	0.132875010371208	25.228439	3.57950019836426
25.244764	0.134874999523163	25.250997	3.5778751373291
25.267319	0.136500000953674	25.273556	3.5776252746582
25.289875	0.136000007390976	25.296109	3.5776252746582
25.312432	0.136500000953674	25.318665	3.57837510108948
25.334986	0.135000005364418	25.34122	3.57950019836426
25.35754	0.136875003576279	25.363772	3.58062505722046
25.380093	0.135875001549721	25.386327	3.58050012588501
25.402647	0.135750010609627	25.40888	3.57975006103516
25.425198	0.136875003576279	25.431431	3.57825016975403
25.447751	0.134750008583069	25.453983	3.57812523841858
25.470346	0.135625004768372	25.476579	3.57850027084351
25.4929	0.137625008821487	25.499133	3.57925009727478
25.515461	0.13637501001358	25.521693	3.58087515830994
25.538012	0.13637501001358	25.544249	3.58075022697449
25.56057	0.138250008225441	25.566802	3.58137512207031
25.583126	0.135250002145767	25.589358	3.57987523078918
25.605689	0.135625004768372	25.611921	3.5787501335144
25.62824	0.13450001180172	25.634478	3.57862520217896
25.650801	0.136250004172325	25.657034	3.57887506484985
25.673349	0.13637501001358	25.679582	3.57962512969971
25.695902	0.13662500679493	25.702135	3.58150005340576
25.718454	0.13637501001358	25.724691	3.58187508583069
25.741011	0.13400000333786	25.747244	3.58137512207031
25.763568	0.135000005364418	25.769801	3.58062505722046
25.786121	0.135250002145767	25.792358	3.57925009727478
25.808691	0.136000007390976	25.814928	3.57887506484985
25.83124	0.135750010609627	25.837473	3.57975006103516
25.853799	0.135250002145767	25.860031	3.58075022697449
25.876365	0.136250004172325	25.882602	3.58162522315979
25.898921	0.13662500679493	25.905159	3.58250021934509
25.921489	0.135500013828278	25.927722	3.58150005340576
25.944046	0.13637501001358	25.950278	3.58050012588501
25.966614	0.138374999165535	25.972851	3.57950019836426
25.989186	0.135125011205673	25.995423	3.57912516593933
26.011734	0.136000007390976	26.017966	3.58025026321411
26.034292	0.135500013828278	26.040524	3.58187508583069
26.056844	0.136500000953674	26.063077	3.58275008201599
26.079395	0.136000007390976	26.085645	3.58325028419495
26.101981	0.135875001549721	26.108214	3.58225011825562
26.124529	0.135500013828278	26.130762	3.58037519454956
26.147081	0.134375005960464	26.153314	3.58025026321411
26.169648	0.135500013828278	26.175881	3.58012509346008
26.192199	0.136000007390976	26.198431	3.58087515830994
26.214757	0.13662500679493	26.22099	3.58237528800964
26.237317	0.137375012040138	26.243555	3.58312511444092
26.259873	0.13637501001358	26.266107	3.58362507820129
26.282431	0.135875001549721	26.288663	3.58237528800964
26.304987	0.135375007987022	26.311219	3.58137512207031
26.327538	0.135125011205673	26.333775	3.58037519454956
26.350096	0.136125013232231	26.356329	3.58050012588501
26.372653	0.136250004172325	26.378885	3.58187508583069
26.39521	0.135750010609627	26.401444	3.58300018310547
26.417763	0.137250006198883	26.424	3.58375024795532
26.440319	0.136000007390976	26.446551	3.58325028419495
26.462895	0.13637501001358	26.469128	3.58275008201599
26.485453	0.135125011205673	26.491689	3.58187508583069
26.508008	0.135000005364418	26.514245	3.58112525939941
26.530564	0.135000005364418	26.536796	3.58150005340576
26.553117	0.135000005364418	26.55935	3.58250021934509
26.575681	0.137625008821487	26.581914	3.58387517929077
26.598233	0.136875003576279	26.604465	3.58437514305115
26.620785	0.135125011205673	26.627032	3.58400011062622
26.643365	0.135000005364418	26.649609	3.58262515068054
26.665938	0.136000007390976	26.672171	3.58162522315979
26.688491	0.135500013828278	26.694728	3.58162522315979
26.711063	0.137125000357628	26.717296	3.58237528800964
26.733621	0.135125011205673	26.739853	3.58375024795532
26.756177	0.136750012636185	26.762414	3.58400011062622
26.778733	0.135875001549721	26.784965	3.585125207901
26.801289	0.135750010609627	26.807522	3.5842502117157
26.823846	0.135625004768372	26.830079	3.58250021934509
26.846398	0.131250008940697	26.852635	3.58212518692017
26.868945	0.135750010609627	26.875179	3.58175015449524
26.891501	0.135125011205673	26.897734	3.58262515068054
26.914059	0.136125013232231	26.920291	3.58412528038025
26.936611	0.136500000953674	26.942848	3.58500027656555
26.959185	0.135625004768372	26.965422	3.58412528038025
26.981744	0.136250004172325	26.987976	3.58437514305115
27.0043	0.13637501001358	27.010533	3.58325028419495
27.026851	0.136000007390976	27.033088	3.58225011825562
27.049407	0.135625004768372	27.055639	3.58225011825562
27.071976	0.135625004768372	27.078208	3.58300018310547
27.09457	0.136250004172325	27.100804	3.58487510681152
27.117128	0.137125000357628	27.123367	3.58575010299683
27.139695	0.135750010609627	27.145927	3.58550024032593
27.162251	0.135875001549721	27.168483	3.58487510681152
27.184802	0.136250004172325	27.191035	3.5833752155304
27.207383	0.135875001549721	27.213655	3.58250021934509
27.230042	0.134750008583069	27.236314	3.58300018310547
27.252693	0.135625004768372	27.258957	3.5845000743866
27.275307	0.137000009417534	27.281542	3.58500027656555
27.297866	0.135625004768372	27.304093	3.58550024032593
27.320415	0.135625004768372	27.326654	3.58587527275085
27.342978	0.135750010609627	27.349211	3.58437514305115
27.365528	0.135750010609627	27.371773	3.58362507820129
27.388092	0.134625002741814	27.394329	3.58287525177002
27.410647	0.135500013828278	27.416879	3.58362507820129
27.433203	0.137375012040138	27.439435	3.58500027656555
27.45577	0.136750012636185	27.462011	3.5860002040863
27.478355	0.136125013232231	27.484592	3.58650016784668
27.500912	0.13637501001358	27.507145	3.58575010299683
27.523471	0.136500000953674	27.529704	3.5845000743866
27.546023	0.135250002145767	27.552262	3.58350014686584
27.568582	0.136125013232231	27.574819	3.5833752155304
27.591138	0.135000005364418	27.59737	3.58387517929077
27.613695	0.136500000953674	27.619927	3.58562517166138
27.636247	0.13662500679493	27.642484	3.58562517166138
27.658802	0.135375007987022	27.665036	3.58687520027161
27.681356	0.135750010609627	27.687589	3.5860002040863
27.703908	0.135375007987022	27.71014	3.58475017547607
27.726459	0.135250002145767	27.732696	3.58412528038025
27.749009	0.135625004768372	27.755236	3.58400011062622
27.771578	0.135500013828278	27.777811	3.58500027656555
27.794133	0.135750010609627	27.800368	3.5860002040863
27.816693	0.138125002384186	27.822931	3.58662509918213
27.83925	0.13637501001358	27.845482	3.58700013160706
27.861804	0.136500000953674	27.868036	3.58612513542175
27.88436	0.136125013232231	27.890592	3.58475017547607
27.906929	0.135625004768372	27.913162	3.58375024795532
27.929481	0.136500000953674	27.935713	3.58437514305115
27.952032	0.138374999165535	27.958276	3.58562517166138
27.974605	0.137000009417534	27.980837	3.58650016784668
27.997162	0.13662500679493	28.0034	3.58750009536743
28.01972	0.135875001549721	28.025963	3.58737516403198
28.042286	0.136875003576279	28.048519	3.5860002040863
28.064843	0.135625004768372	28.07107	3.58500027656555
28.087414	0.136500000953674	28.093651	3.58412528038025
28.109965	0.135625004768372	28.116198	3.58462524414062
28.132526	0.135375007987022	28.138759	3.58612513542175
28.155083	0.137625008821487	28.161316	3.58737516403198
28.17764	0.13662500679493	28.183877	3.58787512779236
28.200197	0.136250004172325	28.206449	3.58687520027161
28.222778	0.136125013232231	28.229011	3.58650016784668
28.245337	0.135000005364418	28.251573	3.58500027656555
28.267893	0.135500013828278	28.274131	3.58500027656555
28.29045	0.135750010609627	28.296682	3.58587527275085
28.313006	0.136000007390976	28.319239	3.58675026893616
28.335563	0.139500007033348	28.341796	3.58762526512146
28.358115	0.136000007390976	28.364353	3.58800005912781
28.380672	0.136000007390976	28.386909	3.5871250629425
28.403248	0.135875001549721	28.40948	3.5860002040863
28.4258	0.135875001549721	28.432032	3.58500027656555
28.448352	0.135125011205673	28.45461	3.58500027656555
28.470959	0.136875003576279	28.477192	3.58637523651123
28.49352	0.136750012636185	28.499753	3.58762526512146
28.516073	0.137000009417534	28.52231	3.58900022506714
28.53863	0.136750012636185	28.544867	3.58837509155273
28.5612	0.13662500679493	28.567433	3.58725023269653
28.583762	0.135625004768372	28.589995	3.58650016784668
28.606316	0.135250002145767	28.612553	3.58525013923645
28.628873	0.136125013232231	28.63511	3.58562517166138
28.65143	0.135250002145767	28.657663	3.58687520027161
28.673988	0.136250004172325	28.680221	3.58787512779236
28.696555	0.13850000500679	28.702794	3.58887505531311
28.719113	0.136000007390976	28.72535	3.58862519264221
28.741684	0.13637501001358	28.747917	3.58737516403198
28.764237	0.135125011205673	28.770471	3.58650016784668
28.786792	0.134750008583069	28.793031	3.58587527275085
28.809343	0.135250002145767	28.815581	3.58650016784668
28.831893	0.13662500679493	28.838125	3.58800005912781
28.854452	0.137625008821487	28.860685	3.58887505531311
28.877006	0.13662500679493	28.883238	3.58912515640259
28.899558	0.135750010609627	28.905791	3.58875012397766
28.922116	0.136250004172325	28.928348	3.5871250629425
28.944689	0.134750008583069	28.950916	3.58662509918213
28.967246	0.136250004172325	28.973483	3.5862500667572
28.989808	0.135500013828278	28.996067	3.5871250629425
29.012391	0.137125000357628	29.018624	3.58812522888184
29.034944	0.137875005602837	29.041193	3.58912515640259
29.057513	0.135625004768372	29.06375	3.58975005149841
29.08007	0.136750012636185	29.086327	3.58900022506714
29.102665	0.134874999523163	29.108899	3.58812522888184
29.125234	0.137250006198883	29.131492	3.58612513542175
29.147831	0.134750008583069	29.154069	3.58637523651123
29.17038	0.138750001788139	29.176618	3.58700013160706
29.192941	0.134874999523163	29.199173	3.58850026130676
29.215498	0.139250010251999	29.221732	3.58975005149841
29.23805	0.13637501001358	29.244287	3.59000015258789
29.260605	0.136000007390976	29.266838	3.58862519264221
29.283161	0.136500000953674	29.289393	3.58787512779236
29.305711	0.134874999523163	29.311944	3.58662509918213
29.328266	0.136000007390976	29.334503	3.58662509918213
29.350821	0.140375003218651	29.357054	3.58750009536743
29.37338	0.136875003576279	29.379612	3.58850026130676
29.39593	0.137875005602837	29.402167	3.59025025367737
29.418486	0.134625002741814	29.424724	3.58962512016296
29.441042	0.136000007390976	29.447274	3.58887505531311
29.463616	0.135750010609627	29.469848	3.58700013160706
29.48617	0.134750008583069	29.492407	3.58675026893616
29.508728	0.136500000953674	29.514966	3.58737516403198
29.531301	0.136750012636185	29.537534	3.58787512779236
29.553851	0.135750010609627	29.560083	3.58950018882751
29.576405	0.137375012040138	29.582642	3.59012508392334
29.598962	0.137749999761581	29.605199	3.59012508392334
29.621519	0.136750012636185	29.627751	3.58875012397766
29.644075	0.135625004768372	29.650308	3.58787512779236
29.666626	0.133375003933907	29.672864	3.5871250629425
29.689183	0.135750010609627	29.69542	3.58775019645691
29.71174	0.136000007390976	29.717972	3.58850026130676
