Time_sec1	Voltage_A0TG	Time_sec2	Voltage_A1TG
0	1.39525008201599	0.006233	3.63825011253357
0.022558	1.39537501335144	0.02879	3.63675022125244
0.045108	1.39400005340576	0.051346	3.63625025749207
0.067663	1.39487504959106	0.073896	3.63462519645691
0.090235	1.39487504959106	0.096468	3.63562512397766
0.112784	1.39437508583069	0.119016	3.63712525367737
0.135338	1.39537501335144	0.141576	3.63812518119812
0.157893	1.39425003528595	0.164133	3.6386251449585
0.180457	1.39525008201599	0.186689	3.6383752822876
0.203012	1.39525008201599	0.209257	3.63650012016296
0.225575	1.3950001001358	0.231812	3.63625025749207
0.24813	1.39462506771088	0.254381	3.63537526130676
0.270715	1.3941251039505	0.276949	3.63600015640259
0.293286	1.39562511444092	0.299524	3.63787508010864
0.315845	1.3950001001358	0.322078	3.6386251449585
0.33841	1.39462506771088	0.344644	3.6392502784729
0.360967	1.3950001001358	0.367201	3.63825011253357
0.383523	1.39512503147125	0.389759	3.63650012016296
0.406079	1.39362502098083	0.412312	3.63587522506714
0.428641	1.39525008201599	0.434893	3.63600015640259
0.451216	1.39425003528595	0.457449	3.63662528991699
0.473766	1.39587509632111	0.479994	3.63787508010864
0.496314	1.39550006389618	0.502551	3.63850021362305
0.518871	1.39362502098083	0.525104	3.63825011253357
0.541428	1.39525008201599	0.54766	3.63775014877319
0.563979	1.39425003528595	0.570237	3.63662528991699
0.586555	1.3941251039505	0.592793	3.63612508773804
0.609111	1.39587509632111	0.615344	3.63562512397766
0.63168	1.39487504959106	0.637912	3.63712525367737
0.654231	1.3941251039505	0.660468	3.63787508010864
0.676789	1.39375007152557	0.683027	3.63850021362305
0.69935	1.39487504959106	0.705583	3.63887524604797
0.721907	1.39437508583069	0.72814	3.63687515258789
0.744459	1.39425003528595	0.750696	3.63612508773804
0.767044	1.39387512207031	0.773282	3.63550019264221
0.789603	1.39425003528595	0.795836	3.63587522506714
0.812161	1.39287507534027	0.818398	3.63712525367737
0.834737	1.3941251039505	0.840975	3.63787508010864
0.857286	1.39400005340576	0.863524	3.63900017738342
0.879845	1.39250004291534	0.886101	3.6386251449585
0.902438	1.39475011825562	0.908671	3.63475012779236
0.925029	1.32287502288818	0.931263	3.62950015068054
0.947587	1.15600001811981	0.95382	3.61700010299683
0.970141	1.01662504673004	0.976373	3.58800005912781
0.992697	0.887375056743622	0.998934	3.53625011444092
1.015292	0.781500041484833	1.02153	3.46550011634827
1.037851	0.681125044822693	1.044083	3.38425016403198
1.060411	0.594375014305115	1.066643	3.2885000705719
1.082968	0.511875033378601	1.0892	3.19300007820129
1.105501	0.439625024795532	1.111739	3.08900022506714
1.12806	0.37287500500679	1.134293	2.9905002117157
1.150618	0.318000018596649	1.15685	2.88900017738342
1.173174	0.267375022172928	1.179407	2.79425024986267
1.195728	0.226625010371208	1.201966	2.69775009155273
1.218285	0.186750009655952	1.224517	2.61150002479553
1.240842	0.151000007987022	1.247076	2.52537512779236
1.263424	0.116125002503395	1.269658	2.44912505149841
1.285984	0.0846250057220459	1.292222	2.375
1.308542	0.0561250038444996	1.314774	2.31187510490417
1.331098	0.0343750007450581	1.33733	2.25225019454956
1.353654	0.0155000006780028	1.359887	2.20100021362305
1.376208	0.00525000039488077	1.382442	2.15312504768372
1.398764	0.00437500001862645	1.405	2.11262512207031
1.421325	0.00187500007450581	1.427557	2.07400012016296
1.443877	0.000250000011874363	1.450121	2.04200005531311
1.466442	0.000375000003259629	1.472674	2.01162505149841
1.488986	0.00175000005401671	1.495218	1.98775005340576
1.511544	0.00175000005401671	1.517778	1.96587514877319
1.534102	0.00325000006705523	1.540339	1.9465000629425
1.556674	0.00437500001862645	1.562912	1.9282500743866
1.57925	0.00175000005401671	1.585482	1.91162514686584
1.601808	0.00137500010896474	1.60804	1.89525008201599
1.62436	0.000750000006519258	1.630593	1.88125014305115
1.646913	0.000750000006519258	1.653151	1.86800003051758
1.669471	-0.000500000023748726	1.675704	1.85812509059906
1.692029	0.00100000004749745	1.698261	1.84937512874603
1.714577	0.00312500004656613	1.720814	1.84112513065338
1.737137	0.00325000006705523	1.743375	1.83312511444092
1.759741	0.00112500006798655	1.765975	1.8243750333786
1.782301	0.000125000005937181	1.788533	1.81662511825562
1.804853	0	1.81109	1.80925011634827
1.827409	0.00137500010896474	1.833646	1.80462503433228
1.849965	0.00150000001303852	1.856198	1.80000007152557
1.872518	0.00162500003352761	1.878751	1.7966251373291
1.895132	0.00412499997764826	1.901366	1.79325008392334
1.917679	0.0022500001359731	1.923975	1.78925013542175
1.940307	-0.000125000005937181	1.946535	1.7847501039505
1.962862	0.00100000004749745	1.969094	1.78025007247925
1.985418	-0.00312500004656613	1.991656	1.77612507343292
2.007975	0.00162500003352761	2.014223	1.77425003051758
2.030547	0.00125000008847564	2.036779	1.77262508869171
2.053102	0.00287500023841858	2.059353	1.77175009250641
2.075671	0.00412499997764826	2.081909	1.77025008201599
2.098228	0.0022500001359731	2.10446	1.76800012588501
2.120787	0.000875000027008355	2.127019	1.76525008678436
2.143344	-0.0020000000949949	2.149577	1.76325011253357
2.165895	-0.000125000005937181	2.172132	1.76062512397766
2.188453	0.00137500010896474	2.194685	1.76000010967255
2.211008	0.000750000006519258	2.217241	1.75975012779236
2.233565	0.00250000017695129	2.239797	1.76062512397766
2.256134	0.00325000006705523	2.262378	1.75937509536743
2.2787	0.00137500010896474	2.284933	1.75712513923645
2.301268	0.00112500006798655	2.3075	1.75600004196167
2.32382	-0.000375000003259629	2.330053	1.75487506389618
2.346365	0.00512500014156103	2.352603	1.75337505340576
2.368923	0.00100000004749745	2.375156	1.75400006771088
2.391481	0.00137500010896474	2.397715	1.75500011444092
2.414036	0.00662500038743019	2.420273	1.75562512874603
2.436593	0.00300000002607703	2.44283	1.75537502765656
2.459149	0.00112500006798655	2.465382	1.75425004959106
2.481706	0.000750000006519258	2.487939	1.75387513637543
2.504258	0	2.51049	1.75387513637543
2.526805	0.00237500015646219	2.533033	1.7543751001358
2.549359	0.000375000003259629	2.555593	1.75675010681152
2.571912	0.00100000004749745	2.57814	1.75837504863739
2.594461	0.00312500004656613	2.600694	1.76025009155273
2.617013	0.00287500023841858	2.623245	1.76000010967255
2.63957	0.00162500003352761	2.645804	1.75950002670288
2.662142	0.000500000023748726	2.668376	1.75862503051758
2.684711	0.00137500010896474	2.690949	1.75750005245209
2.707269	0.000875000027008355	2.713506	1.75787508487701
2.729836	0.000875000027008355	2.736069	1.76050007343292
2.752395	0.0022500001359731	2.758633	1.76237511634827
2.774953	0.00450000027194619	2.781191	1.7645001411438
2.79751	0.0020000000949949	2.803763	1.76675009727478
2.820091	0.000125000005937181	2.82633	1.76875007152557
2.842664	0	2.848897	1.77100002765656
2.865218	0.000625000044237822	2.87145	1.77550005912781
2.887796	0.00112500006798655	2.894037	1.78262507915497
2.910359	0.000875000027008355	2.916605	1.79062509536743
2.932952	0.0020000000949949	2.939185	1.80087506771088
2.955509	0.00387500016950071	2.961746	1.81112504005432
2.978067	0.00187500007450581	2.984295	1.82212507724762
3.000622	0.00112500006798655	3.00686	1.82962512969971
3.023201	0.000500000023748726	3.029433	1.83737504482269
3.045753	0.000375000003259629	3.051985	1.84450006484985
3.068305	0.00150000001303852	3.074538	1.85537505149841
3.090862	0.00112500006798655	3.097095	1.86537504196167
3.113419	0.00337500008754432	3.119652	1.87600004673004
3.135971	0.00312500004656613	3.142208	1.88262510299683
3.158527	0.00137500010896474	3.16476	1.88800013065338
3.181084	0.00125000008847564	3.187316	1.89150011539459
3.203643	0.000625000044237822	3.209876	1.89375007152557
3.226194	0.00100000004749745	3.232427	1.89350008964539
3.248748	0.00187500007450581	3.255018	1.89437508583069
3.271348	0.00112500006798655	3.277581	1.89450013637543
3.293904	0.00400000018998981	3.300136	1.89587509632111
3.316456	0.00250000017695129	3.322693	1.89650011062622
3.339012	0.000250000011874363	3.345244	1.89762508869171
3.361568	0.000125000005937181	3.367801	1.90150010585785
3.384137	0.00175000005401671	3.390374	1.90662503242493
3.406709	0.000625000044237822	3.412947	1.91200006008148
3.429268	0.00150000001303852	3.4355	1.92100012302399
3.451827	0.0020000000949949	3.458059	1.9300000667572
3.474378	0.00362500012852252	3.480616	1.9363751411438
3.496936	0.00125000008847564	3.503173	1.93862509727478
3.519492	0.000875000027008355	3.525726	1.9401251077652
3.542049	0.000375000003259629	3.548282	1.93837511539459
3.564616	-0.000500000023748726	3.570854	1.93575012683868
3.587175	0.000125000005937181	3.593408	1.94275009632111
3.609745	-0.000750000006519258	3.615978	1.94362509250641
3.632297	0.00350000010803342	3.638529	1.94712507724762
3.654856	0.00387500016950071	3.661089	1.95387506484985
3.67741	0.00437500001862645	3.683642	1.96450006961823
3.699962	0.00325000006705523	3.706194	1.97812509536743
3.722513	0.00300000002607703	3.728746	1.99425005912781
3.745067	0.00412499997764826	3.751305	2.01212501525879
3.767627	0.00537500018253922	3.77386	2.03150010108948
3.790172	0.00675000017508864	3.796404	2.04962515830994
3.812728	0.00925000011920929	3.818962	2.06800007820129
3.835291	0.00962500087916851	3.841529	2.08412504196167
3.857849	0.00812500063329935	3.864076	2.09837508201599
3.880397	0.00925000011920929	3.886655	2.11150002479553
3.902981	0.00812500063329935	3.909209	2.12400007247925
3.925547	0.00887500029057264	3.931785	2.13612508773804
3.948097	0.0103750005364418	3.954335	2.14900016784668
3.970665	0.0125000001862645	3.976898	2.16100001335144
3.993224	0.0146250007674098	3.999457	2.17262506484985
4.015777	0.0142500009387732	4.022014	2.18274998664856
4.038335	0.0125000001862645	4.044568	2.19162511825562
4.060891	0.0138750011101365	4.067123	2.19950008392334
4.083446	0.0138750011101365	4.089679	2.2083752155304
4.106	0.0158750005066395	4.112238	2.21725010871887
4.128558	0.0151250008493662	4.134801	2.22812509536743
4.151125	0.0168750006705523	4.157357	2.23887515068054
4.173681	0.0193750001490116	4.179914	2.24962520599365
4.196233	0.0183749999850988	4.20247	2.25987505912781
4.218789	0.0183749999850988	4.225022	2.27025008201599
4.241345	0.0177500005811453	4.247578	2.28062510490417
4.263937	0.0187500007450581	4.270167	2.29124999046326
4.286491	0.0201250016689301	4.292728	2.30362510681152
4.309051	0.0210000015795231	4.315292	2.31650018692017
4.331617	0.0230000019073486	4.33785	2.32950019836426
4.354173	0.0285000018775463	4.360411	2.34087514877319
4.376731	0.0227500014007092	4.382968	2.35150003433228
4.39929	0.0238750018179417	4.405523	2.3600001335144
4.421848	0.0223750006407499	4.42808	2.3683750629425
4.444425	0.0243750009685755	4.450663	2.37662506103516
4.466981	0.025500001385808	4.473218	2.38537502288818
4.489549	0.0258750021457672	4.495782	2.39400005340576
4.512106	0.0290000010281801	4.518339	2.40150022506714
4.53466	0.027750002220273	4.540897	2.40775012969971
4.557217	0.0270000007003546	4.563454	2.41225004196167
4.579775	0.0272500012069941	4.586007	2.41537523269653
4.602331	0.0231250002980232	4.608564	2.41862511634827
4.624892	0.0278750006109476	4.63113	2.42125010490417
4.647448	0.0287500005215406	4.653685	2.42550015449524
4.670009	0.0300000011920929	4.676242	2.42837500572205
4.692564	0.0316250026226044	4.698797	2.43187522888184
4.715117	0.0287500005215406	4.721355	2.43287515640259
4.737674	0.033500000834465	4.743907	2.43312501907349
4.760245	0.0316250026226044	4.766478	2.43262505531311
4.7828	0.0328750014305115	4.789032	2.43300008773804
4.805352	0.0327500030398369	4.81159	2.43362522125244
4.827915	0.034000001847744	4.834149	2.43512511253357
4.850485	0.035375002771616	4.856717	2.4375
4.873036	0.0365000031888485	4.879269	2.43875002861023
4.895605	0.0352500006556511	4.901839	2.43875002861023
4.918169	0.0357500016689301	4.924445	2.43887519836426
4.940773	0.0352500006556511	4.947005	2.43825006484985
4.96333	0.035375002771616	4.969564	2.43887519836426
4.985874	0.0367499999701977	4.992112	2.44062519073486
5.008438	0.037625003606081	5.014671	2.44212508201599
5.030996	0.0397500023245811	5.037228	2.4447500705719
5.053554	0.0396250002086163	5.059788	2.44574999809265
5.076109	0.0386250019073486	5.082347	2.4465000629425
5.098667	0.0400000028312206	5.1049	2.44675016403198
5.121223	0.038500003516674	5.127456	2.4465000629425
5.143774	0.0406250022351742	5.150007	2.44762516021729
5.166326	0.0405000001192093	5.172563	2.45000004768372
5.188881	0.0422500036656857	5.195114	2.45275020599365
5.211452	0.0433750003576279	5.217685	2.45587515830994
5.234022	0.0463750027120113	5.240255	2.45825004577637
5.256592	0.0425000004470348	5.262836	2.46025013923645
5.279159	0.0430000014603138	5.285392	2.46237516403198
5.301719	0.0417500026524067	5.307951	2.46500015258789
5.324271	0.0437500029802322	5.330508	2.46825003623962
5.346827	0.0438750013709068	5.353064	2.47375011444092
5.369383	0.0441250018775463	5.375616	2.48000001907349
5.391943	0.0490000024437904	5.398176	2.48625016212463
5.414513	0.0462500005960464	5.42075	2.49237513542175
5.437071	0.0457500033080578	5.443308	2.49812507629395
5.459637	0.0453750006854534	5.46587	2.50425004959106
5.482194	0.0457500033080578	5.488426	2.51125001907349
5.504745	0.0470000021159649	5.510983	2.52075004577637
5.527302	0.0508750006556511	5.533539	2.53000020980835
5.54986	0.0486250035464764	5.556091	2.54162502288818
5.572416	0.0502500012516975	5.578648	2.55250000953674
5.595001	0.0528750009834766	5.601239	2.56362509727478
5.617558	0.0503750033676624	5.623791	2.57412505149841
5.640123	0.0486250035464764	5.646356	2.58550024032593
5.662679	0.0480000004172325	5.668911	2.59662508964539
5.685231	0.0503750033676624	5.691468	2.60962510108948
5.707787	0.050500001758337	5.714019	2.62137508392334
5.730342	0.0521250031888485	5.736575	2.63412523269653
5.752898	0.053250003606081	5.759136	2.64562511444092
5.775487	0.0520000010728836	5.78172	2.6560001373291
5.798043	0.0521250031888485	5.804275	2.66462516784668
5.820597	0.051875002682209	5.826829	2.67325019836426
5.843153	0.0525000020861626	5.849387	2.68150019645691
5.865698	0.0530000030994415	5.871931	2.69062519073486
5.888294	0.0530000030994415	5.894534	2.69950008392334
5.910855	0.0556250028312206	5.917083	2.70862507820129
5.933412	0.0560000017285347	5.939646	2.71587514877319
5.955994	0.0543750040233135	5.962233	2.72212505340576
5.978561	0.0556250028312206	5.98481	2.7266252040863
6.001137	0.0546250008046627	6.007369	2.73162508010864
6.023694	0.055500004440546	6.029922	2.73750019073486
6.046247	0.0566250011324883	6.052485	2.74387502670288
6.068804	0.0567500032484531	6.075037	2.75075006484985
6.091361	0.0586250014603138	6.097593	2.75675010681152
6.113914	0.0580000020563602	6.120148	2.76250004768372
6.136484	0.0576250031590462	6.142721	2.76650023460388
6.15904	0.0586250014603138	6.165287	2.76950001716614
6.181614	0.0585000030696392	6.187846	2.77387523651123
6.204166	0.0586250014603138	6.210404	2.77737522125244
6.226723	0.0588750019669533	6.23296	2.78300023078918
6.249281	0.0597500018775463	6.255533	2.78837513923645
6.271878	0.0616250038146973	6.278111	2.79262518882751
6.294432	0.0611250028014183	6.300669	2.79587507247925
6.316998	0.0610000044107437	6.323236	2.79800009727478
6.339555	0.0603750012814999	6.345788	2.79987502098083
6.362108	0.0605000033974648	6.368341	2.80187511444092
6.384661	0.0613750033080578	6.390898	2.80525016784668
6.407216	0.0603750012814999	6.413454	2.80850005149841
6.429775	0.0632500052452087	6.436007	2.81262516975403
6.452331	0.0640000030398369	6.458563	2.81525015830994
6.474894	0.0620000027120113	6.481131	2.81762504577637
6.49745	0.0657500028610229	6.503701	2.81787514686584
6.520146	0.0620000027120113	6.52642	2.82000017166138
6.542801	0.0635000020265579	6.549061	2.82275009155273
6.565463	0.0633750036358833	6.571698	2.82537508010864
6.588022	0.064750000834465	6.594256	2.83062505722046
6.610578	0.0670000016689301	6.616811	2.8342502117157
6.633136	0.0665000006556511	6.63937	2.83725023269653
6.655689	0.0645000040531158	6.661926	2.84025025367737
6.678245	0.0651250034570694	6.684478	2.84250020980835
6.700808	0.0640000030398369	6.70704	2.84500002861023
6.72338	0.0655000060796738	6.729613	2.84962511062622
6.745933	0.068000003695488	6.75217	2.85425019264221
6.76851	0.0700000002980232	6.774744	2.86037516593933
6.791069	0.0695000067353249	6.797302	2.8655002117157
6.813627	0.0662500038743019	6.81986	2.87025022506714
6.83618	0.0681250020861626	6.842417	2.87412524223328
6.858737	0.0678750053048134	6.864993	2.87762522697449
6.881318	0.0670000016689301	6.887569	2.88162517547607
6.903896	0.0677500069141388	6.910165	2.88687515258789
6.926491	0.0677500069141388	6.93273	2.89362502098083
6.949057	0.0705000013113022	6.955289	2.89950013160706
6.971611	0.0715000033378601	6.977844	2.90562510490417
6.994166	0.0693750008940697	7.0004	2.90950012207031
7.016722	0.0701250061392784	7.022953	2.913250207901
7.039279	0.0696250051259995	7.045512	2.91737508773804
7.061837	0.0696250051259995	7.068064	2.9216251373291
7.084396	0.0701250061392784	7.090634	2.92662525177002
7.106955	0.0713750049471855	7.113192	2.93275022506714
7.129517	0.0718750059604645	7.13575	2.93787503242493
7.152067	0.072500005364418	7.158299	2.94312524795532
7.174618	0.0715000033378601	7.180855	2.94837522506714
7.197176	0.0727500021457672	7.203414	2.95225024223328
7.219747	0.0715000033378601	7.225979	2.95612525939941
7.242303	0.0720000043511391	7.248536	2.96112513542175
7.26491	0.0703750029206276	7.271149	2.96687507629395
7.287472	0.0720000043511391	7.293705	2.97387504577637
7.310036	0.0745000019669533	7.316269	2.98012518882751
7.332593	0.0771250054240227	7.338826	2.98600006103516
7.355146	0.0750000029802322	7.361379	2.9896252155304
7.377713	0.0742500051856041	7.383946	2.99375009536743
7.400266	0.0715000033378601	7.406524	2.99775004386902
7.422875	0.0742500051856041	7.429109	3.00250005722046
7.445434	0.0741250067949295	7.451671	3.00887513160706
7.467991	0.075250007212162	7.474225	3.01437520980835
7.49055	0.0760000050067902	7.496782	3.01962518692017
7.513107	0.0757500007748604	7.519347	3.02425003051758
7.535666	0.0756250023841858	7.541904	3.02700018882751
7.558226	0.0755000039935112	7.564459	3.03037524223328
7.580784	0.0757500007748604	7.587016	3.03312516212463
7.603342	0.0775000005960464	7.609575	3.03700017929077
7.625894	0.0761250033974648	7.632131	3.04175019264221
7.648449	0.0780000016093254	7.654682	3.04650020599365
7.671005	0.0785000026226044	7.677237	3.05075025558472
7.69356	0.0776250064373016	7.699793	3.05312514305115
7.716112	0.0773750022053719	7.72235	3.0547502040863
7.73867	0.0777500048279762	7.744903	3.05612516403198
7.761245	0.0767500028014183	7.767478	3.05775022506714
7.783807	0.0791250020265579	7.79004	3.06100010871887
7.80636	0.0788750052452087	7.812598	3.06475019454956
7.828919	0.0797500014305115	7.835152	3.06762504577637
7.851476	0.0800000056624413	7.857708	3.07012510299683
7.874032	0.0792500004172325	7.88027	3.0715000629425
7.896608	0.0818750038743019	7.902841	3.07237505912781
7.919155	0.0793750062584877	7.925392	3.07250022888184
7.941716	0.0806250050663948	7.947943	3.07350015640259
7.964263	0.0825000032782555	7.970503	3.0761251449585
7.986827	0.0813750028610229	7.993064	3.07800006866455
8.009388	0.0822500064969063	8.015621	3.08075022697449
8.031942	0.0818750038743019	8.038174	3.08200025558472
8.054509	0.0813750028610229	8.060742	3.08200025558472
8.077062	0.0800000056624413	8.083299	3.08187508583069
8.099638	0.0805000066757202	8.105866	3.08150005340576
8.122188	0.0816250070929527	8.128421	3.08275008201599
8.144741	0.0810000002384186	8.15098	3.08475017547607
8.167299	0.0818750038743019	8.173537	3.08650016784668
8.189848	0.0867500007152557	8.196081	3.08850026130676
8.212405	0.083125002682209	8.218637	3.08975005149841
8.234956	0.0837500020861626	8.241193	3.08937525749207
8.25756	0.0828750059008598	8.263799	3.08925008773804
8.280138	0.0816250070929527	8.286371	3.08937525749207
8.302687	0.0835000053048134	8.30892	3.09050011634827
8.325241	0.0838750004768372	8.331479	3.0926251411438
8.347797	0.086375005543232	8.35403	3.0943751335144
8.370354	0.0865000039339066	8.376587	3.09650015830994
8.39291	0.0876250043511391	8.399142	3.09775018692017
8.415485	0.0846250057220459	8.421723	3.09725022315979
8.438041	0.0842500030994415	8.444286	3.09862518310547
8.460623	0.0842500030994415	8.466856	3.09887504577637
8.483194	0.0850000008940697	8.489427	3.10062503814697
8.505748	0.085375003516674	8.511986	3.10325026512146
8.528306	0.0903750061988831	8.534538	3.10637521743774
8.550863	0.0865000039339066	8.557096	3.10837507247925
8.573419	0.0845000073313713	8.579652	3.10950016975403
8.595972	0.0851250067353249	8.602209	3.11075019836426
8.618529	0.085375003516674	8.624762	3.11187505722046
8.641087	0.0865000039339066	8.647319	3.11325025558472
8.663646	0.0860000029206276	8.669879	3.11625003814697
8.686199	0.0856250077486038	8.692436	3.11937522888184
8.708755	0.088625006377697	8.715001	3.12325024604797
8.731327	0.0875000059604645	8.737559	3.12525010108948
8.753885	0.0873750075697899	8.760124	3.12700009346008
8.776444	0.0870000049471855	8.782681	3.12800025939941
8.798999	0.0873750075697899	8.805232	3.12962508201599
8.821556	0.0876250043511391	8.827788	3.13187503814697
8.844134	0.0888750031590462	8.850372	3.13525009155273
8.866692	0.0877500027418137	8.872929	3.13837504386902
8.889309	0.0887500047683716	8.895547	3.14225006103516
8.911874	0.088125005364418	8.918108	3.14462518692017
8.934441	0.0883750021457672	8.940679	3.14650011062622
8.957	0.0885000005364418	8.963238	3.14775013923645
8.979558	0.089125007390976	8.98579	3.14950013160706
9.002115	0.089125007390976	9.008348	3.15212512016296
9.024668	0.0901250019669533	9.030902	3.15625023841858
9.047225	0.0901250019669533	9.053457	3.15950012207031
9.069778	0.0910000056028366	9.076017	3.16387510299683
9.092342	0.0901250019669533	9.098575	3.16675019264221
9.114896	0.0896250009536743	9.121129	3.16787505149841
9.13745	0.0897500067949295	9.143683	3.16925024986267
9.160049	0.0896250009536743	9.166282	3.17200016975403
9.182622	0.0902500078082085	9.188855	3.17550015449524
9.20519	0.0901250019669533	9.211427	3.1791250705719
9.227741	0.0921250060200691	9.233979	3.18362522125244
9.250304	0.0920000076293945	9.256554	3.18712520599365
9.272891	0.0910000056028366	9.279124	3.18925023078918
9.295447	0.090875007212162	9.301685	3.19087505340576
9.31801	0.0928750038146973	9.324243	3.19212508201599
9.340568	0.0907500013709068	9.346801	3.19500017166138
9.363129	0.0912500023841858	9.369362	3.19737505912781
9.38568	0.0926250070333481	9.391918	3.20237517356873
9.408236	0.0935000032186508	9.414469	3.20625019073486
9.430794	0.0928750038146973	9.437027	3.2095000743866
9.45335	0.0926250070333481	9.459583	3.21150016784668
9.475902	0.0912500023841858	9.482139	3.21300005912781
9.498458	0.0912500023841858	9.50471	3.21462512016296
9.521033	0.0915000066161156	9.527265	3.21662521362305
9.543602	0.0916250050067902	9.549835	3.21962523460388
9.566147	0.0932500064373016	9.57238	3.22325015068054
9.588699	0.0935000032186508	9.594931	3.2266252040863
9.611256	0.0930000022053719	9.617488	3.22912526130676
9.633806	0.0932500064373016	9.64004	3.23100018501282
9.656359	0.094250001013279	9.662597	3.23212504386902
9.678915	0.0910000056028366	9.685148	3.23287510871887
9.701472	0.0932500064373016	9.707705	3.23537516593933
9.724023	0.093125008046627	9.730261	3.23812508583069
9.746592	0.0930000022053719	9.752831	3.24125003814697
9.769151	0.0957500040531158	9.775389	3.24387526512146
9.791716	0.0948750078678131	9.797948	3.24562525749207
9.814267	0.0935000032186508	9.820504	3.24675011634827
9.836823	0.0937500074505806	9.84306	3.24687504768372
9.859379	0.0937500074505806	9.865607	3.24812507629395
9.881939	0.0952500030398369	9.888198	3.24987506866455
9.904525	0.0957500040531158	9.910759	3.25250005722046
9.927082	0.0951250046491623	9.933325	3.2552502155304
9.94966	0.0962500050663948	9.955894	3.25737524032593
9.972209	0.0941250026226044	9.978442	3.25875020027161
9.994762	0.0950000062584877	10.001	3.25925016403198
10.017319	0.0947500020265579	10.023552	3.2590000629425
10.039872	0.0956250056624413	10.046104	3.26000022888184
10.062429	0.0951250046491623	10.068661	3.26212525367737
10.084994	0.0957500040531158	10.091232	3.26412510871887
10.10755	0.0951250046491623	10.113783	3.26687526702881
10.130103	0.0975000038743019	10.136343	3.26875019073486
10.152674	0.0953750014305115	10.158907	3.26925015449524
10.175233	0.0958750024437904	10.181466	3.26875019073486
10.197787	0.0955000072717667	10.204024	3.26912522315979
10.220346	0.0966250076889992	10.226578	3.27000021934509
10.242899	0.0975000038743019	10.249131	3.2720000743866
10.265499	0.0935000032186508	10.271738	3.27412509918213
10.288059	0.0985000059008598	10.294297	3.27612519264221
10.310638	0.0976250022649765	10.316871	3.27737522125244
10.333191	0.0976250022649765	10.339424	3.27775025367737
10.355744	0.0971250012516975	10.361981	3.27737522125244
10.3783	0.0967500060796738	10.384533	3.27762508392334
10.400858	0.0976250022649765	10.40709	3.27875018119812
10.423415	0.0978750064969063	10.429648	3.2807502746582
10.445966	0.0963750034570694	10.452205	3.28337526321411
10.468523	0.0997500047087669	10.474756	3.28487515449524
10.491083	0.0976250022649765	10.497316	3.28575015068054
10.51364	0.0975000038743019	10.519873	3.28587508201599
10.536191	0.0986250042915344	10.542429	3.28600025177002
10.558749	0.0983750075101852	10.565001	3.28612518310547
10.581325	0.098750002682209	10.587557	3.28662514686584
10.603876	0.0983750075101852	10.610123	3.2891252040863
10.626442	0.0991250053048134	10.632679	3.29150009155273
10.648998	0.0996250063180923	10.655231	3.29300022125244
10.671555	0.0990000069141388	10.677788	3.29362511634827
10.694132	0.0980000048875809	10.700369	3.29375004768372
10.716679	0.0981250032782555	10.722913	3.29300022125244
10.739253	0.0986250042915344	10.745486	3.29375004768372
10.761815	0.0993750020861626	10.768047	3.2957501411438
10.784368	0.0985000059008598	10.790605	3.2975001335144
10.806924	0.100250005722046	10.813161	3.30025005340576
10.829481	0.104250006377697	10.835714	3.30162525177002
10.852037	0.0996250063180923	10.858269	3.30200004577637
10.874615	0.100000001490116	10.880847	3.30275011062622
10.897191	0.0995000079274178	10.903424	3.30275011062622
10.919763	0.0996250063180923	10.926001	3.303875207901
10.942329	0.0998750030994415	10.948561	3.30650019645691
10.964893	0.0998750030994415	10.97113	3.30925011634827
10.98745	0.102375008165836	10.993687	3.3113751411438
11.010007	0.101500004529953	11.01624	3.3131251335144
11.032566	0.10037500411272	11.038798	3.31387519836426
11.055123	0.101000003516674	11.06136	3.31350016593933
11.077696	0.0991250053048134	11.083933	3.31525015830994
11.100253	0.10062500834465	11.106485	3.31687521934509
11.122811	0.100500002503395	11.129044	3.31900024414062
11.145377	0.102125003933907	11.151614	3.32250022888184
11.167933	0.102250002324581	11.174166	3.32525014877319
11.19049	0.100750006735325	11.196723	3.32662510871887
11.213047	0.100500002503395	11.21928	3.32837510108948
11.235563	0.101375006139278	11.241801	3.32825016975403
11.258127	0.101125001907349	11.26436	3.32962512969971
11.280698	0.101375006139278	11.286931	3.33200025558472
11.303255	0.105750001966953	11.30949	3.33475017547607
11.325817	0.102375008165836	11.33205	3.33725023269653
11.348371	0.10537500679493	11.354621	3.34050011634827
11.370942	0.102250002324581	11.377175	3.34225010871887
11.39349	0.102500006556511	11.399739	3.3432502746582
11.416064	0.102000005543232	11.422297	3.34412527084351
11.438631	0.103500008583069	11.444864	3.34550023078918
11.461194	0.102250002324581	11.467427	3.34750008583069
11.483747	0.102500006556511	11.489979	3.35037517547607
11.506298	0.104125007987022	11.512536	3.35387516021729
11.528854	0.103750005364418	11.535091	3.35637521743774
11.551415	0.102250002324581	11.557648	3.35775017738342
11.573967	0.103375002741814	11.580225	3.35862517356873
11.596546	0.102250002324581	11.602784	3.35850024223328
11.619103	0.106375001370907	11.625336	3.36087512969971
11.641662	0.102875001728535	11.647894	3.36237525939941
11.664222	0.102625004947186	11.67046	3.36625027656555
11.68678	0.104750007390976	11.693018	3.36825013160706
11.709346	0.103750005364418	11.715579	3.37037515640259
11.731903	0.102500006556511	11.738136	3.37137508392334
11.754461	0.102625004947186	11.760699	3.37125015258789
11.777018	0.102625004947186	11.783256	3.37225008010864
11.79959	0.098750002682209	11.805823	3.37325024604797
11.822141	0.103500008583069	11.828373	3.37525010108948
11.844713	0.106750003993511	11.850951	3.37812519073486
11.86726	0.10537500679493	11.873498	3.38000011444092
11.889868	0.104625001549721	11.896103	3.38162517547607
11.912421	0.103500008583069	11.918648	3.38162517547607
11.934998	0.103875003755093	11.941236	3.3811252117157
11.957555	0.10300000756979	11.963788	3.38187527656555
11.980123	0.103875003755093	11.986356	3.3828752040863
12.00268	0.104125007987022	12.008913	3.38500022888184
12.025236	0.105625003576279	12.031474	3.38625025749207
12.047795	0.106000006198883	12.054027	3.38912510871887
12.070352	0.10537500679493	12.076584	3.38962507247925
12.092909	0.104500003159046	12.099141	3.38987517356873
12.115487	0.103375002741814	12.121724	3.38937520980835
12.138043	0.104125007987022	12.144276	3.38962507247925
12.160614	0.104625001549721	12.166846	3.39025020599365
12.183165	0.105000004172325	12.189398	3.39262509346008
12.205718	0.106625005602837	12.211955	3.39500021934509
12.228274	0.105750001966953	12.234509	3.39500021934509
12.250833	0.105000004172325	12.257085	3.39650011062622
12.273415	0.10537500679493	12.279648	3.39562511444092
12.295969	0.104625001549721	12.302206	3.39600014686584
12.318526	0.104500003159046	12.324759	3.39537525177002
12.341083	0.104625001549721	12.347317	3.39712524414062
12.363642	0.105125002563	12.369876	3.39950013160706
12.386189	0.107000008225441	12.392428	3.40137505531311
12.40875	0.106500007212162	12.415	3.40237522125244
12.431328	0.105250008404255	12.437562	3.40237522125244
12.453891	0.105625003576279	12.460124	3.40212512016296
12.476444	0.105500005185604	12.482677	3.40150022506714
12.498996	0.105625003576279	12.505234	3.40287518501282
12.521573	0.105000004172325	12.527806	3.40337514877319
12.544136	0.106000006198883	12.550369	3.40587520599365
12.566689	0.107000008225441	12.572926	3.40712523460388
12.589256	0.106750003993511	12.59549	3.40825009346008
12.611816	0.105750001966953	12.618048	3.40825009346008
12.634367	0.104625001549721	12.640605	3.40750026702881
12.656924	0.105250008404255	12.663161	3.40775012969971
12.679481	0.106125004589558	12.685714	3.40850019454956
12.702038	0.106500007212162	12.708271	3.40950012207031
12.724614	0.106500007212162	12.730852	3.41187524795532
12.747162	0.108250007033348	12.753401	3.4135000705719
12.769739	0.105500005185604	12.775971	3.4143750667572
12.792296	0.106000006198883	12.798528	3.41337513923645
12.814853	0.103375002741814	12.821086	3.41337513923645
12.837407	0.106375001370907	12.843639	3.41337513923645
12.859959	0.111000008881092	12.866192	3.41450023651123
12.882528	0.106250002980232	12.888787	3.41725015640259
12.905112	0.107750006020069	12.911358	3.41825008392334
12.927706	0.108125008642673	12.933939	3.41975021362305
12.950259	0.106125004589558	12.956491	3.4205002784729
12.972818	0.10537500679493	12.97905	3.41962504386902
12.995379	0.105750001966953	13.001616	3.41925024986267
13.017936	0.10725000500679	13.02417	3.41925024986267
13.040494	0.10725000500679	13.046727	3.4205002784729
13.063049	0.107125006616116	13.069282	3.42287516593933
13.0856	0.107750006020069	13.091838	3.42437505722046
13.108156	0.108000002801418	13.11439	3.42575025558472
13.130728	0.106375001370907	13.13696	3.42587518692017
13.153276	0.107625007629395	13.159509	3.42512512207031
13.175828	0.106875002384186	13.182066	3.42475008964539
13.198385	0.106750003993511	13.204617	3.42425012588501
13.220941	0.108500003814697	13.227173	3.42625021934509
13.243496	0.107500001788139	13.249748	3.42850017547607
13.266097	0.109375007450581	13.272336	3.4300000667572
13.288657	0.107375003397465	13.294893	3.43137526512146
13.311219	0.108000002801418	13.317452	3.43012523651123
13.33378	0.107000008225441	13.340034	3.43037509918213
13.356356	0.106750003993511	13.362593	3.42962527275085
13.378912	0.106875002384186	13.38514	3.43050026893616
13.401467	0.108125008642673	13.4077	3.43250012397766
13.424022	0.108125008642673	13.43026	3.43412518501282
13.446579	0.109750002622604	13.452816	3.43587517738342
13.469135	0.107750006020069	13.475377	3.43625020980835
13.491703	0.107500001788139	13.497936	3.4355001449585
13.514257	0.107125006616116	13.52049	3.43475008010864
13.536801	0.108125008642673	13.54304	3.4352502822876
13.559363	0.109750002622604	13.565595	3.43587517738342
13.581917	0.108875006437302	13.58815	3.43800020217896
13.604473	0.109250001609325	13.610705	3.43937516212463
13.627024	0.108875006437302	13.633256	3.44075012207031
13.649577	0.108750008046627	13.655809	3.44100022315979
13.672149	0.108375005424023	13.678381	3.44025015830994
13.69471	0.108625002205372	13.700948	3.43987512588501
13.71727	0.108125008642673	13.723507	3.43962526321411
13.739838	0.108250007033348	13.74607	3.44087505340576
13.762399	0.109250001609325	13.768632	3.44312524795532
13.784953	0.110250003635883	13.79119	3.4438750743866
13.807508	0.10987500846386	13.813745	3.44550013542175
13.830065	0.108625002205372	13.836298	3.44575023651123
13.852618	0.110750004649162	13.85885	3.44487524032593
13.875185	0.107750006020069	13.881418	3.44500017166138
13.897757	0.108125008642673	13.903992	3.4447500705719
13.920321	0.106000006198883	13.926553	3.44575023651123
13.942879	0.106750003993511	13.949111	3.44812512397766
13.96543	0.110250003635883	13.971668	3.44962525367737
13.987986	0.109250001609325	13.994222	3.45075011253357
14.010545	0.108625002205372	14.016777	3.45000004768372
14.0331	0.108375005424023	14.039352	3.44937515258789
14.055671	0.10962500423193	14.06191	3.44912505149841
14.078273	0.10962500423193	14.084514	3.44962525367737
14.100837	0.108500003814697	14.107076	3.45250010490417
14.123404	0.110125005245209	14.129637	3.45275020599365
14.145957	0.110500007867813	14.152194	3.45437526702881
14.168515	0.107500001788139	14.174749	3.45525026321411
14.191065	0.109250001609325	14.197297	3.45475006103516
14.21362	0.108125008642673	14.219853	3.45425009727478
14.236189	0.109250001609325	14.242427	3.45362520217896
14.258775	0.10962500423193	14.265014	3.45487523078918
14.281341	0.110000006854534	14.287573	3.45675015449524
14.303893	0.110875003039837	14.310125	3.45825004577637
14.326447	0.11175000667572	14.332684	3.45962524414062
14.348994	0.10962500423193	14.355245	3.460125207901
14.371576	0.110000006854534	14.377808	3.45962524414062
14.394131	0.112750008702278	14.400368	3.4592502117157
14.416699	0.108875006437302	14.422937	3.45937514305115
14.439263	0.110500007867813	14.445496	3.45987510681152
14.46182	0.109000004827976	14.468065	3.4621250629425
14.484397	0.111375004053116	14.490636	3.46412515640259
14.506962	0.110875003039837	14.5132	3.46487522125244
14.529521	0.110500007867813	14.535754	3.46425008773804
14.552079	0.110125005245209	14.558311	3.46437525749207
14.57463	0.109250001609325	14.580868	3.46350026130676
14.597191	0.109250001609325	14.603424	3.46437525749207
14.619745	0.110500007867813	14.625978	3.46562504768372
14.642301	0.110625006258488	14.648534	3.46750020980835
14.664853	0.111625008285046	14.671086	3.46900010108948
14.687408	0.110375002026558	14.693641	3.47025012969971
14.709954	0.110000006854534	14.716187	3.46912527084351
14.732506	0.110375002026558	14.738738	3.46912527084351
14.755071	0.110500007867813	14.761308	3.46900010108948
14.777628	0.111000008881092	14.783861	3.46925020217896
14.800183	0.110875003039837	14.806415	3.47075009346008
14.822739	0.113875009119511	14.828972	3.47237515449524
14.845292	0.113000005483627	14.85153	3.4740002155304
14.867849	0.110375002026558	14.874082	3.47462511062622
14.890433	0.110625006258488	14.896667	3.4740002155304
14.912991	0.111625008285046	14.919225	3.47387528419495
14.935591	0.114000007510185	14.941829	3.47337508201599
14.958149	0.111125007271767	14.964382	3.4740002155304
14.980709	0.111250005662441	14.986942	3.47550010681152
15.003266	0.112000003457069	15.009498	3.47725009918213
15.025818	0.112375006079674	15.032056	3.47825026512146
15.048374	0.113000005483627	15.054613	3.47912526130676
15.070937	0.11175000667572	15.077169	3.47862505912781
15.093493	0.114750005304813	15.099743	3.47787523269653
15.116063	0.110250003635883	15.122301	3.47787523269653
15.13862	0.110625006258488	15.144853	3.47875022888184
15.161178	0.111000008881092	15.16741	3.48000025749207
15.183744	0.112500004470348	15.189977	3.48262524604797
15.206295	0.111875005066395	15.212533	3.48275017738342
15.228849	0.111000008881092	15.23509	3.48250007629395
15.251414	0.111375004053116	15.257652	3.48200011253357
15.273979	0.110875003039837	15.280242	3.48050022125244
15.296566	0.112000003457069	15.302803	3.48137521743774
15.319137	0.114500008523464	15.325379	3.4823751449585
15.341703	0.112375006079674	15.347935	3.48450016975403
15.364255	0.113250002264977	15.370493	3.48487520217896
15.386803	0.112250007688999	15.393041	3.48600006103516
15.409363	0.111375004053116	15.415596	3.48525023460388
15.43192	0.111625008285046	15.438153	3.48512506484985
15.454472	0.111375004053116	15.460709	3.4838752746582
15.477031	0.111625008285046	15.483264	3.48437523841858
15.499598	0.112500004470348	15.505831	3.48637509346008
15.522155	0.115500003099442	15.528387	3.48725008964539
15.544721	0.113625004887581	15.550959	3.48862504959106
15.567279	0.113500006496906	15.573516	3.48925018310547
15.589836	0.110500007867813	15.596069	3.48850011825562
15.612393	0.112000003457069	15.618626	3.48787522315979
15.634947	0.11150000244379	15.641185	3.48750019073486
15.657503	0.111375004053116	15.663746	3.48762512207031
15.680065	0.112750008702278	15.686304	3.48862504959106
15.702625	0.112125001847744	15.708858	3.49012517929077
15.725179	0.113000005483627	15.731418	3.4916250705719
15.747741	0.11625000834465	15.753978	3.49175024032593
15.770307	0.109375007450581	15.776541	3.49100017547607
15.792868	0.11175000667572	15.7991	3.4896252155304
15.81542	0.111625008285046	15.821652	3.4896252155304
15.837972	0.113250002264977	15.844233	3.49037528038025
15.860573	0.112750008702278	15.8668	3.49125027656555
15.883139	0.110750004649162	15.889399	3.49262523651123
15.905725	0.113125003874302	15.911957	3.49400019645691
15.928281	0.113000005483627	15.934515	3.49400019645691
15.95084	0.112500004470348	15.957072	3.49275016784668
15.973397	0.11175000667572	15.979635	3.49212527275085
15.995953	0.112625002861023	16.002191	3.49150013923645
16.01851	0.112375006079674	16.024747	3.49262523651123
16.041086	0.112375006079674	16.047319	3.49387526512146
16.063642	0.113375008106232	16.069875	3.49500012397766
16.086195	0.113125003874302	16.092432	3.49575018882751
16.108751	0.113750003278255	16.115001	3.49612522125244
16.131325	0.112250007688999	16.137557	3.49487519264221
16.153875	0.112750008702278	16.160122	3.49412512779236
16.176441	0.112625002861023	16.182678	3.49375009536743
16.198997	0.112875007092953	16.205231	3.49487519264221
16.221568	0.112875007092953	16.2278	3.49600005149841
16.244135	0.114875003695488	16.250373	3.49762511253357
16.266715	0.113000005483627	16.272953	3.49825024604797
16.289274	0.112250007688999	16.295513	3.49712514877319
16.311838	0.112625002861023	16.31807	3.49600005149841
16.334391	0.113750003278255	16.340629	3.49625015258789
16.356953	0.112750008702278	16.363191	3.49562525749207
16.379511	0.112875007092953	16.385745	3.49762511253357
16.402082	0.113250002264977	16.408314	3.4988751411438
16.42463	0.113750003278255	16.430864	3.4995002746582
16.447185	0.113000005483627	16.453422	3.50000023841858
16.469746	0.113375008106232	16.475979	3.49925017356873
16.492303	0.112750008702278	16.498535	3.49725008010864
16.514856	0.113125003874302	16.521094	3.4977502822876
16.537413	0.113125003874302	16.543651	3.49825024604797
16.559969	0.113250002264977	16.566202	3.49937510490417
16.582526	0.114250004291534	16.588758	3.50112509727478
16.605091	0.114875003695488	16.611329	3.50212526321411
16.627648	0.11625000834465	16.63388	3.50150012969971
16.650226	0.112500004470348	16.656459	3.50100016593933
16.672782	0.111625008285046	16.679015	3.50012516975403
16.695334	0.112000003457069	16.701571	3.49987506866455
16.71789	0.112875007092953	16.724132	3.50087523460388
16.740456	0.113625004887581	16.746689	3.50175023078918
16.763015	0.114500008523464	16.769257	3.50375008583069
16.785582	0.11412500590086	16.791814	3.50412511825562
16.80814	0.11412500590086	16.814373	3.50375008583069
16.830694	0.114000007510185	16.836927	3.50325012207031
16.853252	0.112500004470348	16.859486	3.50237512588501
16.875807	0.113250002264977	16.882039	3.50212526321411
16.898384	0.113125003874302	16.904628	3.50275015830994
16.920954	0.113500006496906	16.927182	3.50450015068054
16.943499	0.115875005722046	16.949787	3.50587511062622
16.966125	0.114375002682209	16.972362	3.50650024414062
16.988681	0.112750008702278	16.994914	3.50587511062622
17.011238	0.114750005304813	17.01747	3.50375008583069
17.033788	0.113500006496906	17.040035	3.50412511825562
17.056355	0.11412500590086	17.062592	3.50462508201599
17.07891	0.113875009119511	17.085144	3.50562524795532
17.101467	0.114375002682209	17.107699	3.5072500705719
17.124026	0.115250006318092	17.130263	3.50825023651123
17.146585	0.114750005304813	17.152822	3.50825023651123
17.16914	0.114500008523464	17.175378	3.5078752040863
17.191703	0.11412500590086	17.197935	3.50662517547607
17.214254	0.112375006079674	17.220492	3.50650024414062
17.236811	0.11412500590086	17.243048	3.50675010681152
17.259391	0.114625006914139	17.265625	3.5078752040863
17.28195	0.114375002682209	17.288182	3.50962519645691
17.304513	0.114750005304813	17.31075	3.51075005531311
17.327085	0.116500005125999	17.333322	3.51075005531311
17.349642	0.114875003695488	17.355876	3.51000022888184
17.372199	0.114000007510185	17.378431	3.50875020027161
17.39475	0.114250004291534	17.400987	3.5090000629425
17.417307	0.113500006496906	17.423544	3.50937509536743
17.439864	0.114625006914139	17.446096	3.51050019264221
17.462419	0.115625008940697	17.468646	3.51225018501282
17.485005	0.115875005722046	17.491237	3.51325011253357
17.507571	0.114625006914139	17.513803	3.51325011253357
17.530123	0.115875005722046	17.536356	3.51162505149841
17.552678	0.113500006496906	17.558911	3.51162505149841
17.575231	0.113875009119511	17.581469	3.51150012016296
17.597789	0.115375004708767	17.604024	3.51225018501282
17.620346	0.115125007927418	17.62658	3.5145001411438
17.642903	0.115875005722046	17.649135	3.5151252746582
17.665477	0.114875003695488	17.671714	3.51575016975403
17.688035	0.114750005304813	17.694268	3.51550006866455
17.710592	0.113875009119511	17.716824	3.51412510871887
17.733155	0.11412500590086	17.739388	3.51400017738342
17.755712	0.113375008106232	17.76195	3.51400017738342
17.77827	0.115875005722046	17.78451	3.5151252746582
17.800833	0.114750005304813	17.807066	3.51700019836426
17.82339	0.11625000834465	17.829633	3.51787519454956
17.845957	0.117000006139278	17.85219	3.51850008964539
17.8685	0.115125007927418	17.874734	3.51812505722046
17.891074	0.114750005304813	17.897302	3.51687526702881
17.913621	0.115750007331371	17.919856	3.51675009727478
17.936179	0.114375002682209	17.942412	3.51687526702881
17.958724	0.115000002086163	17.964957	3.51825022697449
17.981273	0.116500005125999	17.987505	3.51975011825562
18.003846	0.116500005125999	18.01008	3.5208752155304
18.026397	0.114250004291534	18.03263	3.5208752155304
18.04895	0.114250004291534	18.055183	3.52025008201599
18.071506	0.114375002682209	18.077739	3.51900005340576
18.094058	0.116500005125999	18.100296	3.51912522315979
18.116615	0.114375002682209	18.122852	3.51987504959106
18.13917	0.113375008106232	18.145402	3.52075028419495
18.161725	0.11600000411272	18.167957	3.52275013923645
18.184278	0.120625004172325	18.190515	3.52362513542175
18.206834	0.117375008761883	18.213067	3.5235002040863
18.229387	0.114875003695488	18.235621	3.52225017547607
18.251943	0.114250004291534	18.258185	3.52187514305115
18.274529	0.114625006914139	18.280767	3.5220000743866
18.297088	0.115375004708767	18.303325	3.52275013923645
18.319645	0.115125007927418	18.325878	3.52437520027161
18.342203	0.11625000834465	18.34843	3.52575016021729
18.364754	0.115375004708767	18.370992	3.52687525749207
18.387326	0.115125007927418	18.393563	3.52575016021729
18.409883	0.115625008940697	18.416116	3.52487516403198
18.432442	0.114500008523464	18.438674	3.5246250629425
18.455	0.11412500590086	18.461237	3.52450013160706
18.477557	0.114875003695488	18.483789	3.52550005912781
18.500123	0.115000002086163	18.506351	3.52725005149841
18.522676	0.115750007331371	18.528909	3.52850008010864
18.545227	0.115875005722046	18.551464	3.52812528610229
18.567783	0.115125007927418	18.574023	3.52875018119812
18.590346	0.115500003099442	18.596579	3.52725005149841
18.612902	0.11412500590086	18.619129	3.52712512016296
18.635449	0.115625008940697	18.641687	3.52712512016296
18.658006	0.115500003099442	18.664239	3.52850008010864
18.680565	0.114750005304813	18.686798	3.53025007247925
18.703122	0.116500005125999	18.709354	3.53150010108948
18.725673	0.116875007748604	18.73191	3.5310001373291
18.748229	0.115375004708767	18.754467	3.53137516975403
18.770794	0.112750008702278	18.777028	3.5301251411438
18.793352	0.115625008940697	18.799585	3.52962517738342
18.815905	0.11625000834465	18.822142	3.53025007247925
18.838462	0.115250006318092	18.84471	3.53112506866455
18.861035	0.116875007748604	18.867267	3.53262519836426
18.88361	0.116750001907349	18.889881	3.53425025939941
18.906205	0.115625008940697	18.912443	3.53400015830994
18.928768	0.115375004708767	18.935003	3.53275012969971
18.951326	0.115125007927418	18.957559	3.53237509727478
18.973879	0.114750005304813	18.980123	3.5318751335144
18.996444	0.115125007927418	19.002682	3.53262519836426
19.019005	0.114500008523464	19.025238	3.53437519073486
19.041558	0.117250002920628	19.047791	3.53575015068054
19.064125	0.11600000411272	19.070358	3.5365002155304
19.086679	0.115250006318092	19.092917	3.5365002155304
19.109263	0.115125007927418	19.115496	3.53487515449524
19.131816	0.115000002086163	19.138048	3.53450012207031
19.154369	0.114625006914139	19.160606	3.53462505340576
19.176925	0.116750001907349	19.183163	3.53537511825562
19.199481	0.115375004708767	19.205714	3.53725028038025
19.222037	0.116750001907349	19.22827	3.5385000705719
19.244619	0.116500005125999	19.250857	3.53887510299683
19.267205	0.11412500590086	19.273444	3.53837513923645
19.289771	0.114875003695488	19.296004	3.53800010681152
19.312344	0.115250006318092	19.318577	3.5365002155304
19.334897	0.115375004708767	19.341135	3.53700017929077
19.357458	0.115625008940697	19.363696	3.53800010681152
19.380035	0.116625003516674	19.386268	3.53975009918213
19.402592	0.117250002920628	19.408825	3.54075026512146
19.425144	0.115875005722046	19.431381	3.54100012779236
19.4477	0.115250006318092	19.453933	3.5402500629425
19.470258	0.113375008106232	19.47649	3.5393750667572
19.49281	0.114875003695488	19.499042	3.5391252040863
19.515378	0.115375004708767	19.521616	3.53925013542175
19.537948	0.120000004768372	19.544181	3.54100012779236
19.560511	0.116125002503395	19.566744	3.54200005531311
19.583069	0.116875007748604	19.589302	3.54275012016296
19.605621	0.115250006318092	19.611858	3.54300022125244
19.628169	0.115500003099442	19.634438	3.54187512397766
19.650763	0.115625008940697	19.656997	3.54125022888184
19.673321	0.115250006318092	19.679554	3.54050016403198
19.695874	0.11600000411272	19.702112	3.54112505912781
19.718444	0.115500003099442	19.724677	3.54312515258789
19.740992	0.117250002920628	19.747225	3.54387521743774
19.763554	0.116625003516674	19.769787	3.54525017738342
19.786107	0.115625008940697	19.792345	3.5448751449585
19.808666	0.115375004708767	19.814899	3.54362511634827
19.831224	0.115250006318092	19.837457	3.54287505149841
19.853775	0.11600000411272	19.860008	3.54225015640259
19.876329	0.115250006318092	19.882561	3.54325008392334
19.898905	0.115625008940697	19.905139	3.5446252822876
19.921478	0.116750001907349	19.927714	3.5457501411438
19.944034	0.118875004351139	19.950273	3.5466251373291
19.966596	0.114625006914139	19.972833	3.5463752746582
19.989152	0.115375004708767	19.995384	3.5446252822876
20.011708	0.118000008165836	20.017941	3.54400014877319
20.03426	0.115750007331371	20.040498	3.54412508010864
20.056816	0.117000006139278	20.063052	3.54537510871887
20.079371	0.115625008940697	20.085603	3.54625010490417
20.101927	0.116750001907349	20.108161	3.54775023460388
20.124482	0.115875005722046	20.130715	3.54787516593933
20.147039	0.116625003516674	20.153271	3.54762506484985
20.16959	0.116375006735325	20.175823	3.54600024223328
20.192144	0.115625008940697	20.198377	3.5455002784729
20.214707	0.116500005125999	20.220939	3.5455002784729
20.237257	0.116375006735325	20.24349	3.54725027084351
20.259853	0.117500007152557	20.266092	3.54825019836426
20.282435	0.116750001907349	20.288667	3.54875016212463
20.304998	0.11625000834465	20.311235	3.54925012588501
20.327557	0.116625003516674	20.33379	3.54825019836426
20.350123	0.116750001907349	20.356355	3.54712510108948
20.372678	0.11600000411272	20.378911	3.54687523841858
20.395231	0.11600000411272	20.401468	3.54737520217896
20.417787	0.116625003516674	20.424017	3.54837512969971
20.440342	0.117375008761883	20.446574	3.54987525939941
20.462902	0.117250002920628	20.469134	3.55062508583069
20.485486	0.115250006318092	20.491723	3.55062508583069
20.508044	0.11625000834465	20.514277	3.54875016212463
20.530601	0.116750001907349	20.536833	3.54837512969971
20.553152	0.115625008940697	20.559385	3.54737520217896
20.575704	0.11837500333786	20.581941	3.54812526702881
20.598264	0.116375006735325	20.604512	3.54962515830994
20.620836	0.118000008165836	20.627069	3.55037522315979
20.643406	0.117250002920628	20.649639	3.55187511444092
20.66595	0.115875005722046	20.672188	3.55012512207031
20.688509	0.115625008940697	20.694741	3.55050015449524
20.711065	0.115125007927418	20.717297	3.54875016212463
20.733622	0.115875005722046	20.739855	3.54900026321411
20.75618	0.116375006735325	20.762418	3.54950022697449
20.778738	0.11625000834465	20.784994	3.55112504959106
20.801317	0.117375008761883	20.80755	3.55225014686584
20.823872	0.118875004351139	20.830128	3.55262517929077
20.846448	0.11600000411272	20.85268	3.55175018310547
20.868999	0.113375008106232	20.875232	3.55075025558472
20.891581	0.115375004708767	20.897809	3.54962515830994
20.914167	0.11625000834465	20.920407	3.54962515830994
20.936729	0.117000006139278	20.942966	3.55125021934509
20.959286	0.117375008761883	20.965519	3.55225014686584
20.981843	0.117500007152557	20.988075	3.55362510681152
21.004426	0.116375006735325	21.010664	3.55375027656555
21.026983	0.11600000411272	21.03322	3.55250024795532
21.04955	0.115875005722046	21.055783	3.55187511444092
21.072106	0.115375004708767	21.078339	3.55062508583069
21.094658	0.115750007331371	21.100896	3.55087518692017
21.117213	0.116750001907349	21.123451	3.55225014686584
21.139768	0.117500007152557	21.146	3.55350017547607
21.162323	0.115875005722046	21.168555	3.5547502040863
21.184894	0.118125006556511	21.191128	3.553875207901
21.207448	0.116500005125999	21.213681	3.5532500743866
21.230001	0.115500003099442	21.236234	3.55200028419495
21.252554	0.115500003099442	21.258793	3.55150008201599
21.275118	0.115625008940697	21.281351	3.55237507820129
21.297674	0.117000006139278	21.303907	3.55337524414062
21.320233	0.117000006139278	21.326465	3.55487513542175
21.342789	0.117125004529953	21.349027	3.55550026893616
21.365379	0.115625008940697	21.371617	3.5541250705719
21.387927	0.115750007331371	21.394166	3.55362510681152
21.410492	0.11600000411272	21.416724	3.55200028419495
21.433048	0.117125004529953	21.439281	3.5521252155304
21.455599	0.116500005125999	21.461837	3.55375027656555
21.478156	0.117125004529953	21.484388	3.55487513542175
21.500712	0.118125006556511	21.506944	3.5558750629425
21.523269	0.117500007152557	21.529507	3.55650019645691
21.545841	0.116625003516674	21.552073	3.5550000667572
21.568392	0.11600000411272	21.574625	3.55462527275085
21.590949	0.114875003695488	21.597182	3.55337524414062
21.613505	0.116125002503395	21.619748	3.5532500743866
21.63607	0.116875007748604	21.642308	3.5547502040863
21.658629	0.116125002503395	21.664861	3.5558750629425
21.681185	0.121625006198883	21.687417	3.55687522888184
21.703741	0.116375006735325	21.709969	3.55712509155273
21.726293	0.115875005722046	21.732531	3.55625009536743
21.748851	0.11625000834465	21.755096	3.5550000667572
21.771424	0.11600000411272	21.777656	3.5541250705719
21.793975	0.116875007748604	21.800228	3.5547502040863
21.816548	0.115375004708767	21.822785	3.55575013160706
21.839104	0.117375008761883	21.845336	3.55687522888184
21.86166	0.11837500333786	21.867888	3.55775022506714
21.884254	0.116875007748604	21.890497	3.55737519264221
21.906819	0.116750001907349	21.913052	3.55700016021729
21.929392	0.115750007331371	21.935625	3.55550026893616
21.951945	0.116500005125999	21.95818	3.5550000667572
21.974516	0.116875007748604	21.980753	3.5558750629425
21.997073	0.116625003516674	22.00331	3.55662512779236
22.019637	0.118250004947186	22.025869	3.55775022506714
22.042193	0.117500007152557	22.048425	3.55837512016296
22.064744	0.116500005125999	22.070981	3.55825018882751
22.087299	0.117625005543232	22.093537	3.55750012397766
22.109859	0.11600000411272	22.116092	3.5558750629425
22.132427	0.116875007748604	22.138659	3.55612516403198
22.154992	0.117250002920628	22.16123	3.55637526512146
22.177548	0.117500007152557	22.183781	3.55762505531311
22.200101	0.11837500333786	22.206333	3.55875015258789
22.222656	0.119375005364418	22.22889	3.55962514877319
22.245209	0.120875008404255	22.251446	3.55887508392334
22.267795	0.117500007152557	22.274033	3.55812525749207
22.290358	0.116375006735325	22.296591	3.55662512779236
22.312913	0.117000006139278	22.31914	3.55650019645691
22.335504	0.116625003516674	22.341737	3.55725026130676
22.35806	0.117250002920628	22.364294	3.55875015258789
22.380614	0.117750003933907	22.386847	3.56000018119812
22.403167	0.117375008761883	22.409395	3.5602502822876
22.425715	0.117625005543232	22.431954	3.55937528610229
22.448293	0.117000006139278	22.454526	3.55775022506714
22.470845	0.11600000411272	22.477078	3.55700016021729
22.493404	0.116750001907349	22.499637	3.55800008773804
22.515959	0.116625003516674	22.522197	3.55850005149841
22.538519	0.117250002920628	22.544752	3.56000018119812
22.561077	0.118000008165836	22.56731	3.5611252784729
22.583634	0.117125004529953	22.589867	3.5611252784729
22.606187	0.118000008165836	22.612425	3.55975008010864
22.628758	0.116750001907349	22.635001	3.55862522125244
22.651317	0.115875005722046	22.65755	3.55787515640259
22.673871	0.117000006139278	22.680124	3.55837512016296
22.696444	0.117250002920628	22.702676	3.55962514877319
22.718996	0.117750003933907	22.725229	3.56125020980835
22.741552	0.119000002741814	22.747779	3.56150007247925
22.764134	0.116750001907349	22.770371	3.56075024604797
22.786691	0.11862500756979	22.792929	3.56012511253357
22.809262	0.116500005125999	22.815495	3.55875015258789
22.831818	0.116625003516674	22.838051	3.55875015258789
22.854372	0.117250002920628	22.860604	3.55912518501282
22.876925	0.117625005543232	22.88318	3.56062507629395
22.899524	0.118000008165836	22.905757	3.56212520599365
22.92209	0.117875002324581	22.928323	3.5622501373291
22.944643	0.11625000834465	22.950881	3.56162524223328
22.9672	0.117750003933907	22.973438	3.56012511253357
22.989762	0.116750001907349	22.995995	3.55962514877319
23.01232	0.116375006735325	23.018553	3.55900025367737
23.034897	0.118750005960464	23.041134	3.5605001449585
23.057453	0.117375008761883	23.06369	3.5611252784729
23.080009	0.118750005960464	23.086242	3.56287527084351
23.102565	0.117625005543232	23.108799	3.5631251335144
23.125116	0.117250002920628	23.131354	3.56237506866455
23.147672	0.116500005125999	23.153904	3.56087517738342
23.170231	0.116625003516674	23.176463	3.56037521362305
23.192787	0.117500007152557	23.199019	3.5602502822876
23.21534	0.116875007748604	23.221578	3.5611252784729
23.237897	0.118000008165836	23.244132	3.56250023841858
23.260498	0.119000002741814	23.266738	3.56362509727478
23.283067	0.117375008761883	23.2893	3.5631251335144
23.305621	0.117125004529953	23.311858	3.56262516975403
23.328177	0.117250002920628	23.334421	3.56100010871887
23.350746	0.11625000834465	23.356979	3.56075024604797
23.373301	0.117750003933907	23.37955	3.56075024604797
23.395871	0.118125006556511	23.402104	3.5620002746582
23.418423	0.117750003933907	23.424658	3.56350016593933
23.44098	0.119000002741814	23.447212	3.56450009346008
23.463532	0.117250002920628	23.469764	3.56412506103516
23.486084	0.120750002563	23.492322	3.56300020217896
23.508656	0.116625003516674	23.514892	3.56162524223328
23.531217	0.116750001907349	23.53745	3.5613751411438
23.553771	0.117250002920628	23.560004	3.5620002746582
23.576323	0.117000006139278	23.582559	3.56262516975403
23.598878	0.119250006973743	23.605111	3.56462526321411
23.621436	0.118750005960464	23.627668	3.56475019454956
23.643986	0.117625005543232	23.650224	3.56462526321411
23.666543	0.117875002324581	23.67278	3.56325006484985
23.689101	0.115625008940697	23.695334	3.56237506866455
23.711654	0.116625003516674	23.717887	3.5620002746582
23.73422	0.117375008761883	23.740458	3.56237506866455
23.756782	0.118000008165836	23.76302	3.56487512588501
23.779351	0.118875004351139	23.785579	3.56487512588501
23.801906	0.11837500333786	23.808138	3.56550025939941
23.824458	0.117000006139278	23.830695	3.56512522697449
23.847014	0.117375008761883	23.853251	3.56362509727478
23.869561	0.115375004708767	23.8758	3.56262516975403
23.892156	0.117250002920628	23.898385	3.56250023841858
23.914714	0.117375008761883	23.920952	3.56325006484985
23.937272	0.116500005125999	23.94351	3.56437516212463
23.959837	0.118500009179115	23.966069	3.56575012207031
23.982394	0.117250002920628	23.988627	3.56587505340576
24.004945	0.116875007748604	24.011183	3.56550025939941
24.027501	0.117750003933907	24.033743	3.56387519836426
24.050061	0.116625003516674	24.056293	3.5631251335144
24.072633	0.116750001907349	24.078865	3.56362509727478
24.095184	0.117625005543232	24.101423	3.56425023078918
24.11775	0.118125006556511	24.123983	3.56600022315979
24.140307	0.11862500756979	24.146539	3.56662511825562
24.162863	0.117375008761883	24.169095	3.56650018692017
24.185414	0.117875002324581	24.191651	3.56575012207031
24.20797	0.115125007927418	24.214222	3.56400012969971
24.230546	0.117250002920628	24.236778	3.56350016593933
24.253102	0.117375008761883	24.259354	3.56400012969971
24.275676	0.117875002324581	24.281913	3.56525015830994
24.298235	0.120625004172325	24.304467	3.56687521934509
24.320793	0.11862500756979	24.327025	3.56750011444092
24.343352	0.117125004529953	24.349584	3.56700015068054
24.365903	0.117000006139278	24.37214	3.56525015830994
24.388459	0.116875007748604	24.39471	3.56462526321411
24.411035	0.117125004529953	24.417269	3.56387519836426
24.433595	0.116875007748604	24.439833	3.56450009346008
24.456156	0.118000008165836	24.462388	3.56675028800964
24.478708	0.119000002741814	24.48494	3.56712508201599
24.501262	0.118125006556511	24.507494	3.5677502155304
24.523815	0.11837500333786	24.530048	3.56712508201599
24.546368	0.117750003933907	24.5526	3.56562519073486
24.56892	0.118125006556511	24.575153	3.56500005722046
24.591488	0.117625005543232	24.597721	3.56475019454956
24.614041	0.118125006556511	24.620279	3.56537508964539
24.636601	0.120500005781651	24.642839	3.56737518310547
24.659159	0.119125008583069	24.665391	3.56800007820129
24.681716	0.118875004351139	24.687949	3.5686252117157
24.704268	0.118250004947186	24.710506	3.56762528419495
24.726825	0.117500007152557	24.733062	3.56562519073486
24.749372	0.118875004351139	24.755611	3.56537508964539
24.771938	0.118125006556511	24.778171	3.56537508964539
24.794511	0.115375004708767	24.800748	3.56650018692017
24.817068	0.119125008583069	24.823305	3.5677502155304
24.839639	0.119875006377697	24.845872	3.56875014305115
24.862196	0.118125006556511	24.868428	3.56850028038025
24.884773	0.118250004947186	24.89101	3.56737518310547
24.907326	0.116875007748604	24.913564	3.56662511825562
24.929891	0.117125004529953	24.936124	3.56600022315979
24.952448	0.118500009179115	24.95868	3.56612515449524
24.975006	0.117750003933907	24.981243	3.56800007820129
24.997571	0.121125005185604	25.003804	3.56850028038025
25.020128	0.119375005364418	25.026361	3.569500207901
25.042686	0.118250004947186	25.048918	3.56912517547607
25.065237	0.117875002324581	25.071474	3.56762528419495
25.087794	0.117125004529953	25.094027	3.56687521934509
25.110351	0.116750001907349	25.116583	3.56650018692017
25.132905	0.118125006556511	25.139138	3.56700015068054
25.155484	0.117875002324581	25.161721	3.56812524795532
25.178055	0.119625002145767	25.184288	3.56900024414062
25.200612	0.11862500756979	25.206844	3.56925010681152
25.223168	0.118125006556511	25.229401	3.56937527656555
25.245718	0.117875002324581	25.251956	3.56825017929077
25.268305	0.117750003933907	25.274538	3.56737518310547
25.290864	0.117125004529953	25.297096	3.56687521934509
25.31342	0.116750001907349	25.319653	3.5677502155304
25.335977	0.117375008761883	25.342214	3.56912517547607
25.358534	0.119000002741814	25.364767	3.57025027275085
25.381093	0.117375008761883	25.387325	3.57000017166138
25.403649	0.117125004529953	25.409883	3.57012510299683
25.426201	0.117375008761883	25.432438	3.56812524795532
25.448758	0.117875002324581	25.455	3.56712508201599
25.471324	0.117875002324581	25.477556	3.56800007820129
25.493876	0.117500007152557	25.500122	3.56825017929077
25.516441	0.118000008165836	25.522679	3.57000017166138
25.539001	0.119375005364418	25.545234	3.57075023651123
25.561555	0.117125004529953	25.567788	3.57075023651123
25.584125	0.117375008761883	25.590363	3.569500207901
25.606688	0.116125002503395	25.612921	3.56875014305115
25.629257	0.11837500333786	25.63549	3.5677502155304
25.65181	0.118250004947186	25.658042	3.56850028038025
25.674362	0.117000006139278	25.6806	3.569500207901
25.696925	0.119875006377697	25.703162	3.57075023651123
25.719496	0.119000002741814	25.725729	3.57087516784668
25.742048	0.117875002324581	25.748281	3.5715000629425
25.764615	0.11837500333786	25.770852	3.56912517547607
25.787162	0.116875007748604	25.7934	3.56875014305115
25.809741	0.117250002920628	25.815973	3.56800007820129
25.832297	0.118500009179115	25.838529	3.56912517547607
25.854848	0.117625005543232	25.861086	3.5703752040863
25.87741	0.118875004351139	25.883643	3.57137513160706
25.899996	0.11862500756979	25.906229	3.57200026512146
25.922553	0.117625005543232	25.928786	3.57137513160706
25.945112	0.117250002920628	25.951349	3.5697500705719
25.967669	0.117250002920628	25.973902	3.56925010681152
25.990228	0.118000008165836	25.99646	3.56900024414062
26.012784	0.117750003933907	26.019017	3.569500207901
26.035336	0.117500007152557	26.041573	3.57100009918213
26.057892	0.119250006973743	26.064132	3.57187509536743
26.080462	0.121125005185604	26.086694	3.57225012779236
26.103019	0.11837500333786	26.109281	3.57212519645691
26.125601	0.117750003933907	26.131839	3.57075023651123
26.148159	0.116375006735325	26.154392	3.57012510299683
26.170716	0.116875007748604	26.176948	3.56937527656555
26.193272	0.117625005543232	26.199505	3.57075023651123
26.215823	0.122000008821487	26.22206	3.57137513160706
26.238379	0.120250009000301	26.244612	3.57287526130676
26.260955	0.117875002324581	26.267188	3.57250022888184
26.283519	0.118000008165836	26.289752	3.57175016403198
26.306072	0.117875002324581	26.312309	3.5706250667572
26.328629	0.117500007152557	26.334862	3.56987524032593
26.351186	0.117750003933907	26.357418	3.56987524032593
26.373747	0.117875002324581	26.37998	3.57162523269653
26.3963	0.11837500333786	26.402537	3.57250022888184
26.418856	0.119250006973743	26.425091	3.57375025749207
26.441415	0.117625005543232	26.447647	3.57375025749207
26.463966	0.117625005543232	26.470198	3.57200026512146
26.486533	0.117500007152557	26.49277	3.57100009918213
26.509079	0.117500007152557	26.515312	3.5706250667572
26.531637	0.117500007152557	26.537869	3.57050013542175
26.554188	0.117625005543232	26.560427	3.57225012779236
26.576746	0.119625002145767	26.582984	3.57300019264221
26.599303	0.118750005960464	26.605535	3.57437515258789
26.621859	0.117750003933907	26.628091	3.57350015640259
26.644422	0.118250004947186	26.650655	3.57200026512146
26.666966	0.116750001907349	26.673198	3.57137513160706
26.689521	0.117125004529953	26.695754	3.57050013542175
26.712078	0.118750005960464	26.718313	3.57125020027161
26.734635	0.118875004351139	26.740868	3.57325005531311
26.757184	0.119500003755093	26.763416	3.57387518882751
26.779747	0.11862500756979	26.78598	3.57425022125244
26.802318	0.117875002324581	26.808551	3.57337522506714
26.824865	0.118500009179115	26.831099	3.57237505912781
26.847424	0.117750003933907	26.853662	3.57125020027161
26.86998	0.11837500333786	26.876212	3.57162523269653
26.892558	0.117500007152557	26.898791	3.57337522506714
26.915127	0.118000008165836	26.921366	3.57362508773804
26.937689	0.119625002145767	26.943941	3.57475018501282
26.960265	0.117625005543232	26.966496	3.57462525367737
26.98282	0.115875005722046	26.989053	3.57362508773804
27.005387	0.118250004947186	27.011625	3.57300019264221
27.027945	0.117750003933907	27.034178	3.57175016403198
27.050505	0.117875002324581	27.056737	3.57200026512146
27.073061	0.117875002324581	27.079294	3.57312512397766
27.095612	0.116125002503395	27.10185	3.57450008392334
27.118169	0.119875006377697	27.124421	3.57512521743774
27.140746	0.119250006973743	27.146978	3.57537508010864
27.163303	0.118500009179115	27.169552	3.57375025749207
27.185871	0.117375008761883	27.192108	3.57287526130676
27.208441	0.116500005125999	27.214674	3.57312512397766
27.230989	0.118000008165836	27.237222	3.57262516021729
27.253558	0.117125004529953	27.259804	3.57387518882751
27.276129	0.117625005543232	27.282366	3.57512521743774
27.298686	0.122000008821487	27.304919	3.57537508010864
27.321243	0.118250004947186	27.327476	3.57537508010864
27.343795	0.116875007748604	27.350034	3.57425022125244
27.366352	0.117625005543232	27.37259	3.57350015640259
27.388913	0.117750003933907	27.395146	3.57262516021729
27.411485	0.117750003933907	27.417718	3.57337522506714
27.434037	0.117375008761883	27.440274	3.57462525367737
27.456595	0.118750005960464	27.462832	3.57562518119812
27.479151	0.119500003755093	27.485383	3.57625007629395
27.501708	0.118000008165836	27.50794	3.57562518119812
27.52426	0.121750004589558	27.530497	3.57475018501282
27.546816	0.117625005543232	27.553053	3.57275009155273
27.569373	0.117875002324581	27.575606	3.57337522506714
27.591931	0.117125004529953	27.598163	3.57387518882751
27.61451	0.115625008940697	27.620748	3.57475018501282
27.637068	0.119125008583069	27.643305	3.57650017738342
27.659638	0.118500009179115	27.665871	3.5770001411438
27.682194	0.117500007152557	27.688426	3.57575011253357
27.704746	0.117375008761883	27.710984	3.57487511634827
27.727303	0.118000008165836	27.73354	3.57312512397766
27.749859	0.116750001907349	27.756097	3.57325005531311
27.772421	0.117750003933907	27.778654	3.57462525367737
27.794996	0.117500007152557	27.801229	3.57575011253357
27.81755	0.119625002145767	27.823782	3.5770001411438
27.840128	0.114250004291534	27.84636	3.5767502784729
27.862684	0.118500009179115	27.868912	3.57562518119812
27.885234	0.117750003933907	27.89149	3.57462525367737
27.907831	0.117125004529953	27.914065	3.57412505149841
27.930378	0.118125006556511	27.936606	3.57387518882751
27.952936	0.117750003933907	27.959169	3.57525014877319
27.975493	0.119250006973743	27.981732	3.57600021362305
27.998055	0.12100000679493	28.004288	3.57750010490417
28.020612	0.118125006556511	28.026844	3.57712507247925
28.043168	0.118750005960464	28.0494	3.57625007629395
28.065721	0.116875007748604	28.071959	3.57450008392334
28.088278	0.115375004708767	28.09451	3.57450008392334
28.110834	0.117250002920628	28.117066	3.57487511634827
28.133393	0.117625005543232	28.139635	3.57562518119812
28.155954	0.118500009179115	28.162191	3.57712507247925
28.178511	0.11837500333786	28.184744	3.57725024223328
28.201068	0.11837500333786	28.207301	3.5770001411438
28.223626	0.118250004947186	28.229859	3.57575011253357
28.246179	0.117250002920628	28.252417	3.57487511634827
28.268765	0.118250004947186	28.275008	3.57450008392334
28.291334	0.119000002741814	28.297567	3.57512521743774
28.313891	0.119250006973743	28.320123	3.57650017738342
28.336443	0.119625002145767	28.34268	3.57850027084351
28.359002	0.123500004410744	28.365236	3.5778751373291
28.381561	0.11837500333786	28.387793	3.5770001411438
28.404131	0.11862500756979	28.410368	3.57625007629395
28.426688	0.117625005543232	28.432925	3.57487511634827
28.449259	0.118875004351139	28.455492	3.57487511634827
28.471815	0.117875002324581	28.478047	3.57575011253357
28.494366	0.118250004947186	28.500603	3.57687520980835
28.516924	0.119500003755093	28.523161	3.57825016975403
28.539481	0.117625005543232	28.545714	3.57837510108948
28.562039	0.118500009179115	28.568271	3.57712507247925
28.58462	0.117500007152557	28.590858	3.57625007629395
28.607177	0.117875002324581	28.613414	3.57500028610229
28.629744	0.121875002980232	28.635977	3.57537508010864
28.652301	0.118000008165836	28.658533	3.57625007629395
28.674851	0.118250004947186	28.681088	3.57837510108948
28.697406	0.118875004351139	28.703644	3.57850027084351
28.719977	0.117500007152557	28.726209	3.57850027084351
28.742524	0.117625005543232	28.748751	3.57737517356873
28.765092	0.117625005543232	28.77133	3.57562518119812
28.787647	0.117125004529953	28.79388	3.57525014877319
28.810199	0.120375007390976	28.816431	3.57637524604797
28.832754	0.118000008165836	28.838986	3.5770001411438
28.855304	0.119375005364418	28.861542	3.57862520217896
28.87786	0.119250006973743	28.884111	3.57900023460388
28.900437	0.120625004172325	28.906665	3.5778751373291
28.922995	0.11837500333786	28.929269	3.57775020599365
28.945593	0.117000006139278	28.951825	3.57600021362305
28.968149	0.117750003933907	28.974382	3.57600021362305
28.990699	0.121250003576279	28.996927	3.57625007629395
29.01325	0.118500009179115	29.019478	3.5776252746582
29.035799	0.119250006973743	29.042037	3.57950019836426
29.05837	0.120125003159046	29.064613	3.57925009727478
29.080937	0.11837500333786	29.087169	3.5787501335144
29.103496	0.118750005960464	29.109743	3.57750010490417
29.126063	0.118125006556511	29.132302	3.57625007629395
29.148621	0.11837500333786	29.154854	3.5761251449585
29.171178	0.121750004589558	29.177411	3.5767502784729
29.193743	0.119000002741814	29.199976	3.5778751373291
29.216295	0.119125008583069	29.222533	3.57887506484985
29.238854	0.118750005960464	29.245092	3.57925009727478
29.261448	0.117875002324581	29.267683	3.57850027084351
29.284037	0.118000008165836	29.290275	3.57662510871887
29.306595	0.117375008761883	29.312832	3.5761251449585
29.329153	0.118875004351139	29.335386	3.57625007629395
29.35171	0.117250002920628	29.357943	3.57750010490417
29.374263	0.120875008404255	29.3805	3.57887506484985
29.396818	0.119625002145767	29.403056	3.57950019836426
29.419374	0.118750005960464	29.425612	3.57900023460388
29.441953	0.118500009179115	29.448186	3.57862520217896
29.464511	0.118750005960464	29.470744	3.57662510871887
29.487064	0.118750005960464	29.493302	3.57637524604797
29.509637	0.118125006556511	29.51587	3.57662510871887
29.532194	0.118875004351139	29.538426	3.57800006866455
29.554746	0.119250006973743	29.560983	3.57900023460388
29.577302	0.120125003159046	29.583539	3.58000016212463
29.599857	0.118500009179115	29.60609	3.57962512969971
29.622417	0.118500009179115	29.628649	3.57812523841858
29.644988	0.117250002920628	29.651221	3.5767502784729
29.667543	0.11862500756979	29.673775	3.57687520980835
29.690094	0.120750002563	29.696327	3.57725024223328
29.712653	0.118875004351139	29.718911	3.57837510108948
29.735256	0.119000002741814	29.74149	3.58000016212463
29.757818	0.119750007987022	29.764055	3.58012509346008
29.78038	0.118875004351139	29.786613	3.57975006103516
