Time_sec1	Voltage_A0TG	Time_sec2	Voltage_A1TG
0	1.37137508392334	0.006232	3.59625005722046
0.02257	1.36937510967255	0.028803	3.59537506103516
0.045122	1.36937510967255	0.05136	3.59487509727478
0.067698	1.37012505531311	0.073931	3.59550023078918
0.090255	1.3721250295639	0.096488	3.59650015830994
0.11281	1.37100005149841	0.119048	3.59812521934509
0.135373	1.37100005149841	0.141612	3.59825015068054
0.157933	1.37175011634827	0.164166	3.59762525558472
0.180491	1.37062501907349	0.186723	3.59637522697449
0.203059	1.37100005149841	0.209297	3.59525012969971
0.225617	1.37000012397766	0.231854	3.59475016593933
0.248186	1.37100005149841	0.25442	3.59562516212463
0.270801	1.37025010585785	0.277037	3.59725022315979
0.293384	1.37112510204315	0.299618	3.59787511825562
0.315938	1.3712500333786	0.322192	3.59762525558472
0.338517	1.37087512016296	0.34475	3.59750008583069
0.361074	1.37000012397766	0.367307	3.59212517738342
0.383635	1.33175003528595	0.389872	3.59000015258789
0.406197	1.17325007915497	0.41243	3.57925009727478
0.428755	1.02600002288818	0.434987	3.5541250705719
0.451315	0.901500046253204	0.457548	3.50750017166138
0.473846	0.790125012397766	0.480084	3.4456250667572
0.496403	0.693125009536743	0.502636	3.3646252155304
0.518961	0.600625038146973	0.525193	3.27887511253357
0.541517	0.522375047206879	0.54775	3.18150019645691
0.564069	0.444500029087067	0.570307	3.0871250629425
0.586629	0.381000012159348	0.592862	2.98575019836426
0.609187	0.322750002145767	0.615419	2.89050006866455
0.631747	0.273625016212463	0.637999	2.79287505149841
0.654324	0.231750011444092	0.660562	2.70187520980835
0.676888	0.190875008702278	0.683122	2.6100001335144
0.699451	0.154750004410744	0.705684	2.52775001525879
0.72201	0.11837500333786	0.728243	2.44600009918213
0.744563	0.0872500017285347	0.750801	2.37625002861023
0.76711	0.0600000023841858	0.773365	2.30750012397766
0.789708	0.0375000014901161	0.79594	2.24762511253357
0.812283	0.0195000004023314	0.818511	2.19412517547607
0.834831	0.004250000230968	0.841068	2.14475011825562
0.857387	0.00175000005401671	0.863637	2.10287499427795
0.879962	0.000625000044237822	0.886194	2.06262516975403
0.902514	0.00275000021792948	0.908751	2.03025007247925
0.92507	0.000250000011874363	0.931308	1.99912512302399
0.947627	0.000375000003259629	0.95386	1.97450006008148
0.970197	0.00150000001303852	0.976429	1.95175004005432
0.992773	0.00400000018998981	0.999011	1.93250012397766
1.015333	0.00362500012852252	1.02157	1.91387510299683
1.037896	0.00175000005401671	1.044129	1.89675009250641
1.060453	0.000750000006519258	1.066686	1.8793751001358
1.083005	0.000125000005937181	1.089242	1.86600005626678
1.105563	0.000750000006519258	1.111801	1.85287511348724
1.128121	0.00100000004749745	1.134359	1.84212505817413
1.150687	0.00125000008847564	1.156919	1.83375012874603
1.173241	0.0061250003054738	1.179474	1.82600009441376
1.195794	0.00362500012852252	1.202031	1.81712508201599
1.218351	0.00112500006798655	1.224584	1.80887508392334
1.240908	0.000750000006519258	1.247135	1.80050003528595
1.263476	-0.0022500001359731	1.269712	1.7940000295639
1.286027	0.00187500007450581	1.292277	1.78875005245209
1.308603	0.00125000008847564	1.314842	1.78450012207031
1.331166	0.00437500001862645	1.337399	1.78137505054474
1.353733	0.00400000018998981	1.35997	1.77762508392334
1.376292	0.00150000001303852	1.382531	1.77412509918213
1.398852	0.000875000027008355	1.405085	1.76900005340576
1.421406	-0.000625000044237822	1.427634	1.76525008678436
1.443955	0.000500000023748726	1.450187	1.7618750333786
1.466512	0.000500000023748726	1.472771	1.75875008106232
1.489111	0.000875000027008355	1.495343	1.75787508487701
1.511662	0.00300000002607703	1.517897	1.75662505626678
1.534216	0.00337500008754432	1.540453	1.75475013256073
1.556773	0.00312500004656613	1.563001	1.75287508964539
1.579327	0.00112500006798655	1.585559	1.74937510490417
1.601884	-0.000750000006519258	1.608117	1.74737513065338
1.624436	0.00100000004749745	1.630674	1.74525010585785
1.647048	0.000125000005937181	1.653282	1.74437510967255
1.669613	-0.00187500007450581	1.675847	1.74400007724762
1.69219	0.00237500015646219	1.698423	1.74387502670288
1.714744	0.00325000006705523	1.720981	1.74262511730194
1.737305	0.00137500010896474	1.743538	1.74125003814697
1.759863	-0.000375000003259629	1.766096	1.74000012874603
1.782416	0.000375000003259629	1.788653	1.73737514019012
1.804964	-0.000125000005937181	1.811202	1.73662507534027
1.827522	0.000625000044237822	1.833755	1.73575007915497
1.850075	0	1.856307	1.73712503910065
1.872642	0.00375000014901161	1.87888	1.73350012302399
1.895198	0.00437500001862645	1.901431	1.74175012111664
1.917751	0.00125000008847564	1.923984	1.74100005626678
1.940309	0.000750000006519258	1.946541	1.73925006389618
1.962862	0.00162500003352761	1.969099	1.73950004577637
1.985419	0.00150000001303852	1.991656	1.74100005626678
2.007983	0.00437500001862645	2.014216	1.74525010585785
2.030541	0.00650000013411045	2.036774	1.75037503242493
2.053107	0.00750000029802322	2.059344	1.75537502765656
2.075653	0.00787500012665987	2.081885	1.760125041008
2.098206	0.00737500051036477	2.104439	1.76325011253357
2.120762	0.00837500020861626	2.126994	1.76800012588501
2.143342	0.00900000054389238	2.14958	1.7720000743866
2.1659	0.0108750006183982	2.172132	1.7801251411438
2.18847	0.0117500005289912	2.194703	1.79412508010864
2.211026	0.0131250005215406	2.217259	1.80812513828278
2.233581	0.015625	2.239818	1.82975006103516
2.256139	0.0143750002607703	2.2624	1.8582501411438
2.278749	0.0142500009387732	2.284983	1.89012503623962
2.301315	0.0137500008568168	2.307548	1.91737508773804
2.323856	0.0155000006780028	2.330093	1.94162511825562
2.346412	0.017000000923872	2.352645	1.96050012111664
2.36897	0.0190000012516975	2.375202	1.97675013542175
2.391522	0.0221250001341105	2.397756	1.9878751039505
2.414079	0.0217500012367964	2.420312	1.99650013446808
2.436631	0.0202500000596046	2.44287	2.00162506103516
2.459197	0.0218750014901161	2.465429	2.00587511062622
2.481751	0.0216250009834766	2.487984	2.007000207901
2.504304	0.0237500015646219	2.510536	2.00487518310547
2.526856	0.0238750018179417	2.533089	2.00225019454956
2.549413	0.0245000012218952	2.555646	1.9997501373291
2.571981	0.0267500020563602	2.578215	1.99812507629395
2.594533	0.0278750006109476	2.600765	1.99700009822845
2.617086	0.0266250018030405	2.623341	1.99650013446808
2.639685	0.0275000017136335	2.645923	1.99500012397766
2.662245	0.0286250021308661	2.668478	1.99287509918213
2.684798	0.0303750019520521	2.691035	1.99237513542175
2.707355	0.0307500008493662	2.713588	1.99175012111664
2.729911	0.0318750031292439	2.736144	1.9916250705719
2.752478	0.034000001847744	2.758716	1.99200010299683
2.775052	0.0329999998211861	2.781289	1.99175012111664
2.797609	0.0329999998211861	2.803843	1.99000012874603
2.820167	0.0323750004172325	2.8264	1.98937511444092
2.842715	0.0341250002384186	2.848953	1.98887515068054
2.865274	0.0355000011622906	2.871511	1.98962509632111
2.88783	0.0367499999701977	2.894063	1.99175012111664
2.910387	0.0383750014007092	2.91662	1.9933750629425
2.932962	0.0400000028312206	2.9392	1.99525010585785
2.955519	0.0388750024139881	2.961756	1.99625015258789
2.978093	0.0387500002980232	2.984326	1.99737513065338
3.00065	0.0393750034272671	3.006883	1.9980001449585
3.023203	0.0393750034272671	3.029436	2.00037503242493
3.045754	0.0403750017285347	3.051992	2.00349998474121
3.068311	0.0412500016391277	3.074544	2.0078752040863
3.090868	0.0440000034868717	3.0971	2.01275014877319
3.113439	0.0446250028908253	3.119676	2.01937508583069
3.136001	0.0445000007748604	3.142234	2.02662515640259
3.158582	0.0445000007748604	3.164815	2.03687500953674
3.181139	0.0438750013709068	3.187372	2.05012512207031
3.203692	0.0452500022947788	3.209929	2.06800007820129
3.226248	0.0460000038146973	3.232481	2.09125018119812
3.248797	0.0465000011026859	3.255029	2.11687517166138
3.271369	0.0495000034570694	3.277613	2.14612507820129
3.293925	0.0488750040531158	3.300158	2.17300009727478
3.31648	0.048250000923872	3.322714	2.19850015640259
3.339038	0.0495000034570694	3.345271	2.22012519836426
3.361594	0.0502500012516975	3.367827	2.24000000953674
3.384146	0.050500001758337	3.390384	2.25775003433228
3.406704	0.0520000010728836	3.412962	2.27437520027161
3.429285	0.053250003606081	3.435517	2.2891252040863
3.451842	0.0553750023245811	3.458091	2.30312514305115
3.474413	0.0545000024139881	3.480646	2.31400012969971
3.496973	0.0537500008940697	3.503206	2.32425022125244
3.519532	0.0545000024139881	3.525764	2.33287501335144
3.54209	0.055500004440546	3.548323	2.34237504005432
3.564643	0.0547500029206276	3.570875	2.35212516784668
3.587195	0.0556250028312206	3.593437	2.36287522315979
3.609767	0.0576250031590462	3.615999	2.37312507629395
3.632336	0.0600000023841858	3.638636	2.38300013542175
3.654989	0.0586250014603138	3.661223	2.39100003242493
3.677542	0.0587500035762787	3.683776	2.397625207901
3.700103	0.0601250045001507	3.706336	2.40275001525879
3.722657	0.0587500035762787	3.728894	2.40737509727478
3.745213	0.0602500028908253	3.751451	2.41275000572205
3.76778	0.0616250038146973	3.774013	2.41762518882751
3.790337	0.0635000020265579	3.796564	2.42337512969971
3.812887	0.0632500052452087	3.819125	2.42862510681152
3.835445	0.0631249994039536	3.841683	2.43337512016296
3.858003	0.0637500062584877	3.864236	2.4381251335144
3.88056	0.0632500052452087	3.886787	2.44312500953674
3.90311	0.0665000006556511	3.909347	2.44862508773804
3.925667	0.0651250034570694	3.931905	2.45562505722046
3.948227	0.0658750012516975	3.95446	2.46200013160706
3.970785	0.0673750042915344	3.977018	2.46987509727478
3.993349	0.0681250020861626	3.999587	2.47537517547607
4.015906	0.067500002682209	4.022139	2.48000001907349
4.038469	0.0673750042915344	4.044702	2.48362517356873
4.061027	0.0681250020861626	4.06726	2.48650002479553
4.083579	0.0677500069141388	4.089816	2.49100017547607
4.106135	0.0691250041127205	4.11237	2.49587512016296
4.128696	0.0668750032782555	4.134946	2.4997501373291
4.151275	0.0717500001192093	4.157508	2.50462508201599
4.173836	0.0715000033378601	4.180074	2.50675010681152
4.196394	0.0703750029206276	4.202627	2.50837516784668
4.218951	0.0711250007152557	4.225183	2.50925016403198
4.241508	0.0718750059604645	4.247741	2.50937509536743
4.264084	0.0716250017285347	4.270321	2.51212501525879
4.286636	0.0723750069737434	4.292885	2.51437520980835
4.309219	0.0737500041723251	4.315457	2.51712512969971
4.331801	0.0757500007748604	4.338034	2.51962518692017
4.354354	0.0753750056028366	4.360587	2.52050018310547
4.376907	0.0757500007748604	4.383154	2.52137517929077
4.399478	0.0755000039935112	4.405711	2.5217502117157
4.422036	0.0753750056028366	4.428268	2.52300000190735
4.444587	0.0788750052452087	4.450824	2.52537512779236
4.467143	0.0801250040531158	4.473376	2.52812504768372
4.489701	0.0780000016093254	4.495933	2.53200006484985
4.51226	0.0788750052452087	4.518498	2.53487515449524
4.53482	0.0782500058412552	4.541052	2.53775000572205
4.557374	0.0783750042319298	4.563607	2.53950023651123
4.579935	0.0790000036358833	4.586168	2.54175019264221
4.602488	0.0783750042319298	4.608721	2.54450011253357
4.625041	0.0792500004172325	4.631294	2.54837512969971
4.647625	0.0801250040531158	4.653858	2.55362510681152
4.670199	0.0827500075101852	4.676432	2.55887508392334
4.692766	0.0827500075101852	4.699003	2.56350016593933
4.715326	0.0816250070929527	4.721563	2.56762504577637
4.737897	0.0816250070929527	4.74413	2.57125020027161
4.760454	0.0818750038743019	4.766687	2.57525014877319
4.78301	0.0818750038743019	4.789248	2.57962512969971
4.805569	0.086375005543232	4.811806	2.5853750705719
4.828129	0.083625003695488	4.834362	2.59137511253357
4.850679	0.0852500051259995	4.856911	2.59787511825562
4.873245	0.0843750014901161	4.879482	2.60312509536743
4.895802	0.0856250077486038	4.902039	2.60700011253357
4.918381	0.085375003516674	4.924609	2.61050009727478
4.940935	0.0845000073313713	4.947167	2.61487507820129
4.963488	0.085375003516674	4.969725	2.61912512779236
4.986045	0.086375005543232	4.992279	2.62450003623962
5.008603	0.0868750065565109	5.014836	2.63075017929077
5.031173	0.088625006377697	5.037406	2.63562512397766
5.053723	0.0880000069737434	5.059956	2.63937520980835
5.076276	0.088625006377697	5.082509	2.64175009727478
5.098833	0.088125005364418	5.105065	2.64350008964539
5.12139	0.0880000069737434	5.127624	2.64575004577637
5.143946	0.0892500057816505	5.150183	2.64925003051758
5.166503	0.0897500067949295	5.172736	2.65237522125244
5.189063	0.0905000045895576	5.195295	2.6560001373291
5.21162	0.0915000066161156	5.217853	2.65837502479553
5.234174	0.0940000042319298	5.240411	2.66000008583069
5.256733	0.0921250060200691	5.262985	2.66025018692017
5.27931	0.0918750017881393	5.285538	2.65987515449524
5.30186	0.0913750007748604	5.308094	2.66037511825562
5.324415	0.0922500044107437	5.330652	2.66225004196167
5.346973	0.0937500074505806	5.353206	2.66337513923645
5.36953	0.0947500020265579	5.375762	2.66575002670288
5.392103	0.0945000052452087	5.398336	2.66775012016296
5.414655	0.0932500064373016	5.420887	2.66800022125244
5.437207	0.0938750058412552	5.44344	2.66875004768372
5.459764	0.0945000052452087	5.465997	2.66925001144409
5.482316	0.0922500044107437	5.488569	2.67037510871887
5.504889	0.096000000834465	5.511126	2.67350006103516
5.527445	0.0966250076889992	5.533677	2.67650008201599
5.550002	0.0986250042915344	5.556234	2.68100023269653
5.572567	0.0968750044703484	5.5788	2.68400001525879
5.59512	0.0970000028610229	5.601353	2.68687510490417
5.617672	0.0962500050663948	5.623905	2.68875002861023
5.640247	0.096000000834465	5.646481	2.6927502155304
5.662818	0.0973750054836273	5.669052	2.69712519645691
5.685372	0.0978750064969063	5.691605	2.70225024223328
5.707926	0.0991250053048134	5.714159	2.7092502117157
5.730485	0.10037500411272	5.736718	2.71550011634827
5.753058	0.0995000079274178	5.75929	2.72150015830994
5.775612	0.0997500047087669	5.781849	2.7268750667572
5.798183	0.0995000079274178	5.804416	2.73212504386902
5.82074	0.0986250042915344	5.826973	2.73812508583069
5.843293	0.100250005722046	5.84953	2.74550008773804
5.865849	0.100500002503395	5.872092	2.75350022315979
5.888402	0.10062500834465	5.894641	2.76262521743774
5.910969	0.10300000756979	5.917201	2.77050018310547
5.93352	0.101375006139278	5.939758	2.7792501449585
5.956079	0.101625002920628	5.962306	2.78625011444092
5.978634	0.101625002920628	5.984866	2.79400014877319
6.001192	0.101625002920628	6.007424	2.80237507820129
6.023743	0.102625004947186	6.029981	2.81175017356873
6.0463	0.103500008583069	6.052532	2.82125020027161
6.068872	0.105750001966953	6.075105	2.83162522315979
6.091429	0.104750007390976	6.097662	2.84137511253357
6.113981	0.104375004768372	6.120219	2.85000014305115
6.136551	0.103750005364418	6.142784	2.8573751449585
6.159109	0.103625006973743	6.165342	2.86437511444092
6.181666	0.103875003755093	6.187899	2.87212514877319
6.204219	0.105125002563	6.210456	2.8813750743866
6.226775	0.10537500679493	6.233007	2.89025020599365
6.249331	0.106875002384186	6.255563	2.89862513542175
6.271914	0.106750003993511	6.27815	2.90712523460388
6.294478	0.107125006616116	6.300717	2.913250207901
6.317043	0.106750003993511	6.323276	2.91887521743774
6.3396	0.106875002384186	6.345833	2.92462515830994
6.362153	0.105875007808208	6.368386	2.93050003051758
6.384704	0.107875004410744	6.390941	2.93762516975403
6.40726	0.107375003397465	6.413493	2.9453752040863
6.429817	0.108625002205372	6.436049	2.9520001411438
6.452384	0.109125003218651	6.458621	2.95762515068054
6.474941	0.107500001788139	6.481178	2.96262502670288
6.497498	0.108125008642673	6.50373	2.96537518501282
6.520054	0.109500005841255	6.526286	2.97087502479553
6.54261	0.109250001609325	6.548847	2.9760000705719
6.565166	0.110000006854534	6.571403	2.98112511634827
6.587722	0.107375003397465	6.593955	2.98712515830994
6.610279	0.111625008285046	6.616511	2.99275016784668
6.632848	0.110375002026558	6.639088	2.99725008010864
6.655415	0.110500007867813	6.661647	3.00050020217896
6.677961	0.110625006258488	6.684189	3.00250005722046
6.700521	0.111000008881092	6.706753	3.00562524795532
6.723077	0.111000008881092	6.72931	3.01025009155273
6.745631	0.11150000244379	6.751864	3.01425004005432
6.768184	0.112500004470348	6.774417	3.01875019073486
6.790736	0.113500006496906	6.796969	3.022625207901
6.813304	0.110625006258488	6.819536	3.02562522888184
6.835856	0.112625002861023	6.842088	3.02762508392334
6.858413	0.112250007688999	6.864646	3.02900004386902
6.880971	0.112750008702278	6.887203	3.03137516975403
6.903523	0.113625004887581	6.90976	3.03412508964539
6.926071	0.112875007092953	6.932308	3.0385000705719
6.948634	0.115375004708767	6.954866	3.04150009155273
6.971191	0.115500003099442	6.977423	3.04450011253357
6.993745	0.114875003695488	6.999983	3.04562520980835
7.016306	0.114500008523464	7.022538	3.04587507247925
7.038863	0.112750008702278	7.045096	3.0475001335144
7.061419	0.114625006914139	7.067652	3.04925012588501
7.083972	0.115125007927418	7.090209	3.05200004577637
7.106529	0.116125002503395	7.112768	3.05550003051758
7.129091	0.117250002920628	7.135329	3.05712509155273
7.151653	0.117500007152557	7.157894	3.05975008010864
7.174217	0.115875005722046	7.180454	3.0605001449585
7.196774	0.118125006556511	7.203007	3.0605001449585
7.219331	0.113375008106232	7.225563	3.06112504005432
7.241889	0.116750001907349	7.248117	3.06212520599365
7.264462	0.117625005543232	7.270704	3.06437516212463
7.287022	0.117500007152557	7.293256	3.06700015068054
7.309587	0.119500003755093	7.315819	3.06937503814697
7.33214	0.118750005960464	7.338381	3.07112503051758
7.3547	0.118000008165836	7.360938	3.07137513160706
7.377256	0.117625005543232	7.383489	3.07112503051758
7.399829	0.117875002324581	7.406061	3.07175016403198
7.422376	0.119125008583069	7.428616	3.07325005531311
7.444937	0.119250006973743	7.451175	3.07525014877319
7.467493	0.120000004768372	7.473726	3.07775020599365
7.490047	0.120625004172325	7.49628	3.08000016212463
7.512599	0.121500007808208	7.518837	3.08162522315979
7.535156	0.12100000679493	7.541393	3.08187508583069
7.557711	0.120125003159046	7.563945	3.08187508583069
7.58028	0.119125008583069	7.586513	3.08262515068054
7.602838	0.120125003159046	7.609076	3.08462524414062
7.625398	0.121250003576279	7.631637	3.08725023269653
7.647986	0.123500004410744	7.654219	3.08975005149841
7.670544	0.122750006616116	7.676777	3.09300017356873
7.693097	0.120500005781651	7.699335	3.09412503242493
7.715654	0.121750004589558	7.721892	3.09462523460388
7.738212	0.120750002563	7.74445	3.09512519836426
7.760772	0.121375009417534	7.767006	3.09537506103516
7.783339	0.121125005185604	7.789578	3.0990002155304
7.80589	0.122125007212162	7.812128	3.10200023651123
7.828471	0.123500004410744	7.834704	3.10512518882751
7.851025	0.123000003397465	7.857257	3.10725021362305
7.873578	0.123000003397465	7.87981	3.11012506484985
7.896129	0.123625002801418	7.902376	3.11025023460388
7.918714	0.122750006616116	7.924947	3.11187505722046
7.941271	0.12312500923872	7.947504	3.11350011825562
7.963825	0.123875007033348	7.970063	3.11675024032593
7.986383	0.123625002801418	7.992616	3.12087512016296
8.008943	0.125624999403954	8.015175	3.12400007247925
8.031499	0.124625004827976	8.037732	3.12662506103516
8.054053	0.123875007033348	8.060291	3.12850022315979
8.07661	0.123625002801418	8.08286	3.1302502155304
8.099188	0.127500012516975	8.10542	3.132000207901
8.121745	0.124750003218651	8.127982	3.13462519645691
8.144311	0.125	8.150548	3.13787508010864
8.166868	0.126875013113022	8.1731	3.14200019836426
8.189425	0.126249998807907	8.195659	3.14537525177002
8.211984	0.126625001430511	8.218216	3.14800024032593
8.234535	0.126625001430511	8.240772	3.1496250629425
8.257091	0.125375002622604	8.263359	3.15125012397766
8.279688	0.125624999403954	8.285915	3.15312504768372
8.302249	0.126500010490417	8.308483	3.15562510490417
8.324807	0.127125009894371	8.331044	3.15912508964539
8.347365	0.127500012516975	8.353597	3.16250014305115
8.369922	0.128250002861023	8.376155	3.16587519645691
8.392479	0.12737500667572	8.398717	3.16762518882751
8.415036	0.126875013113022	8.421273	3.16862511634827
8.437609	0.127000004053116	8.443842	3.17012524604797
8.460165	0.128000006079674	8.466398	3.17087507247925
8.482717	0.128125011920929	8.488955	3.17312526702881
8.505273	0.127875000238419	8.51151	3.17587518692017
8.527829	0.12975001335144	8.534062	3.17875003814697
8.550385	0.129375010728836	8.556617	3.1808750629425
8.572966	0.128375008702278	8.579204	3.18200016021729
8.595522	0.128250002861023	8.601759	3.18200016021729
8.618093	0.127750009298325	8.624325	3.18237519264221
8.64068	0.127875000238419	8.646912	3.18312525749207
8.663243	0.128750011324883	8.669475	3.18487524986267
8.685795	0.129000008106232	8.692032	3.18762516975403
8.708352	0.133000001311302	8.714585	3.18937516212463
8.73091	0.130375012755394	8.737143	3.19100022315979
8.753461	0.128750011324883	8.759699	3.19062519073486
8.77602	0.12950000166893	8.782253	3.19025015830994
8.798576	0.129250004887581	8.804815	3.19025015830994
8.821137	0.12975001335144	8.827369	3.19087505340576
8.84369	0.13000001013279	8.849923	3.19312524795532
8.866242	0.131000012159348	8.87248	3.19462513923645
8.888807	0.131625011563301	8.89504	3.19612526893616
8.911361	0.131125003099442	8.917606	3.19725012779236
8.933925	0.130375012755394	8.940157	3.19675016403198
8.956481	0.130875006318092	8.962714	3.19662523269653
8.979038	0.131250008940697	8.98527	3.19662523269653
9.001596	0.131500005722046	9.007824	3.19762516021729
9.02415	0.128499999642372	9.030388	3.19950008392334
9.046708	0.132375001907349	9.052961	3.20137524604797
9.069285	0.130625009536743	9.075517	3.20412516593933
9.091838	0.130500003695488	9.098092	3.2037501335144
9.114412	0.132250010967255	9.12065	3.20350027084351
9.136979	0.13187500834465	9.143212	3.20450019836426
9.159538	0.132250010967255	9.16577	3.20512509346008
9.182088	0.132625013589859	9.188321	3.20650005340576
9.204642	0.13187500834465	9.210879	3.20937514305115
9.227199	0.13400000333786	9.233437	3.21150016784668
9.249758	0.133750006556511	9.255991	3.21425008773804
9.272336	0.133125007152557	9.278589	3.21550011634827
9.294901	0.133000001311302	9.301134	3.21625018119812
9.317455	0.132250010967255	9.323688	3.21712517738342
9.340016	0.132625013589859	9.346249	3.21862506866455
9.362569	0.133750006556511	9.368807	3.22087526321411
9.385134	0.133375003933907	9.391372	3.22475004196167
9.407698	0.134750008583069	9.413931	3.22825026512146
9.430254	0.134125009179115	9.436487	3.23050022125244
9.452808	0.133750006556511	9.459046	3.23225021362305
9.475364	0.133375003933907	9.481602	3.23312520980835
9.497919	0.133375003933907	9.504152	3.23512506484985
9.520475	0.133500009775162	9.526707	3.23650026321411
9.543025	0.134625002741814	9.549262	3.23975014686584
9.565583	0.13400000333786	9.57182	3.24362516403198
9.588138	0.136125013232231	9.594371	3.24712514877319
9.610696	0.137500002980232	9.616929	3.24987506866455
9.633266	0.134750008583069	9.63951	3.2506251335144
9.655838	0.133875012397766	9.662096	3.25200009346008
9.678416	0.13450001180172	9.684649	3.25262522697449
9.700973	0.134250000119209	9.707206	3.2552502155304
9.723524	0.133625000715256	9.729763	3.25937509536743
9.746086	0.136250004172325	9.752318	3.26237511634827
9.768642	0.136250004172325	9.774874	3.26500010490417
9.7912	0.134750008583069	9.797432	3.26687526702881
9.813757	0.136125013232231	9.819994	3.26775026321411
9.836314	0.134375005960464	9.842547	3.26850008964539
9.858871	0.135000005364418	9.865104	3.26950025558472
9.881426	0.135250002145767	9.887655	3.27150011062622
9.904006	0.135500013828278	9.910244	3.27475023269653
9.926576	0.137250006198883	9.932809	3.27712512016296
9.949131	0.13637501001358	9.955363	3.28000020980835
9.971686	0.136500000953674	9.977919	3.28137516975403
9.994239	0.136000007390976	10.000473	3.28162527084351
10.016794	0.136000007390976	10.023027	3.28250026702881
10.039345	0.136250004172325	10.045573	3.28287506103516
10.061899	0.136750012636185	10.068132	3.28587508201599
10.084467	0.137000009417534	10.090705	3.28800010681152
10.107026	0.138000011444092	10.113264	3.29125022888184
10.129585	0.138125002384186	10.135824	3.29275012016296
10.152145	0.136750012636185	10.158382	3.29325008392334
10.174702	0.138000011444092	10.18094	3.29400014877319
10.197257	0.137500002980232	10.20349	3.29387521743774
10.219812	0.137749999761581	10.226045	3.29537510871887
10.24237	0.138000011444092	10.248607	3.2966251373291
10.264954	0.137375012040138	10.27119	3.30012512207031
10.287547	0.139375001192093	10.293793	3.30175018310547
10.310121	0.138750001788139	10.316355	3.3041250705719
10.332673	0.137625008821487	10.338911	3.30437517166138
10.355231	0.138000011444092	10.361468	3.30437517166138
10.377788	0.138250008225441	10.384021	3.30462527275085
10.400343	0.137875005602837	10.406575	3.30562520027161
10.422894	0.139250010251999	10.429131	3.30812525749207
10.44545	0.138875007629395	10.451687	3.31037521362305
10.468011	0.143625006079674	10.474244	3.3122501373291
10.490568	0.139250010251999	10.496801	3.31362509727478
10.513124	0.13900001347065	10.519361	3.31350016593933
10.53568	0.139125004410744	10.541917	3.31337523460388
10.558236	0.138374999165535	10.564469	3.31350016593933
10.580793	0.138750001788139	10.587025	3.31475019454956
10.603346	0.139500007033348	10.609583	3.31725025177002
10.625902	0.139625012874603	10.632152	3.31912517547607
10.648486	0.140250012278557	10.654719	3.32100009918213
10.671044	0.140000000596046	10.677276	3.32125020027161
10.693604	0.139750003814697	10.699842	3.32162523269653
10.716162	0.139875009655952	10.722395	3.32200026512146
10.73872	0.139750003814697	10.744952	3.32162523269653
10.761276	0.139750003814697	10.767509	3.32287526130676
10.783831	0.139125004410744	10.79007	3.32475018501282
10.806389	0.141000002622604	10.812622	3.32712507247925
10.828951	0.140625	10.835183	3.32812523841858
10.851507	0.142125010490417	10.85774	3.32887506484985
10.874059	0.139875009655952	10.880298	3.32862520217896
10.896618	0.138250008225441	10.902854	3.3278751373291
10.919179	0.140375003218651	10.925411	3.32862520217896
10.941736	0.141375005245209	10.947981	3.32975006103516
10.964301	0.14087501168251	10.970538	3.33225011825562
10.986857	0.141750007867813	10.99309	3.3345000743866
11.009414	0.141875013709068	11.015647	3.335125207901
11.031971	0.140375003218651	11.038206	3.33550024032593
11.054526	0.14087501168251	11.060759	3.3353750705719
11.07708	0.14087501168251	11.083313	3.33500027656555
11.099639	0.142625004053116	11.105872	3.33525013923645
11.1222	0.140750005841255	11.128434	3.33737516403198
11.144772	0.14300000667572	11.151005	3.33975005149841
11.167317	0.14300000667572	11.173556	3.34137511253357
11.189886	0.141750007867813	11.196119	3.34200024604797
11.212438	0.142500013113022	11.218671	3.34225010871887
11.234991	0.141249999403954	11.241228	3.34250020980835
11.257548	0.141249999403954	11.263805	3.34225010871887
11.280133	0.142125010490417	11.28636	3.34312510490417
11.302682	0.142500013113022	11.30892	3.34575009346008
11.325238	0.142875000834465	11.331476	3.34762525558472
11.347797	0.143250003457069	11.354029	3.34975004196167
11.370359	0.142000004649162	11.376592	3.35062527656555
11.392939	0.142750009894371	11.399173	3.350750207901
11.4155	0.142125010490417	11.421733	3.35087513923645
11.438053	0.142000004649162	11.444285	3.35112524032593
11.460613	0.142125010490417	11.466846	3.35337519645691
11.483166	0.142750009894371	11.489403	3.35562515258789
11.505723	0.144000008702278	11.51196	3.3582501411438
11.528279	0.144375011324883	11.534512	3.36050009727478
11.550834	0.142625004053116	11.557067	3.36187505722046
11.57339	0.14300000667572	11.579628	3.36187505722046
11.595948	0.142250001430511	11.602188	3.36225008964539
11.61851	0.142500013113022	11.624742	3.36387515068054
11.641107	0.142750009894371	11.647342	3.36600017547607
11.663667	0.143500000238419	11.669905	3.36887526512146
11.686224	0.145250007510185	11.692473	3.37175011634827
11.708798	0.144750013947487	11.715031	3.37400007247925
11.731356	0.143750011920929	11.737604	3.37525010108948
11.753927	0.144625008106232	11.760164	3.37600016593933
11.776483	0.143875002861023	11.782716	3.37650012969971
11.799042	0.143250003457069	11.805275	3.37850022315979
11.8216	0.143625006079674	11.827833	3.38087511062622
11.844152	0.144500002264977	11.850389	3.38375020027161
11.866708	0.147250011563301	11.87296	3.38737511634827
11.889283	0.144124999642372	11.895516	3.3892502784729
11.911839	0.14512500166893	11.91809	3.3903751373291
11.934411	0.144625008106232	11.940648	3.3903751373291
11.956967	0.145875006914139	11.963194	3.39187526702881
11.97952	0.143750011920929	11.985752	3.39425015449524
12.002092	0.145000010728836	12.008325	3.39637517929077
12.024644	0.145500004291534	12.030882	3.39937520027161
12.0472	0.14537501335144	12.053437	3.40200018882751
12.069761	0.144875004887581	12.075993	3.40300011634827
12.092312	0.144250005483627	12.098544	3.40375018119812
12.114862	0.14537501335144	12.121096	3.40350008010864
12.137423	0.144375011324883	12.143662	3.4048752784729
12.159991	0.144625008106232	12.166219	3.40662527084351
12.182534	0.144250005483627	12.188766	3.40887522697449
12.20508	0.146000012755394	12.211307	3.41050004959106
12.227631	0.14562501013279	12.233864	3.41287517547607
12.250184	0.14562501013279	12.256417	3.41362524032593
12.27281	0.144875004887581	12.279044	3.4141252040863
12.295384	0.146000012755394	12.301623	3.41425013542175
12.317945	0.145250007510185	12.324177	3.41450023651123
12.340506	0.14512500166893	12.346739	3.41612505912781
12.363059	0.144875004887581	12.369296	3.41800022125244
12.385617	0.146875008940697	12.391854	3.42000007629395
12.408183	0.147250011563301	12.414416	3.42187523841858
12.43074	0.146999999880791	12.436973	3.42212510108948
12.453296	0.145500004291534	12.459533	3.42187523841858
12.475866	0.144500002264977	12.482098	3.42100024223328
12.498419	0.146250009536743	12.504651	3.42225027084351
12.520976	0.146625012159348	12.527208	3.42300009727478
12.543527	0.146125003695488	12.549765	3.42512512207031
12.566085	0.148250013589859	12.572317	3.42637515068054
12.588641	0.146750003099442	12.594873	3.42775011062622
12.611199	0.147250011563301	12.617431	3.42687511444092
12.63378	0.146000012755394	12.640019	3.42625021934509
12.656341	0.145750001072884	12.662575	3.42612504959106
12.678899	0.144500002264977	12.685131	3.42637515068054
12.701456	0.146500006318092	12.7077	3.42775011062622
12.72402	0.146375000476837	12.730257	3.42962527275085
12.746575	0.148000001907349	12.752808	3.43112516403198
12.769133	0.147125005722046	12.775365	3.43137526512146
12.791689	0.147125005722046	12.797922	3.43125009536743
12.814245	0.146125003695488	12.820483	3.4297502040863
12.836802	0.146625012159348	12.843035	3.43012523651123
12.859359	0.146125003695488	12.865591	3.43062520027161
12.881915	0.146999999880791	12.888148	3.43175005912781
12.904467	0.15200001001358	12.910704	3.43337512016296
12.927022	0.148375004529953	12.933255	3.43450021743774
12.94958	0.146750003099442	12.955813	3.43425011634827
12.972132	0.146875008940697	12.978383	3.43425011634827
12.994717	0.147250011563301	13.000954	3.43350005149841
13.017263	0.147125005722046	13.023496	3.43312525749207
13.039821	0.148625001311302	13.046053	3.43400025367737
13.062371	0.148250013589859	13.068608	3.43537521362305
13.084927	0.148875012993813	13.091164	3.4372501373291
13.107482	0.148750007152557	13.113725	3.43800020217896
13.130048	0.147625014185905	13.136286	3.43787527084351
13.152607	0.148000001907349	13.158844	3.43750023841858
13.175168	0.146625012159348	13.181401	3.43650007247925
13.197723	0.147875010967255	13.203955	3.43675017356873
13.220278	0.152875006198883	13.22651	3.43762516975403
13.24283	0.148750007152557	13.24907	3.43925023078918
13.265393	0.153125002980232	13.271648	3.44087505340576
13.287996	0.149125009775162	13.29423	3.44137525558472
13.310552	0.147750005125999	13.316786	3.44137525558472
13.333112	0.148625001311302	13.33935	3.44012522697449
13.355668	0.14750000834465	13.361905	3.44025015830994
13.378228	0.147125005722046	13.38446	3.44037508964539
13.400784	0.147750005125999	13.407016	3.44137525558472
13.423348	0.147875010967255	13.429586	3.4436252117157
13.445904	0.149125009775162	13.452136	3.44487524032593
13.46847	0.148125007748604	13.474703	3.44525027275085
13.491025	0.146999999880791	13.497257	3.44487524032593
13.513605	0.148625001311302	13.519843	3.44375014305115
13.536154	0.148000001907349	13.542387	3.44350028038025
13.558711	0.150000005960464	13.564943	3.4438750743866
13.581266	0.147250011563301	13.587499	3.44550013542175
13.60384	0.148250013589859	13.610078	3.44725012779236
13.626397	0.149375006556511	13.632647	3.44875025749207
13.648978	0.149875000119209	13.65521	3.44875025749207
13.671535	0.148875012993813	13.677768	3.44862508773804
13.694088	0.147750005125999	13.700326	3.44737505912781
13.716661	0.146625012159348	13.722893	3.44762516021729
13.739218	0.14962500333786	13.745446	3.44837522506714
13.761774	0.149125009775162	13.768007	3.45037508010864
13.784326	0.150750011205673	13.790564	3.45150017738342
13.806882	0.149250000715256	13.813115	3.45162510871887
13.829439	0.148750007152557	13.835671	3.4526252746582
13.851995	0.149250000715256	13.858228	3.4520001411438
13.874548	0.148125007748604	13.880785	3.45125007629395
13.897104	0.148625001311302	13.903349	3.45125007629395
13.919686	0.148125007748604	13.925919	3.45225024223328
13.942234	0.14962500333786	13.948475	3.45412516593933
13.964793	0.150875002145767	13.971031	3.45512509346008
13.987349	0.149750009179115	13.993581	3.45600008964539
14.009905	0.148375004529953	14.016138	3.45612525939941
14.032472	0.148875012993813	14.03871	3.45425009727478
14.05503	0.150250002741814	14.061268	3.45475006103516
14.077606	0.148875012993813	14.083839	3.45462512969971
14.100162	0.14962500333786	14.106395	3.45587515830994
14.122727	0.149750009179115	14.128965	3.45775008201599
14.145287	0.150250002741814	14.15152	3.45900011062622
14.167841	0.149500012397766	14.174074	3.4592502117157
14.190398	0.149000003933907	14.19663	3.45912528038025
14.212981	0.149250000715256	14.219219	3.45875024795532
14.235539	0.149125009775162	14.241776	3.45787525177002
14.258096	0.149000003933907	14.264348	3.45825004577637
14.280674	0.150250002741814	14.286902	3.45900011062622
14.303267	0.150375008583069	14.309501	3.4610002040863
14.325822	0.15012501180172	14.332061	3.46237516403198
14.348389	0.150000005960464	14.354621	3.46287512779236
14.370946	0.150375008583069	14.377179	3.4612500667572
14.3935	0.146375000476837	14.399733	3.46112513542175
14.416054	0.149250000715256	14.422287	3.46000027656555
14.438607	0.150250002741814	14.444839	3.46137523651123
14.461158	0.14962500333786	14.46739	3.46312522888184
14.483726	0.150750011205673	14.489964	3.46425008773804
14.506282	0.151250004768372	14.512536	3.46487522125244
14.528863	0.149875000119209	14.535096	3.46500015258789
14.551419	0.15012501180172	14.557651	3.46387505531311
14.573969	0.148250013589859	14.580202	3.46350026130676
14.596522	0.149500012397766	14.602768	3.46300005912781
14.619092	0.150625005364418	14.625324	3.46412515640259
14.641671	0.150375008583069	14.64791	3.46550011634827
14.664247	0.152375012636185	14.670485	3.4667501449585
14.686804	0.151625007390976	14.693054	3.46775007247925
14.70938	0.150000005960464	14.715612	3.4673752784729
14.731936	0.150750011205673	14.738179	3.46687507629395
14.754499	0.150250002741814	14.760736	3.46587514877319
14.777056	0.15012501180172	14.783289	3.46587514877319
14.799612	0.151375010609627	14.805845	3.46712517738342
14.822163	0.15200001001358	14.828396	3.46875023841858
14.844719	0.151750013232231	14.850974	3.47025012969971
14.867323	0.151125013828278	14.873563	3.47087526321411
14.889907	0.150750011205673	14.896147	3.47037506103516
14.912505	0.150250002741814	14.918744	3.47000026702881
14.935083	0.15012501180172	14.941321	3.46925020217896
14.957642	0.150875002145767	14.963875	3.47012519836426
14.9802	0.151875004172325	14.986432	3.47125005722046
15.002771	0.151250004768372	15.009008	3.47287511825562
15.025345	0.15225000679493	15.031577	3.47375011444092
15.047897	0.151125013828278	15.05413	3.47475028038025
15.070453	0.151625007390976	15.076686	3.47375011444092
15.093004	0.151000007987022	15.099242	3.47312521934509
15.115562	0.151000007987022	15.121799	3.47287511825562
15.138122	0.150875002145767	15.144355	3.47362518310547
15.16068	0.151500001549721	15.166912	3.47537517547607
15.183237	0.152125000953674	15.189474	3.47725009918213
15.205798	0.152750000357628	15.212035	3.47837519645691
15.228383	0.150375008583069	15.234616	3.47850012779236
15.250936	0.151750013232231	15.257169	3.47750020027161
15.273523	0.151500001549721	15.279757	3.47737526893616
15.296076	0.151625007390976	15.302322	3.47737526893616
15.318643	0.151500001549721	15.32487	3.47800016403198
15.341207	0.151125013828278	15.347439	3.47912526130676
15.363759	0.152500003576279	15.369997	3.48112511634827
15.386323	0.151625007390976	15.39257	3.48200011253357
15.408891	0.151250004768372	15.415123	3.48162508010864
15.431445	0.150500014424324	15.437701	3.48150014877319
15.454021	0.150750011205673	15.46026	3.48075008392334
15.476581	0.150500014424324	15.482815	3.48125004768372
15.499131	0.152125000953674	15.505358	3.48275017738342
15.521678	0.151625007390976	15.527911	3.48475027084351
15.544234	0.153875008225441	15.550471	3.48675012588501
15.56679	0.152375012636185	15.573024	3.48662519454956
15.589353	0.151750013232231	15.595585	3.48625016212463
15.611911	0.151250004768372	15.618143	3.48487520217896
15.63448	0.149250000715256	15.640724	3.48425006866455
15.657048	0.15225000679493	15.663281	3.48525023460388
15.679606	0.15225000679493	15.685839	3.48662519454956
15.702164	0.152750000357628	15.708397	3.48812508583069
15.724733	0.153000012040138	15.73097	3.48950028419495
15.747288	0.149875000119209	15.753521	3.49000024795532
15.769848	0.152625009417534	15.77608	3.48925018310547
15.792399	0.151500001549721	15.798637	3.48825025558472
15.814957	0.149000003933907	15.821194	3.48762512207031
15.837514	0.153375014662743	15.843746	3.48862504959106
15.86007	0.152375012636185	15.866303	3.4905002117157
15.882621	0.153875008225441	15.888859	3.491375207901
15.905179	0.15200001001358	15.911417	3.49275016784668
15.927748	0.15200001001358	15.933981	3.49325013160706
15.950299	0.15225000679493	15.956532	3.49175024032593
15.972861	0.150875002145767	15.979099	3.49150013923645
15.995417	0.151000007987022	16.001654	3.4907500743866
16.017984	0.153125002980232	16.024216	3.491375207901
16.040541	0.152750000357628	16.046773	3.49387526512146
16.063092	0.153500005602837	16.06933	3.49537515640259
16.085652	0.153625011444092	16.091885	3.49562525749207
16.10821	0.152625009417534	16.114443	3.49500012397766
16.130758	0.153000012040138	16.136991	3.49437522888184
16.153344	0.151875004172325	16.159581	3.49300026893616
16.175901	0.152500003576279	16.182134	3.49325013160706
16.19847	0.152375012636185	16.204703	3.49450016021729
16.221027	0.151750013232231	16.227259	3.49612522125244
16.243578	0.153375014662743	16.249816	3.49750018119812
16.266176	0.152375012636185	16.272411	3.49825024604797
16.288733	0.153500005602837	16.294973	3.49712514877319
16.311318	0.15200001001358	16.31755	3.49650025367737
16.333842	0.152125000953674	16.34008	3.49575018882751
16.3564	0.152875006198883	16.362628	3.49600005149841
16.378956	0.153625011444092	16.385188	3.49712514877319
16.401513	0.152875006198883	16.407746	3.49812507629395
16.424064	0.154500007629395	16.430302	3.4997501373291
16.44662	0.153000012040138	16.452856	3.49987506866455
16.46918	0.153875008225441	16.475411	3.49850010871887
16.491733	0.15200001001358	16.49798	3.49837517738342
16.514301	0.15225000679493	16.520534	3.4977502822876
16.536854	0.149875000119209	16.543087	3.49812507629395
16.559411	0.154500007629395	16.565644	3.4995002746582
16.581963	0.15412500500679	16.588196	3.50037527084351
16.604508	0.15412500500679	16.61074	3.50200009346008
16.627059	0.155750006437302	16.633311	3.50187516212463
16.64966	0.153250008821487	16.655893	3.50050020217896
16.672213	0.152750000357628	16.678469	3.49962520599365
16.694801	0.152625009417534	16.701033	3.49962520599365
16.717354	0.152625009417534	16.723592	3.50050020217896
16.739917	0.153875008225441	16.74615	3.50162506103516
16.762478	0.15412500500679	16.768716	3.50287508964539
16.785034	0.15625	16.791271	3.50400018692017
16.807606	0.152750000357628	16.813845	3.50325012207031
16.830184	0.153375014662743	16.836417	3.50250005722046
16.852737	0.15200001001358	16.858969	3.50175023078918
16.875288	0.153125002980232	16.881525	3.50162506103516
16.897845	0.153625011444092	16.904078	3.50225019454956
16.920401	0.153250008821487	16.926633	3.50412511825562
16.942967	0.155500009655952	16.949204	3.50537514686584
16.965523	0.153000012040138	16.97176	3.50587511062622
16.988092	0.153750002384186	16.994324	3.50462508201599
17.01065	0.153000012040138	17.016882	3.50437521934509
17.033202	0.152500003576279	17.039439	3.50362515449524
17.055759	0.153500005602837	17.061996	3.50337505340576
17.078314	0.153250008821487	17.084542	3.50462508201599
17.100868	0.153500005602837	17.1071	3.5061252117157
17.123441	0.156875014305115	17.129679	3.5072500705719
17.146001	0.153625011444092	17.152233	3.5078752040863
17.168577	0.153375014662743	17.17481	3.50712513923645
17.191136	0.153375014662743	17.197368	3.50662517547607
17.213687	0.153375014662743	17.219924	3.50600028038025
17.236243	0.153500005602837	17.242474	3.50587511062622
17.258799	0.153500005602837	17.265057	3.50687527656555
17.281381	0.154750004410744	17.28761	3.50975012779236
17.303935	0.15412500500679	17.310173	3.50975012779236
17.326484	0.15625	17.332722	3.50975012779236
17.349049	0.153875008225441	17.355281	3.50962519645691
17.371604	0.153625011444092	17.377837	3.50800013542175
17.394157	0.153875008225441	17.400396	3.5081250667572
17.416735	0.153625011444092	17.422969	3.50837516784668
17.439285	0.154500007629395	17.445517	3.51012516021729
17.461842	0.155125007033348	17.468091	3.51162505149841
17.484409	0.154875010251999	17.490642	3.51275014877319
17.506963	0.15412500500679	17.513195	3.51137518882751
17.529519	0.153750002384186	17.535751	3.51162505149841
17.55209	0.153000012040138	17.558323	3.51100015640259
17.574641	0.153125002980232	17.580874	3.51062512397766
17.597196	0.154000014066696	17.603435	3.51187515258789
17.619758	0.15412500500679	17.62599	3.51287508010864
17.642346	0.156125009059906	17.648586	3.51412510871887
17.664915	0.154375001788139	17.67115	3.51525020599365
17.687471	0.154375001788139	17.693703	3.51437520980835
17.71002	0.15462501347065	17.716253	3.51412510871887
17.732587	0.154375001788139	17.738825	3.51300024986267
17.755164	0.157375007867813	17.761401	3.51325011253357
17.777721	0.15412500500679	17.783955	3.5145001411438
17.800281	0.154500007629395	17.806513	3.51575016975403
17.822831	0.155625000596046	17.829069	3.51675009727478
17.845387	0.15462501347065	17.851625	3.51762509346008
17.867943	0.15225000679493	17.874176	3.51712512969971
17.8905	0.155500009655952	17.896732	3.51550006866455
17.913059	0.153250008821487	17.919297	3.51525020599365
17.935615	0.15412500500679	17.941852	3.5162501335144
17.958185	0.153125002980232	17.964417	3.51687526702881
17.980734	0.155375003814697	17.986967	3.51887512207031
18.003286	0.154750004410744	18.009524	3.51937508583069
18.025842	0.157375007867813	18.032095	3.51975011825562
18.048414	0.154500007629395	18.054646	3.51937508583069
18.070971	0.15200001001358	18.077203	3.51800012588501
18.093522	0.152500003576279	18.099759	3.51800012588501
18.116078	0.15462501347065	18.122311	3.51850008964539
18.138638	0.154500007629395	18.14487	3.51975011825562
18.161208	0.154750004410744	18.16744	3.52150011062622
18.183759	0.159375011920929	18.189996	3.522625207901
18.206308	0.154375001788139	18.212542	3.5220000743866
18.228867	0.15412500500679	18.235099	3.52187514305115
18.251424	0.154250010848045	18.257657	3.52025008201599
18.273994	0.154375001788139	18.280227	3.52050018310547
18.296556	0.155625000596046	18.302794	3.52112507820129
18.31912	0.15462501347065	18.325352	3.52225017547607
18.341676	0.155625000596046	18.347909	3.52425026893616
18.364237	0.156375005841255	18.37047	3.52512526512146
18.386791	0.154000014066696	18.393023	3.52450013160706
18.40935	0.154500007629395	18.415582	3.52437520027161
18.431906	0.154000014066696	18.438139	3.522625207901
18.454463	0.154375001788139	18.460701	3.5228750705719
18.47702	0.154875010251999	18.483253	3.52362513542175
18.499577	0.154250010848045	18.505808	3.52500009536743
18.522128	0.155500009655952	18.528382	3.52650022506714
18.544703	0.154875010251999	18.550941	3.52700018882751
18.56726	0.154875010251999	18.573493	3.52687525749207
18.589818	0.154875010251999	18.59605	3.52537512779236
18.612369	0.15412500500679	18.618607	3.52487516403198
18.634945	0.153000012040138	18.641189	3.52512526512146
18.657512	0.154500007629395	18.663745	3.52625012397766
18.68007	0.154375001788139	18.686302	3.52812528610229
18.70262	0.155500009655952	18.708857	3.52887511253357
18.725176	0.153750002384186	18.731409	3.52937507629395
18.747731	0.154250010848045	18.753964	3.52887511253357
18.770285	0.15462501347065	18.776517	3.52750015258789
18.792864	0.154375001788139	18.799097	3.52700018882751
18.815422	0.155125007033348	18.821654	3.52725005149841
18.837981	0.155625000596046	18.844213	3.52862524986267
18.860533	0.158375009894371	18.866765	3.5301251411438
18.883089	0.15650001168251	18.889327	3.53112506866455
18.905662	0.156375005841255	18.9119	3.53112506866455
18.928219	0.154875010251999	18.934453	3.53037524223328
18.950779	0.153000012040138	18.957011	3.52950024604797
18.97335	0.154000014066696	18.979587	3.52912521362305
18.995906	0.153750002384186	19.002138	3.52962517738342
19.018469	0.153250008821487	19.024701	3.5310001373291
19.041026	0.155000001192093	19.047258	3.53225016593933
19.063576	0.155750006437302	19.069813	3.53312516212463
19.086132	0.156375005841255	19.09237	3.53287506103516
19.108708	0.153750002384186	19.11494	3.53212523460388
19.131261	0.154375001788139	19.137498	3.5310001373291
19.153847	0.15225000679493	19.160084	3.5307502746582
19.176403	0.154375001788139	19.182636	3.53200006484985
19.198961	0.155000001192093	19.205193	3.53325009346008
19.221516	0.156375005841255	19.227748	3.53412508964539
19.244058	0.160000011324883	19.25029	3.53537511825562
19.266652	0.154500007629395	19.27289	3.53475022315979
19.289218	0.155625000596046	19.295446	3.53287506103516
19.311774	0.155250012874603	19.318007	3.53300023078918
19.334328	0.155000001192093	19.340566	3.53237509727478
19.356885	0.155750006437302	19.363118	3.53362512588501
19.379443	0.15650001168251	19.385676	3.53462505340576
19.401999	0.156125009059906	19.408227	3.53612518310547
19.424553	0.156000003218651	19.43079	3.53625011444092
19.447109	0.156125009059906	19.453347	3.53575015068054
19.469675	0.155375003814697	19.475908	3.53462505340576
19.49223	0.155625000596046	19.498471	3.53437519073486
19.514793	0.155625000596046	19.521031	3.53412508964539
19.537353	0.156125009059906	19.543586	3.53562521934509
19.559909	0.155625000596046	19.566142	3.5373752117157
19.582479	0.156375005841255	19.588717	3.53775024414062
19.605037	0.15625	19.611274	3.53787517547607
19.627606	0.156125009059906	19.633857	3.53775024414062
19.650192	0.155375003814697	19.656424	3.53612518310547
19.672775	0.154750004410744	19.679012	3.53575015068054
19.695333	0.15625	19.701571	3.53625011444092
19.717896	0.155125007033348	19.724129	3.53700017929077
19.740454	0.156375005841255	19.746686	3.53875017166138
19.763007	0.157625004649162	19.769244	3.53925013542175
19.785563	0.154750004410744	19.791801	3.53925013542175
19.80812	0.155875012278557	19.814353	3.53800010681152
19.830677	0.15412500500679	19.83691	3.5376250743866
19.853244	0.155000001192093	19.859477	3.53675007820129
19.875798	0.155750006437302	19.88203	3.53787517547607
19.898351	0.155375003814697	19.904584	3.53925013542175
19.920907	0.15625	19.927139	3.54075026512146
19.94346	0.156125009059906	19.949688	3.54087519645691
19.96601	0.155375003814697	19.972241	3.54037523269653
19.988566	0.155500009655952	19.994799	3.5393750667572
20.011137	0.155625000596046	20.01737	3.5385000705719
20.033689	0.155750006437302	20.039921	3.5385000705719
20.056241	0.156125009059906	20.062479	3.53925013542175
20.078803	0.155375003814697	20.085036	3.54150009155273
20.101361	0.156000003218651	20.107604	3.54187512397766
20.123923	0.153500005602837	20.130161	3.54225015640259
20.146483	0.15625	20.152715	3.54175019264221
20.169039	0.155625000596046	20.175271	3.54000020027161
20.191599	0.152500003576279	20.197831	3.53975009918213
20.214151	0.15650001168251	20.220384	3.53950023651123
20.236703	0.156625002622604	20.24296	3.54062509536743
20.259285	0.152750000357628	20.265538	3.54212522506714
20.281866	0.157625004649162	20.288134	3.54325008392334
20.304473	0.154875010251999	20.310711	3.54300022125244
20.327034	0.156000003218651	20.333267	3.54187512397766
20.349592	0.154500007629395	20.35583	3.54100012779236
20.372173	0.155000001192093	20.378406	3.54037523269653
20.394717	0.156625002622604	20.400955	3.54112505912781
20.417275	0.155875012278557	20.423508	3.54250025749207
20.439834	0.158000007271767	20.446061	3.54400014877319
20.462382	0.156125009059906	20.46862	3.54512524604797
20.484939	0.155000001192093	20.491177	3.5446252822876
20.507496	0.155500009655952	20.513729	3.54325008392334
20.53005	0.154750004410744	20.536283	3.54237508773804
20.552622	0.156000003218651	20.55886	3.54150009155273
20.57518	0.155750006437302	20.581418	3.54225015640259
20.597738	0.15625	20.603971	3.54387521743774
20.620294	0.157625004649162	20.626527	3.54512524604797
20.642869	0.156875014305115	20.649107	3.5455002784729
20.66543	0.157875001430511	20.671668	3.54537510871887
20.687988	0.15625	20.694221	3.54425024986267
20.710546	0.155125007033348	20.716778	3.54350018501282
20.733103	0.155500009655952	20.73934	3.54362511634827
20.755659	0.155375003814697	20.761897	3.54337525367737
20.778217	0.155750006437302	20.784449	3.54562520980835
20.800774	0.157375007867813	20.807006	3.54625010490417
20.82334	0.15675000846386	20.829578	3.5466251373291
20.845896	0.155750006437302	20.85213	3.5463752746582
20.868448	0.156375005841255	20.87468	3.54500007629395
20.891005	0.15462501347065	20.897238	3.54437518119812
20.913557	0.155750006437302	20.919791	3.54412508010864
20.936122	0.156625002622604	20.942368	3.54512524604797
20.958743	0.157000005245209	20.964978	3.54700016975403
20.981291	0.157250002026558	20.987519	3.54762506484985
21.003852	0.15650001168251	21.010085	3.54825019836426
21.026405	0.157375007867813	21.032638	3.54675006866455
21.048959	0.155250012874603	21.055191	3.54562520980835
21.07151	0.155500009655952	21.077744	3.5455002784729
21.094067	0.155500009655952	21.100305	3.5455002784729
21.116624	0.155750006437302	21.122858	3.5466251373291
21.139187	0.157000005245209	21.14542	3.54812526702881
21.161745	0.157375007867813	21.167982	3.54837512969971
21.184302	0.15625	21.190539	3.54887509346008
21.206858	0.15625	21.213091	3.54812526702881
21.229415	0.155625000596046	21.23565	3.54712510108948
21.251969	0.155500009655952	21.258203	3.54625010490417
21.274541	0.159750014543533	21.280775	3.54650020599365
21.297108	0.156375005841255	21.303364	3.54800009727478
21.319682	0.157000005245209	21.325915	3.54950022697449
21.342236	0.157000005245209	21.34847	3.55025005340576
21.364789	0.155250012874603	21.371021	3.55012512207031
21.38734	0.156625002622604	21.393573	3.54825019836426
21.409897	0.155250012874603	21.416129	3.54812526702881
21.432477	0.156375005841255	21.438714	3.54737520217896
21.455034	0.15675000846386	21.461271	3.54812526702881
21.477608	0.156625002622604	21.483836	3.55000019073486
21.500175	0.157250002026558	21.506407	3.55062508583069
21.522728	0.15675000846386	21.528965	3.55100011825562
21.545286	0.155625000596046	21.551524	3.55050015449524
21.567834	0.156125009059906	21.574073	3.54937505722046
21.590399	0.155875012278557	21.596631	3.54875016212463
21.612965	0.156875014305115	21.619202	3.54862523078918
21.635526	0.15625	21.641765	3.55025005340576
21.658093	0.157250002026558	21.664326	3.55037522315979
21.680663	0.157500013709068	21.686895	3.55200028419495
21.703239	0.15675000846386	21.709476	3.55262517929077
21.725795	0.15625	21.732033	3.55012512207031
21.748353	0.155500009655952	21.754585	3.55025005340576
21.770905	0.155625000596046	21.777137	3.54962515830994
21.793456	0.15625	21.799694	3.54962515830994
21.816013	0.155875012278557	21.822245	3.55087518692017
21.838569	0.157625004649162	21.844801	3.55225014686584
21.861127	0.158250004053116	21.86736	3.55287528038025
21.88368	0.157000005245209	21.889917	3.5532500743866
21.906239	0.157000005245209	21.91248	3.55175018310547
21.928805	0.155125007033348	21.935037	3.55075025558472
21.951362	0.156000003218651	21.957603	3.55012512207031
21.973923	0.15650001168251	21.98016	3.55062508583069
21.996479	0.15862500667572	22.002713	3.55237507820129
22.019038	0.158125013113022	22.02527	3.55337524414062
22.041594	0.157625004649162	22.047828	3.55400013923645
22.064149	0.156625002622604	22.070381	3.55400013923645
22.086692	0.156875014305115	22.092932	3.55250024795532
22.109253	0.156000003218651	22.115485	3.55225014686584
22.131819	0.156875014305115	22.138088	3.55125021934509
22.154412	0.157500013709068	22.160644	3.55162525177002
22.176965	0.157375007867813	22.183202	3.55337524414062
22.199526	0.157625004649162	22.205759	3.55437517166138
22.222099	0.157375007867813	22.228332	3.55487513542175
22.24465	0.157750010490417	22.250887	3.55337524414062
22.267255	0.156875014305115	22.273491	3.55312514305115
22.289817	0.15650001168251	22.29605	3.55200028419495
22.312385	0.156375005841255	22.318623	3.55225014686584
22.334942	0.15650001168251	22.34118	3.553875207901
22.3575	0.157000005245209	22.363727	3.55425024032593
22.380052	0.158000007271767	22.386286	3.55575013160706
22.40261	0.15675000846386	22.408849	3.55600023269653
22.425169	0.157625004649162	22.431406	3.55487513542175
22.447726	0.15625	22.453959	3.55362510681152
22.470284	0.15625	22.476516	3.55262517929077
22.492836	0.156375005841255	22.499073	3.55275011062622
22.515392	0.157125011086464	22.52163	3.55462527275085
22.537951	0.157750010490417	22.544184	3.55575013160706
22.560508	0.158500000834465	22.566741	3.55650019645691
22.583062	0.157250002026558	22.589299	3.55662512779236
22.605623	0.157000005245209	22.611861	3.55512523651123
22.628187	0.15625	22.634438	3.55462527275085
22.650773	0.15675000846386	22.657006	3.553875207901
22.673347	0.155125007033348	22.679584	3.553875207901
22.695916	0.157000005245209	22.70215	3.55550026893616
22.718471	0.157500013709068	22.724704	3.55762505531311
22.741027	0.157500013709068	22.74726	3.55762505531311
22.763578	0.15650001168251	22.769815	3.55700016021729
22.786134	0.153750002384186	22.792371	3.55600023269653
22.808711	0.156375005841255	22.814943	3.55450010299683
22.831259	0.157000005245209	22.837491	3.55425024032593
22.853853	0.156875014305115	22.860091	3.5550000667572
22.876411	0.157125011086464	22.882645	3.55612516403198
22.898965	0.158125013113022	22.905198	3.55712509155273
22.921522	0.15675000846386	22.927755	3.55825018882751
22.944074	0.157625004649162	22.950306	3.55775022506714
22.966639	0.15675000846386	22.972872	3.55675005912781
22.989195	0.155750006437302	22.995428	3.55525016784668
23.011751	0.157875001430511	23.017989	3.5550000667572
23.034308	0.156125009059906	23.040545	3.55625009536743
23.056864	0.156625002622604	23.063097	3.55750012397766
23.07942	0.158750012516975	23.085652	3.55800008773804
23.101976	0.157375007867813	23.108209	3.55900025367737
23.124528	0.156875014305115	23.130761	3.55750012397766
23.147099	0.156875014305115	23.153354	3.55700016021729
23.169682	0.156375005841255	23.175914	3.55525016784668
23.192234	0.156875014305115	23.19847	3.55537509918213
23.214793	0.15650001168251	23.221025	3.55662512779236
23.237346	0.158125013113022	23.243578	3.55812525749207
23.2599	0.157875001430511	23.26614	3.55912518501282
23.28249	0.155875012278557	23.288723	3.55950021743774
23.305044	0.156000003218651	23.311281	3.55812525749207
23.327609	0.15650001168251	23.333842	3.55637526512146
23.350166	0.157250002026558	23.356398	3.55625009536743
23.372718	0.156375005841255	23.378956	3.55600023269653
23.395274	0.157375007867813	23.401511	3.55775022506714
23.417831	0.157000005245209	23.424063	3.55900025367737
23.440387	0.159500002861023	23.446619	3.56000018119812
23.462966	0.157125011086464	23.469204	3.55925011634827
23.485522	0.157875001430511	23.491759	3.55850005149841
23.508094	0.15650001168251	23.514327	3.55737519264221
23.530651	0.156875014305115	23.536884	3.55675005912781
23.553203	0.153750002384186	23.559441	3.55737519264221
23.57576	0.157500013709068	23.581998	3.55862522125244
23.598317	0.158125013113022	23.60455	3.56037521362305
23.620874	0.157000005245209	23.627106	3.56037521362305
23.643451	0.157250002026558	23.64969	3.55950021743774
23.666013	0.157125011086464	23.672246	3.55875015258789
23.688576	0.156625002622604	23.694808	3.55750012397766
23.711131	0.156875014305115	23.717364	3.55762505531311
23.733686	0.157000005245209	23.739924	3.55837512016296
23.756242	0.157375007867813	23.762478	3.55937528610229
23.778803	0.15862500667572	23.785035	3.56087517738342
23.801359	0.157625004649162	23.807603	3.56062507629395
23.823926	0.158125013113022	23.830164	3.5602502822876
23.846484	0.157500013709068	23.852717	3.55937528610229
23.869043	0.157250002026558	23.875276	3.55825018882751
23.891599	0.161375001072884	23.897832	3.55787515640259
23.914151	0.155625000596046	23.920389	3.55900025367737
23.936708	0.157750010490417	23.942961	3.55975008010864
23.959285	0.158250004053116	23.965517	3.5613751411438
23.981841	0.15675000846386	23.98809	3.56100010871887
24.00441	0.156875014305115	24.010648	3.5602502822876
24.02698	0.157250002026558	24.033212	3.55850005149841
24.049536	0.156625002622604	24.055768	3.55850005149841
24.072095	0.158000007271767	24.078328	3.55887508392334
24.094647	0.157375007867813	24.100884	3.55962514877319
24.117204	0.159250006079674	24.123439	3.56087517738342
24.139778	0.158375009894371	24.146011	3.56175017356873
24.162331	0.156875014305115	24.168569	3.56162524223328
24.18489	0.157625004649162	24.191123	3.56062507629395
24.207443	0.15650001168251	24.213676	3.55925011634827
24.229997	0.155875012278557	24.236229	3.55887508392334
24.252565	0.157125011086464	24.258799	3.55937528610229
24.275119	0.157875001430511	24.281352	3.56037521362305
24.297704	0.15650001168251	24.303939	3.56187510490417
24.320263	0.157875001430511	24.326496	3.56187510490417
24.342827	0.161500006914139	24.349065	3.56187510490417
24.365385	0.157000005245209	24.371622	3.56062507629395
24.387944	0.156625002622604	24.394177	3.55937528610229
24.4105	0.156375005841255	24.416732	3.55887508392334
24.433057	0.156625002622604	24.439295	3.55975008010864
24.455614	0.157500013709068	24.461851	3.56075024604797
24.478183	0.158875003457069	24.484415	3.56237506866455
24.500739	0.157875001430511	24.506972	3.56237506866455
24.523307	0.156875014305115	24.529544	3.56175017356873
24.545855	0.157250002026558	24.552097	3.56062507629395
24.568417	0.156375005841255	24.57465	3.55950021743774
24.590974	0.15675000846386	24.597206	3.55925011634827
24.613521	0.157625004649162	24.619759	3.56037521362305
24.636101	0.157500013709068	24.642341	3.5620002746582
24.658668	0.158250004053116	24.6649	3.56287527084351
24.681223	0.156625002622604	24.687451	3.56250023841858
24.703782	0.156875014305115	24.71002	3.5620002746582
24.726339	0.157125011086464	24.732572	3.56075024604797
24.748899	0.157500013709068	24.755132	3.55937528610229
24.771452	0.157500013709068	24.777698	3.56037521362305
24.794017	0.157000005245209	24.800254	3.56087517738342
24.816574	0.157750010490417	24.822806	3.56250023841858
24.83913	0.158500000834465	24.845363	3.5631251335144
24.861687	0.158375009894371	24.86792	3.56275010108948
24.884241	0.157875001430511	24.890479	3.56162524223328
24.906798	0.15625	24.913026	3.5605001449585
24.929351	0.157375007867813	24.935584	3.56012511253357
24.951907	0.158250004053116	24.95814	3.56075024604797
24.97446	0.157500013709068	24.980697	3.56150007247925
24.997017	0.158250004053116	25.003249	3.5631251335144
25.019573	0.158875003457069	25.025806	3.56375026702881
25.042124	0.157500013709068	25.048357	3.56325006484985
25.064691	0.158500000834465	25.070928	3.56187510490417
25.087248	0.157125011086464	25.093481	3.56087517738342
25.109806	0.160000011324883	25.116038	3.56087517738342
25.132375	0.158000007271767	25.138613	3.5611252784729
25.154933	0.156875014305115	25.161171	3.56237506866455
25.177489	0.159375011920929	25.183725	3.56375026702881
25.20005	0.157875001430511	25.206282	3.56450009346008
25.222601	0.157375007867813	25.228838	3.56325006484985
25.245155	0.157750010490417	25.251383	3.56237506866455
25.267729	0.157375007867813	25.273977	3.56100010871887
25.290301	0.157750010490417	25.296529	3.56125020980835
25.312857	0.157750010490417	25.319097	3.56187510490417
25.335433	0.157875001430511	25.341666	3.5631251335144
25.357989	0.159125000238419	25.364223	3.56400012969971
25.380543	0.154875010251999	25.386775	3.56400012969971
25.403095	0.157375007867813	25.409334	3.56387519836426
25.425671	0.157625004649162	25.431909	3.56275010108948
25.448229	0.157250002026558	25.454468	3.56125020980835
25.470794	0.157250002026558	25.477026	3.5613751411438
25.493347	0.157250002026558	25.499585	3.56212520599365
25.515904	0.157750010490417	25.522137	3.56400012969971
25.538469	0.16125001013279	25.544702	3.56425023078918
25.561025	0.157375007867813	25.567257	3.56412506103516
25.583579	0.15675000846386	25.589816	3.56387519836426
25.606136	0.157625004649162	25.61237	3.56187510490417
25.628696	0.157125011086464	25.634947	3.56175017356873
25.651274	0.158250004053116	25.657507	3.5622501373291
25.673834	0.157250002026558	25.680072	3.5631251335144
25.696391	0.158500000834465	25.702624	3.56450009346008
25.718948	0.158875003457069	25.725176	3.56512522697449
25.741502	0.157375007867813	25.747736	3.56462526321411
25.764071	0.161125004291534	25.770309	3.56387519836426
25.786619	0.156625002622604	25.792861	3.56287527084351
25.809188	0.157500013709068	25.81542	3.56212520599365
25.831744	0.157625004649162	25.837981	3.56262516975403
25.8543	0.157875001430511	25.860537	3.56400012969971
25.876856	0.158000007271767	25.883088	3.56525015830994
25.899412	0.158000007271767	25.905645	3.56575012207031
25.921969	0.157375007867813	25.928201	3.56487512588501
25.94452	0.158375009894371	25.950757	3.56325006484985
25.96709	0.157125011086464	25.973341	3.56275010108948
25.989657	0.157000005245209	25.99589	3.5622501373291
26.01221	0.158125013113022	26.018443	3.56350016593933
26.034763	0.157875001430511	26.041001	3.56462526321411
26.057319	0.157375007867813	26.063552	3.56537508964539
26.079877	0.157000005245209	26.086114	3.56487512588501
26.102442	0.157625004649162	26.108674	3.56537508964539
26.124994	0.157875001430511	26.131233	3.56350016593933
26.147565	0.156000003218651	26.153797	3.56275010108948
26.170123	0.15675000846386	26.176355	3.56300020217896
26.192675	0.156625002622604	26.198913	3.56387519836426
26.215233	0.157500013709068	26.221471	3.56512522697449
26.23779	0.158000007271767	26.244023	3.56625008583069
26.260343	0.157000005245209	26.2666	3.56650018692017
26.282926	0.156625002622604	26.289165	3.56550025939941
26.305492	0.157500013709068	26.31173	3.56387519836426
26.328052	0.157500013709068	26.334286	3.56325006484985
26.350609	0.157250002026558	26.356841	3.56387519836426
26.373218	0.156625002622604	26.379451	3.56437516212463
26.395773	0.159125000238419	26.40201	3.56587505340576
26.418333	0.158250004053116	26.424567	3.56662511825562
26.440888	0.157625004649162	26.44712	3.56637525558472
26.463441	0.157625004649162	26.469673	3.56500005722046
26.485996	0.15650001168251	26.492229	3.56412506103516
26.508549	0.156375005841255	26.514781	3.56337523460388
26.531099	0.157375007867813	26.537332	3.56425023078918
26.553651	0.158750012516975	26.559889	3.56550025939941
26.576208	0.15862500667572	26.582441	3.56662511825562
26.598765	0.158375009894371	26.604998	3.56700015068054
26.621323	0.158500000834465	26.627555	3.56650018692017
26.643903	0.157500013709068	26.65014	3.56512522697449
26.666461	0.157500013709068	26.672695	3.56400012969971
26.689033	0.158375009894371	26.695266	3.56437516212463
26.711591	0.157625004649162	26.717819	3.56487512588501
26.734141	0.15675000846386	26.740378	3.56637525558472
26.756697	0.158375009894371	26.762925	3.56725025177002
26.779254	0.158375009894371	26.785486	3.56737518310547
26.80181	0.157625004649162	26.808043	3.56712508201599
26.824362	0.157125011086464	26.8306	3.56562519073486
26.846919	0.157250002026558	26.853152	3.56487512588501
26.869479	0.157875001430511	26.875711	3.56437516212463
26.892036	0.157500013709068	26.898269	3.56500005722046
26.914589	0.157750010490417	26.920826	3.56687521934509
26.937146	0.159375011920929	26.943379	3.56737518310547
26.959704	0.158250004053116	26.965937	3.56737518310547
26.982256	0.161750003695488	26.98849	3.56687521934509
27.004808	0.156875014305115	27.011046	3.56525015830994
27.027364	0.15650001168251	27.033596	3.56512522697449
27.049922	0.158250004053116	27.056155	3.56487512588501
27.072479	0.157750010490417	27.078716	3.56575012207031
27.095037	0.159125000238419	27.101274	3.56787514686584
27.117607	0.15862500667572	27.12384	3.56825017929077
27.140167	0.154750004410744	27.1464	3.56812524795532
27.162718	0.157625004649162	27.168955	3.56762528419495
27.185275	0.157000005245209	27.191512	3.56550025939941
27.207831	0.157625004649162	27.214064	3.56487512588501
27.230391	0.157000005245209	27.236623	3.56550025939941
27.252968	0.162875011563301	27.259201	3.56637525558472
27.275536	0.158375009894371	27.28177	3.56825017929077
27.298104	0.157875001430511	27.304338	3.5686252117157
27.320663	0.158250004053116	27.326896	3.56812524795532
27.343216	0.157375007867813	27.349453	3.56712508201599
27.365772	0.157625004649162	27.37201	3.56612515449524
27.388328	0.157750010490417	27.394561	3.56587505340576
27.410886	0.158750012516975	27.417119	3.56625008583069
27.433442	0.159375011920929	27.439675	3.56762528419495
27.455997	0.16100001335144	27.46223	3.5688750743866
27.478575	0.158750012516975	27.484807	3.56900024414062
27.501129	0.158375009894371	27.507362	3.5686252117157
27.523681	0.153625011444092	27.529914	3.56687521934509
27.546234	0.158875003457069	27.552481	3.56662511825562
27.568813	0.15625	27.575045	3.56550025939941
27.59137	0.158250004053116	27.597603	3.56662511825562
27.613923	0.157500013709068	27.620161	3.56837511062622
27.636486	0.158750012516975	27.64272	3.56900024414062
27.659047	0.158125013113022	27.665279	3.5686252117157
27.681603	0.158125013113022	27.687836	3.56850028038025
27.704155	0.157125011086464	27.710392	3.56700015068054
27.726702	0.157875001430511	27.732981	3.56637525558472
27.749323	0.157625004649162	27.755557	3.56662511825562
27.77188	0.158375009894371	27.778113	3.56825017929077
27.794434	0.16125001013279	27.800671	3.56900024414062
27.816993	0.15862500667572	27.82324	3.5706250667572
27.839564	0.158000007271767	27.845797	3.56937527656555
27.862115	0.159625008702278	27.868348	3.56850028038025
27.884666	0.15625	27.890903	3.56750011444092
27.907223	0.157875001430511	27.913455	3.56675028800964
27.929793	0.158250004053116	27.936025	3.56725025177002
27.952344	0.158250004053116	27.958581	3.56837511062622
27.974901	0.159625008702278	27.981139	3.56925010681152
27.997457	0.159000009298325	28.00369	3.5697500705719
28.020014	0.158500000834465	28.026247	3.5697500705719
28.04257	0.157625004649162	28.048807	3.56725025177002
28.065125	0.157625004649162	28.071362	3.56762528419495
28.087697	0.157500013709068	28.09393	3.56687521934509
28.110254	0.158375009894371	28.116487	3.56787514686584
28.132812	0.157625004649162	28.139051	3.56937527656555
28.155371	0.159000009298325	28.161608	3.5703752040863
28.177928	0.158500000834465	28.184161	3.5697500705719
28.200484	0.158250004053116	28.206716	3.57012510299683
28.223068	0.157875001430511	28.229305	3.56837511062622
28.245625	0.157500013709068	28.251863	3.5677502155304
28.268225	0.159000009298325	28.27446	3.5677502155304
28.290808	0.156875014305115	28.297042	3.56800007820129
28.313367	0.158750012516975	28.319606	3.56987524032593
28.335929	0.159125000238419	28.342162	3.5706250667572
28.358483	0.157875001430511	28.364715	3.57050013542175
28.381041	0.157625004649162	28.387273	3.56962513923645
28.403593	0.157625004649162	28.40983	3.56900024414062
28.42615	0.157375007867813	28.432383	3.56762528419495
28.448707	0.158125013113022	28.45494	3.5677502155304
28.471268	0.15862500667572	28.477501	3.569500207901
28.493831	0.159125000238419	28.500063	3.57025027275085
28.516386	0.159250006079674	28.522619	3.57100009918213
28.538943	0.157250002026558	28.545176	3.57125020027161
28.561497	0.157875001430511	28.56773	3.569500207901
28.58405	0.161375001072884	28.590282	3.56900024414062
28.606592	0.157875001430511	28.612825	3.56812524795532
28.62915	0.158125013113022	28.635394	3.56875014305115
28.651722	0.158375009894371	28.657955	3.57000017166138
28.674278	0.158875003457069	28.680515	3.57100009918213
28.696856	0.159000009298325	28.70309	3.57175016403198
28.71942	0.15862500667572	28.725653	3.57112526893616
28.741978	0.159000009298325	28.748211	3.56987524032593
28.764521	0.157250002026558	28.77076	3.56900024414062
28.787086	0.157375007867813	28.793344	3.56900024414062
28.809686	0.158750012516975	28.815919	3.56937527656555
28.832239	0.15650001168251	28.838472	3.57100009918213
28.854797	0.158875003457069	28.861033	3.57125020027161
28.877352	0.15862500667572	28.883615	3.57200026512146
28.899999	0.157375007867813	28.906266	3.57112526893616
28.922653	0.157500013709068	28.928914	3.56987524032593
28.945266	0.157500013709068	28.9515	3.56875014305115
28.967816	0.157750010490417	28.974049	3.56875014305115
28.990377	0.15675000846386	28.996615	3.57012510299683
29.012962	0.158125013113022	29.0192	3.57100009918213
29.035512	0.159500002861023	29.041744	3.57162523269653
29.058088	0.157750010490417	29.064321	3.57187509536743
29.080646	0.158250004053116	29.086878	3.57100009918213
29.103197	0.159250006079674	29.109434	3.57000017166138
29.125753	0.156375005841255	29.131991	3.56925010681152
29.148312	0.158125013113022	29.154545	3.56912517547607
29.170869	0.157875001430511	29.177101	3.5706250667572
29.193446	0.15462501347065	29.199684	3.57187509536743
29.216017	0.158750012516975	29.222249	3.57287526130676
29.238568	0.157875001430511	29.244795	3.57262516021729
29.261142	0.158250004053116	29.267383	3.57125020027161
29.283705	0.158000007271767	29.289939	3.5703752040863
29.30626	0.157625004649162	29.312493	3.56987524032593
29.328818	0.158750012516975	29.33505	3.57025027275085
29.351374	0.158375009894371	29.35761	3.57137513160706
29.373928	0.160125002264977	29.380166	3.57287526130676
29.396488	0.157375007867813	29.40272	3.57300019264221
29.41906	0.158375009894371	29.425292	3.57175016403198
29.441612	0.157875001430511	29.447844	3.5715000629425
29.464165	0.155625000596046	29.470402	3.57025027275085
29.486724	0.158000007271767	29.492961	3.56987524032593
29.509285	0.158500000834465	29.515518	3.57012510299683
29.531842	0.157625004649162	29.53809	3.57162523269653
29.554408	0.160375013947487	29.560645	3.57287526130676
29.576965	0.158500000834465	29.583198	3.57350015640259
29.599518	0.158375009894371	29.605752	3.57187509536743
29.622089	0.157500013709068	29.628322	3.57137513160706
29.644675	0.158500000834465	29.650908	3.57000017166138
29.667232	0.158500000834465	29.673465	3.5703752040863
29.689789	0.158250004053116	29.696021	3.57112526893616
29.712343	0.158000007271767	29.718581	3.57225012779236
29.734901	0.159625008702278	29.741133	3.57362508773804
29.757458	0.16075000166893	29.763691	3.57350015640259
29.780032	0.157875001430511	29.786264	3.57275009155273
29.802584	0.157625004649162	29.808817	3.5715000629425
29.825141	0.157875001430511	29.831379	3.57075023651123
29.847699	0.157625004649162	29.853932	3.5706250667572
29.870257	0.157000005245209	29.876489	3.57175016403198
29.892809	0.159500002861023	29.899047	3.57275009155273
29.915368	0.159125000238419	29.921606	3.57375025749207
29.937925	0.159500002861023	29.944158	3.57350015640259
29.960486	0.158000007271767	29.966718	3.57237505912781
29.98306	0.157000005245209	29.989292	3.57112526893616
30.005612	0.157125011086464	30.01185	3.57075023651123
30.028182	0.158125013113022	30.034415	3.57137513160706
30.05074	0.157625004649162	30.056973	3.57250022888184
30.073292	0.159250006079674	30.07953	3.57325005531311
30.095849	0.159000009298325	30.102091	3.57437515258789
30.11841	0.158375009894371	30.124643	3.57400012016296
30.140983	0.158125013113022	30.147216	3.57275009155273
30.163536	0.157750010490417	30.169773	3.57125020027161
30.186095	0.157875001430511	30.192327	3.57100009918213
30.20865	0.158250004053116	30.214882	3.57162523269653
30.231207	0.158875003457069	30.237439	3.57287526130676
30.253758	0.160125002264977	30.259991	3.57425022125244
30.27633	0.159250006079674	30.282577	3.57487511634827
30.298917	0.158250004053116	30.30515	3.57375025749207
30.321486	0.158375009894371	30.32772	3.57262516021729
30.34404	0.157250002026558	30.350277	3.57125020027161
30.366588	0.158750012516975	30.372822	3.57125020027161
30.38915	0.156875014305115	30.395383	3.57237505912781
30.411708	0.158875003457069	30.417941	3.57312512397766
30.434261	0.159250006079674	30.440499	3.57475018501282
30.45682	0.158500000834465	30.463058	3.57487511634827
30.479381	0.158375009894371	30.485614	3.57350015640259
30.501938	0.157625004649162	30.50818	3.57237505912781
30.524499	0.158250004053116	30.530731	3.57187509536743
30.547065	0.158125013113022	30.553298	3.57212519645691
30.569622	0.15862500667572	30.575855	3.57275009155273
30.592188	0.16312500834465	30.598421	3.57337522506714
30.614741	0.159125000238419	30.620978	3.57500028610229
30.637337	0.159250006079674	30.643574	3.57450008392334
30.6599	0.158750012516975	30.666133	3.57362508773804
30.682467	0.15862500667572	30.6887	3.57250022888184
30.705021	0.157875001430511	30.711259	3.57200026512146
30.727598	0.158500000834465	30.733836	3.57237505912781
30.750157	0.15862500667572	30.756385	3.57325005531311
30.772708	0.159750014543533	30.778941	3.57525014877319
30.795268	0.159125000238419	30.801502	3.57500028610229
30.817824	0.159500002861023	30.824052	3.57487511634827
30.840374	0.162000000476837	30.846601	3.57375025749207
30.862924	0.156875014305115	30.869162	3.57262516021729
30.885498	0.159375011920929	30.891735	3.57200026512146
30.908056	0.158875003457069	30.914289	3.57287526130676
30.930611	0.157875001430511	30.936843	3.57400012016296
30.953164	0.160000011324883	30.959401	3.5758752822876
30.97572	0.159750014543533	30.981958	3.57537508010864
30.998277	0.15862500667572	31.00451	3.57475018501282
31.020837	0.158000007271767	31.02707	3.57400012016296
31.043389	0.158375009894371	31.049627	3.57250022888184
31.06596	0.159500002861023	31.072193	3.57287526130676
31.088512	0.158375009894371	31.094739	3.57325005531311
31.111065	0.158375009894371	31.117298	3.57425022125244
31.133642	0.162500008940697	31.13988	3.57575011253357
31.156202	0.157625004649162	31.162434	3.57600021362305
31.178759	0.158250004053116	31.184992	3.57437515258789
31.201316	0.157750010490417	31.207548	3.57362508773804
31.223847	0.158000007271767	31.230084	3.57250022888184
31.246394	0.158750012516975	31.252633	3.57237505912781
31.268998	0.158375009894371	31.275227	3.57400012016296
31.291545	0.159250006079674	31.297774	3.57562518119812
31.3141	0.16125001013279	31.320338	3.57625007629395
31.336658	0.159750014543533	31.34289	3.57575011253357
31.359216	0.15862500667572	31.365448	3.57462525367737
31.381772	0.157625004649162	31.388005	3.57325005531311
31.404324	0.15675000846386	31.410561	3.57300019264221
31.42688	0.158500000834465	31.433113	3.57325005531311
31.44944	0.15862500667572	31.455672	3.57412505149841
31.471997	0.162125006318092	31.47823	3.57600021362305
31.494555	0.161875009536743	31.500792	3.57637524604797
31.517113	0.159125000238419	31.523349	3.5758752822876
31.539674	0.157125011086464	31.545907	3.57475018501282
31.562226	0.153875008225441	31.568469	3.57325005531311
31.584787	0.158125013113022	31.591026	3.57337522506714
31.607344	0.157625004649162	31.613576	3.57387518882751
31.629914	0.157875001430511	31.636175	3.57525014877319
31.652497	0.158500000834465	31.658731	3.5761251449585
31.675053	0.158000007271767	31.681291	3.5767502784729
31.69761	0.157625004649162	31.703843	3.57600021362305
31.720167	0.15862500667572	31.726399	3.57487511634827
31.742719	0.158375009894371	31.748957	3.57337522506714
31.765275	0.157750010490417	31.771513	3.57337522506714
31.787833	0.163875013589859	31.794066	3.57437515258789
31.810388	0.158000007271767	31.816621	3.5758752822876
31.832966	0.159000009298325	31.839199	3.57662510871887
31.855524	0.158875003457069	31.861757	3.5767502784729
31.878095	0.157500013709068	31.88433	3.57600021362305
31.900654	0.159125000238419	31.906891	3.57475018501282
31.923206	0.157625004649162	31.929439	3.57387518882751
31.945759	0.157875001430511	31.951992	3.57375025749207
31.96832	0.158000007271767	31.974558	3.57475018501282
31.990884	0.159250006079674	31.997117	3.57600021362305
32.013439	0.157000005245209	32.019677	3.5770001411438
32.035996	0.159000009298325	32.042229	3.5767502784729
32.058574	0.157750010490417	32.064807	3.57600021362305
32.081132	0.157625004649162	32.087365	3.57400012016296
32.103684	0.158375009894371	32.109921	3.57387518882751
32.12624	0.158375009894371	32.132485	3.57437515258789
32.14881	0.157875001430511	32.155043	3.57562518119812
32.171382	0.159375011920929	32.177615	3.57712507247925
32.193934	0.159125000238419	32.200171	3.57775020599365
32.216492	0.157625004649162	32.222725	3.5767502784729
32.23905	0.159375011920929	32.245282	3.57575011253357
32.261624	0.157875001430511	32.267933	3.57462525367737
32.284257	0.158250004053116	32.290501	3.57387518882751
32.306827	0.158000007271767	32.31306	3.57537508010864
32.329385	0.159500002861023	32.335617	3.5758752822876
32.351948	0.160000011324883	32.358184	3.57687520980835
32.374507	0.159000009298325	32.380744	3.57662510871887
32.397064	0.158250004053116	32.403297	3.57687520980835
32.419621	0.157875001430511	32.425854	3.57537508010864
32.442188	0.157500013709068	32.448422	3.57500028610229
32.46474	0.159125000238419	32.470978	3.57350015640259
32.487295	0.157625004649162	32.493527	3.57525014877319
32.50985	0.158125013113022	32.516083	3.57687520980835
32.532402	0.159125000238419	32.53864	3.57750010490417
32.554973	0.158750012516975	32.561211	3.57662510871887
32.577528	0.157875001430511	32.583761	3.57650017738342
32.600085	0.158875003457069	32.606317	3.57525014877319
32.622635	0.158750012516975	32.628872	3.57475018501282
32.645221	0.159625008702278	32.651459	3.57487511634827
32.667781	0.158875003457069	32.674013	3.57562518119812
32.690338	0.158750012516975	32.69657	3.57737517356873
32.712889	0.159500002861023	32.719127	3.57775020599365
32.735452	0.159250006079674	32.74169	3.57750010490417
32.75801	0.158750012516975	32.764238	3.57725024223328
32.780563	0.158375009894371	32.786796	3.57512521743774
32.803116	0.158125013113022	32.809353	3.57500028610229
32.825672	0.15675000846386	32.831905	3.57537508010864
32.848225	0.158375009894371	32.854457	3.57625007629395
32.870782	0.160500004887581	32.877015	3.57750010490417
32.89335	0.158875003457069	32.899587	3.57837510108948
32.91591	0.157750010490417	32.922143	3.57725024223328
32.93847	0.15862500667572	32.944703	3.57662510871887
32.961026	0.15862500667572	32.967259	3.57525014877319
32.983584	0.157125011086464	32.989818	3.57487511634827
33.006135	0.157375007867813	33.012383	3.57550024986267
33.028704	0.158750012516975	33.034931	3.57687520980835
33.051256	0.159750014543533	33.057488	3.5778751373291
33.073835	0.159125000238419	33.080073	3.57800006866455
33.096393	0.158500000834465	33.102627	3.57800006866455
33.118954	0.158750012516975	33.125186	3.5761251449585
33.141514	0.158000007271767	33.147747	3.57512521743774
33.164066	0.159000009298325	33.170304	3.57525014877319
33.186624	0.159375011920929	33.192857	3.57550024986267
33.209182	0.159125000238419	33.215414	3.57687520980835
33.231739	0.159875005483627	33.237981	3.57862520217896
33.254302	0.158500000834465	33.260535	3.57725024223328
33.276877	0.159750014543533	33.28311	3.57750010490417
33.299433	0.157875001430511	33.305667	3.57625007629395
33.321994	0.159125000238419	33.328226	3.57550024986267
33.344547	0.159375011920929	33.350784	3.57537508010864
33.367103	0.158875003457069	33.373347	3.57662510871887
33.389672	0.15862500667572	33.395904	3.5778751373291
33.412223	0.159000009298325	33.418469	3.5787501335144
33.434789	0.158250004053116	33.441026	3.57862520217896
33.457346	0.158500000834465	33.463579	3.5776252746582
33.479906	0.155750006437302	33.486139	3.57650017738342
33.502479	0.158375009894371	33.508713	3.5758752822876
33.525033	0.159625008702278	33.531271	3.57575011253357
33.547607	0.158125013113022	33.553839	3.5770001411438
33.570163	0.160000011324883	33.576395	3.57825016975403
33.592714	0.159875005483627	33.598952	3.57887506484985
33.61527	0.157500013709068	33.621507	3.57850027084351
33.637851	0.159125000238419	33.644084	3.57687520980835
33.660425	0.157625004649162	33.666658	3.57650017738342
33.682973	0.158000007271767	33.689211	3.57575011253357
33.705532	0.158750012516975	33.71177	3.57637524604797
33.728093	0.159750014543533	33.734326	3.57800006866455
33.750651	0.160375013947487	33.756883	3.57850027084351
33.773201	0.159000009298325	33.779439	3.5787501335144
33.795757	0.159250006079674	33.801994	3.57825016975403
33.818314	0.15862500667572	33.824546	3.57687520980835
33.840865	0.153125002980232	33.847097	3.57637524604797
33.863439	0.159125000238419	33.869676	3.57562518119812
33.885995	0.158500000834465	33.892228	3.5767502784729
33.908574	0.158750012516975	33.914806	3.57837510108948
33.93113	0.159625008702278	33.937363	3.57912516593933
33.953681	0.159250006079674	33.959919	3.57925009727478
33.97624	0.157750010490417	33.98248	3.57850027084351
33.998805	0.15862500667572	34.005037	3.57712507247925
34.021361	0.157500013709068	34.027604	3.57650017738342
34.043916	0.158875003457069	34.050154	3.57637524604797
34.066481	0.157500013709068	34.07271	3.5770001411438
34.089037	0.159750014543533	34.095269	3.57837510108948
34.111589	0.159875005483627	34.117823	3.57900023460388
34.134156	0.157000005245209	34.140396	3.57925009727478
34.156708	0.15862500667572	34.162976	3.57837510108948
34.179297	0.15862500667572	34.185529	3.57662510871887
34.20187	0.158250004053116	34.208103	3.57625007629395
34.224421	0.158125013113022	34.230654	3.57637524604797
34.246974	0.158250004053116	34.253207	3.57812523841858
34.269553	0.159750014543533	34.275787	3.57887506484985
34.292123	0.159875005483627	34.298358	3.57937526702881
34.31468	0.154500007629395	34.320918	3.57937526702881
34.337236	0.157000005245209	34.343468	3.5776252746582
34.359793	0.157750010490417	34.366025	3.57662510871887
34.382375	0.153875008225441	34.388613	3.57600021362305
34.404932	0.158250004053116	34.411165	3.57687520980835
34.427486	0.158375009894371	34.433727	3.5778751373291
34.450049	0.159000009298325	34.456281	3.57912516593933
34.472601	0.15862500667572	34.478839	3.57950019836426
34.495158	0.155250012874603	34.501396	3.57912516593933
34.517712	0.158875003457069	34.523945	3.5770001411438
34.540268	0.158250004053116	34.5465	3.5767502784729
34.562823	0.157000005245209	34.569061	3.57637524604797
34.585394	0.157875001430511	34.591631	3.57687520980835
34.60795	0.159125000238419	34.614183	3.5787501335144
34.630508	0.159250006079674	34.636776	3.57937526702881
34.653101	0.159125000238419	34.65934	3.57950019836426
34.675662	0.159250006079674	34.6819	3.57912516593933
34.698223	0.158125013113022	34.704456	3.57687520980835
34.72078	0.157875001430511	34.727013	3.5767502784729
34.743347	0.157875001430511	34.749584	3.57650017738342
34.765907	0.159000009298325	34.77214	3.5776252746582
34.788469	0.159125000238419	34.794702	3.57950019836426
34.811026	0.160125002264977	34.817259	3.57975006103516
34.833581	0.158000007271767	34.839818	3.57925009727478
34.856138	0.15862500667572	34.86237	3.57837510108948
34.878695	0.158250004053116	34.884928	3.57737517356873
34.901246	0.158250004053116	34.907479	3.57562518119812
34.923797	0.159625008702278	34.930035	3.57687520980835
34.946354	0.155375003814697	34.952587	3.57850027084351
34.968925	0.159875005483627	34.975157	3.57912516593933
34.991482	0.160000011324883	34.997714	3.57987523078918
35.014035	0.158500000834465	35.020273	3.57975006103516
35.036593	0.158375009894371	35.042827	3.57825016975403
35.059152	0.158500000834465	35.065384	3.57775020599365
35.081708	0.158375009894371	35.087936	3.57662510871887
35.104258	0.159125000238419	35.110495	3.57750010490417
35.12682	0.159250006079674	35.133069	3.57850027084351
35.149393	0.160125002264977	35.155626	3.57925009727478
35.171953	0.159500002861023	35.178186	3.57950019836426
35.194507	0.158250004053116	35.200739	3.57950019836426
35.217061	0.163375005125999	35.223295	3.57825016975403
35.239616	0.159000009298325	35.245843	3.57725024223328
35.262185	0.159000009298325	35.268439	3.5770001411438
35.284763	0.158750012516975	35.290996	3.5776252746582
35.307336	0.158125013113022	35.313569	3.57900023460388
35.329887	0.160250008106232	35.33612	3.57925009727478
35.352439	0.15862500667572	35.358676	3.58025026321411
35.374996	0.16312500834465	35.381233	3.57962512969971
35.397552	0.157750010490417	35.403785	3.57800006866455
35.420111	0.157750010490417	35.426344	3.57712507247925
35.442663	0.157625004649162	35.448901	3.5770001411438
35.465219	0.158750012516975	35.471457	3.57850027084351
35.487789	0.159625008702278	35.494022	3.57962512969971
35.510341	0.159250006079674	35.516573	3.58037519454956
35.532892	0.158875003457069	35.539129	3.58050012588501
35.555447	0.157750010490417	35.561679	3.57937526702881
35.577997	0.157000005245209	35.58423	3.57775020599365
35.600554	0.159000009298325	35.606786	3.57650017738342
35.623106	0.158375009894371	35.629344	3.5770001411438
35.645702	0.159125000238419	35.65194	3.57812523841858
35.668279	0.160000011324883	35.674512	3.57987523078918
35.690837	0.159625008702278	35.69707	3.58075022697449
35.713392	0.159000009298325	35.719629	3.57962512969971
35.735948	0.159375011920929	35.742188	3.57837510108948
35.758508	0.158125013113022	35.764741	3.57775020599365
35.781064	0.158000007271767	35.787297	3.57712507247925
35.803639	0.158125013113022	35.809877	3.5778751373291
35.826197	0.159500002861023	35.832429	3.57837510108948
35.848753	0.158000007271767	35.854986	3.57975006103516
35.871323	0.159125000238419	35.877555	3.58062505722046
35.89385	0.158875003457069	35.900088	3.57987523078918
35.916408	0.158375009894371	35.922641	3.57850027084351
35.938965	0.158500000834465	35.945198	3.5770001411438
35.961521	0.159125000238419	35.967753	3.5770001411438
35.984072	0.15862500667572	35.990309	3.57775020599365
36.006628	0.158875003457069	36.012861	3.57925009727478
36.029186	0.159625008702278	36.035418	3.58012509346008
36.05174	0.158500000834465	36.057986	3.58037519454956
36.074304	0.158875003457069	36.080537	3.58012509346008
36.096864	0.15862500667572	36.103097	3.57825016975403
36.119417	0.158375009894371	36.125644	3.5767502784729
36.141989	0.15862500667572	36.148222	3.5776252746582
36.164542	0.158875003457069	36.17078	3.5787501335144
36.187099	0.160000011324883	36.193348	3.57962512969971
36.209672	0.159875005483627	36.215904	3.58062505722046
36.232223	0.157750010490417	36.238469	3.58075022697449
36.254788	0.15862500667572	36.261039	3.57837510108948
36.277372	0.157250002026558	36.283605	3.57837510108948
36.29994	0.158250004053116	36.306173	3.5776252746582
36.322493	0.159375011920929	36.32873	3.5776252746582
36.345049	0.158750012516975	36.351287	3.57900023460388
36.367606	0.160375013947487	36.373839	3.58025026321411
36.390164	0.160375013947487	36.396397	3.58125019073486
36.412715	0.158375009894371	36.418952	3.58000016212463
36.43527	0.157000005245209	36.441508	3.57862520217896
36.45783	0.158375009894371	36.464063	3.57800006866455
36.480382	0.159500002861023	36.486615	3.57750010490417
36.502968	0.158500000834465	36.5092	3.57812523841858
36.525522	0.159125000238419	36.531756	3.57925009727478
36.548089	0.160000011324883	36.554322	3.58025026321411
36.57064	0.160125002264977	36.576872	3.58112525939941
36.593191	0.159500002861023	36.599424	3.57987523078918
36.615759	0.159000009298325	36.621996	3.57937526702881
36.63834	0.158125013113022	36.644578	3.57812523841858
36.66091	0.158875003457069	36.667143	3.57750010490417
36.683464	0.159750014543533	36.6897	3.57850027084351
36.706021	0.159000009298325	36.712254	3.57975006103516
36.72858	0.160250008106232	36.734812	3.58062505722046
36.751136	0.159000009298325	36.757368	3.58125019073486
36.773688	0.15862500667572	36.779925	3.57937526702881
36.796249	0.15862500667572	36.802481	3.5787501335144
36.818806	0.158250004053116	36.825039	3.5776252746582
36.841368	0.160250008106232	36.847605	3.5778751373291
36.863925	0.159500002861023	36.870162	3.57912516593933
36.886481	0.160000011324883	36.892714	3.58000016212463
36.909038	0.159625008702278	36.91527	3.58125019073486
36.931591	0.158875003457069	36.937824	3.58112525939941
36.954144	0.158875003457069	36.960377	3.57950019836426
36.976711	0.158500000834465	36.982963	3.57887506484985
36.999289	0.158500000834465	37.005522	3.5776252746582
37.021848	0.160625010728836	37.02809	3.57837510108948
37.044409	0.158125013113022	37.050641	3.57925009727478
37.066961	0.160125002264977	37.073195	3.58025026321411
37.089515	0.160250008106232	37.095747	3.58087515830994
37.112092	0.159125000238419	37.118326	3.58112525939941
37.13467	0.158875003457069	37.140914	3.57937526702881
37.157235	0.158250004053116	37.163462	3.57887506484985
37.179791	0.157625004649162	37.186024	3.5778751373291
37.202345	0.159500002861023	37.208582	3.57862520217896
37.224903	0.158000007271767	37.23114	3.57987523078918
37.247449	0.159250006079674	37.253687	3.58062505722046
37.270039	0.158250004053116	37.276272	3.58087515830994
37.292592	0.159125000238419	37.298821	3.58100008964539
37.315134	0.159125000238419	37.321367	3.57950019836426
37.337703	0.157875001430511	37.343938	3.57737517356873
37.360262	0.159000009298325	37.366494	3.57850027084351
37.382815	0.158500000834465	37.389047	3.57850027084351
37.405368	0.159250006079674	37.411601	3.58062505722046
37.42792	0.159750014543533	37.434153	3.58150005340576
37.450494	0.158500000834465	37.456726	3.58137512207031
37.473057	0.158000007271767	37.479295	3.58025026321411
37.495617	0.15862500667572	37.501854	3.57925009727478
37.518183	0.155875012278557	37.524415	3.5778751373291
37.540739	0.159250006079674	37.546971	3.57825016975403
37.563289	0.159250006079674	37.569527	3.57950019836426
37.585847	0.159500002861023	37.592095	3.58075022697449
37.608413	0.161875009536743	37.614646	3.58125019073486
37.63097	0.159000009298325	37.637221	3.58112525939941
37.653569	0.158750012516975	37.659806	3.57975006103516
37.676126	0.158000007271767	37.68237	3.57887506484985
37.698694	0.159000009298325	37.704927	3.57837510108948
37.721252	0.159500002861023	37.727485	3.57850027084351
37.743828	0.158875003457069	37.750065	3.57950019836426
37.766385	0.160375013947487	37.772618	3.58075022697449
37.788942	0.159625008702278	37.795174	3.58212518692017
37.811498	0.158750012516975	37.817732	3.58187508583069
37.834064	0.161375001072884	37.840302	3.57975006103516
37.856621	0.157125011086464	37.862854	3.57900023460388
37.87918	0.158750012516975	37.885412	3.57800006866455
37.901736	0.159125000238419	37.907981	3.57975006103516
37.924301	0.159000009298325	37.930539	3.58037519454956
37.946857	0.161125004291534	37.95309	3.58137512207031
37.969413	0.15862500667572	37.975646	3.58150005340576
37.991982	0.160500004887581	37.998214	3.58062505722046
38.014532	0.158875003457069	38.020765	3.57962512969971
38.037084	0.159125000238419	38.043342	3.57837510108948
38.059667	0.160625010728836	38.065899	3.57887506484985
38.082219	0.15862500667572	38.08847	3.57937526702881
38.104788	0.159750014543533	38.111027	3.58050012588501
38.127335	0.160625010728836	38.133574	3.58162522315979
38.1499	0.15862500667572	38.156132	3.58175015449524
38.172483	0.159000009298325	38.178721	3.58112525939941
38.195031	0.157000005245209	38.201259	3.57950019836426
38.217601	0.158750012516975	38.223835	3.57900023460388
38.240158	0.157500013709068	38.246391	3.57862520217896
38.26273	0.158000007271767	38.268966	3.57987523078918
38.28528	0.159625008702278	38.291519	3.58125019073486
38.307843	0.160875007510185	38.314077	3.58175015449524
38.330402	0.158750012516975	38.336635	3.58150005340576
38.352968	0.162500008940697	38.359201	3.58062505722046
38.375522	0.158125013113022	38.381755	3.57950019836426
38.398097	0.159875005483627	38.40433	3.57850027084351
38.420656	0.158500000834465	38.426889	3.57887506484985
38.443209	0.157750010490417	38.449442	3.58037519454956
38.465762	0.160000011324883	38.471994	3.58125019073486
38.488314	0.159625008702278	38.494547	3.58187508583069
38.510875	0.163375005125999	38.517107	3.58187508583069
38.533438	0.159500002861023	38.53967	3.58050012588501
38.555991	0.157875001430511	38.562224	3.57862520217896
38.578544	0.158500000834465	38.584776	3.57887506484985
38.6011	0.159750014543533	38.607333	3.57950019836426
38.623651	0.16125001013279	38.629889	3.58075022697449
38.646237	0.159875005483627	38.652487	3.58175015449524
38.668813	0.159375011920929	38.675046	3.58187508583069
38.691388	0.158500000834465	38.69762	3.58112525939941
38.71393	0.159250006079674	38.720162	3.58025026321411
38.736483	0.157000005245209	38.742716	3.57925009727478
38.75904	0.158750012516975	38.765273	3.57887506484985
38.781597	0.158875003457069	38.787829	3.57950019836426
38.804148	0.159250006079674	38.810386	3.58087515830994
38.826705	0.160250008106232	38.832963	3.58162522315979
38.849289	0.159125000238419	38.855521	3.58200025558472
38.871845	0.159250006079674	38.878094	3.58150005340576
38.894414	0.15862500667572	38.900651	3.58037519454956
38.91697	0.158375009894371	38.923203	3.57962512969971
38.939527	0.158875003457069	38.945759	3.57925009727478
38.962093	0.158125013113022	38.968326	3.58000016212463
38.984644	0.160000011324883	38.990882	3.58100008964539
39.007192	0.159750014543533	39.013445	3.58287525177002
39.02977	0.159000009298325	39.036003	3.58237528800964
39.052334	0.158875003457069	39.058571	3.58087515830994
39.074896	0.158375009894371	39.081134	3.58050012588501
39.097453	0.158375009894371	39.103685	3.57925009727478
39.120011	0.159375011920929	39.126243	3.57912516593933
39.142571	0.162125006318092	39.148809	3.58050012588501
39.165118	0.160000011324883	39.171352	3.58175015449524
39.187672	0.159000009298325	39.193905	3.58275008201599
39.210232	0.159125000238419	39.216465	3.58137512207031
39.232785	0.159250006079674	39.239022	3.58087515830994
39.255345	0.158000007271767	39.261602	3.57937526702881
39.277944	0.158750012516975	39.284178	3.57925009727478
39.300504	0.159500002861023	39.306737	3.58000016212463
39.323063	0.158250004053116	39.329301	3.58112525939941
39.345621	0.160250008106232	39.351858	3.58237528800964
39.368183	0.158750012516975	39.374415	3.58250021934509
39.390735	0.159000009298325	39.396969	3.58162522315979
39.41329	0.160875007510185	39.419523	3.58075022697449
39.435847	0.15862500667572	39.44209	3.57862520217896
39.458412	0.156625002622604	39.464645	3.57962512969971
39.480966	0.156125009059906	39.487199	3.58050012588501
39.50352	0.16125001013279	39.509753	3.58137512207031
39.526073	0.158500000834465	39.532305	3.58200025558472
39.548633	0.159125000238419	39.554865	3.58275008201599
39.571191	0.158875003457069	39.577424	3.58175015449524
39.593746	0.159125000238419	39.599984	3.58075022697449
39.616303	0.158375009894371	39.622536	3.57975006103516
39.638879	0.159375011920929	39.645113	3.57950019836426
39.661439	0.160000011324883	39.667672	3.58037519454956
39.683991	0.160125002264977	39.690229	3.58150005340576
39.706553	0.158375009894371	39.712786	3.58275008201599
39.729125	0.159250006079674	39.735357	3.58262515068054
39.751682	0.158000007271767	39.757915	3.58137512207031
39.774235	0.158250004053116	39.780472	3.57987523078918
39.796793	0.15862500667572	39.803025	3.57937526702881
39.819349	0.159375011920929	39.825582	3.57987523078918
39.841907	0.15650001168251	39.84814	3.58062505722046
