Time_sec1	Voltage_A0TG	Time_sec2	Voltage_A1TG
0	1.35750007629395	0.006237	3.64825010299683
0.022556	1.35637509822845	0.028789	3.64825010299683
0.045109	1.3556250333786	0.051341	3.64812517166138
0.067664	1.35850012302399	0.073897	3.64625024795532
0.09023	1.35587501525879	0.096467	3.64537525177002
0.112787	1.35587501525879	0.119026	3.64462518692017
0.135346	1.35462510585785	0.141579	3.64550018310547
0.157903	1.35600006580353	0.164155	3.6470000743866
0.180487	1.3556250333786	0.186725	3.647625207901
0.203045	1.3556250333786	0.209296	3.64812517166138
0.225621	1.35550010204315	0.231854	3.647625207901
0.248182	1.35437500476837	0.254414	3.64600014686584
0.270738	1.35450005531311	0.27697	3.64412522315979
0.293294	1.35575008392334	0.299527	3.64475011825562
0.315852	1.35612511634827	0.322091	3.64575028419495
0.338412	1.35600006580353	0.344645	3.64687514305115
0.360965	1.35450005531311	0.367198	3.64725017547607
0.383553	1.35512506961823	0.389812	3.64662528038025
0.406152	1.35537505149841	0.412392	3.6458752155304
0.428734	1.35775005817413	0.434973	3.64512515068054
0.451309	1.35400009155273	0.457548	3.64400029182434
0.473879	1.35525012016296	0.480118	3.64450025558472
0.496449	1.35412502288818	0.502687	3.64537525177002
0.519022	1.35462510585785	0.525256	3.64612507820129
0.541576	1.35837507247925	0.547814	3.64687514305115
0.564134	1.35437500476837	0.570366	3.6467502117157
0.586691	1.35437500476837	0.592923	3.64500021934509
0.609239	1.3547500371933	0.615501	3.64287519454956
0.631838	1.27775001525879	0.638077	3.63700008392334
0.654397	1.12525010108948	0.660656	3.62525010108948
0.676985	0.983000040054321	0.683217	3.59525012969971
0.69954	0.865750014781952	0.705777	3.54562520980835
0.722099	0.756750047206879	0.728337	3.47412514686584
0.744656	0.661750018596649	0.750889	3.38662505149841
0.767213	0.572625041007996	0.77344	3.29562520980835
0.789821	0.494250029325485	0.796071	3.19337511062622
0.812395	0.420125007629395	0.818623	3.09512519836426
0.834957	0.360250025987625	0.84119	2.99237513542175
0.857516	0.30375000834465	0.863748	2.89612507820129
0.880078	0.259125024080276	0.886316	2.79787516593933
0.902636	0.217250004410744	0.908873	2.70587515830994
0.925199	0.178000003099442	0.931432	2.61387515068054
0.947756	0.141249999403954	0.953989	2.53200006484985
0.970308	0.10725000500679	0.976546	2.45175004005432
0.992882	0.0755000039935112	0.999114	2.3813750743866
1.015434	0.0512500032782555	1.021673	2.31487512588501
1.037997	0.0287500005215406	1.044229	2.2578752040863
1.060549	0.0126250004395843	1.066787	2.20512509346008
1.083106	0.00375000014901161	1.089338	2.15900015830994
1.105663	0.00150000001303852	1.111896	2.1157500743866
1.12822	0.000375000003259629	1.134452	2.07987499237061
1.150771	0.000875000027008355	1.157009	2.0466251373291
1.17337	0.00162500003352761	1.179603	2.01937508583069
1.195928	0.000750000006519258	1.20216	1.99512505531311
1.218488	0.00237500015646219	1.224721	1.97387504577637
1.24104	0.00300000002607703	1.247278	1.95475006103516
1.263597	0.004250000230968	1.269831	1.9372501373291
1.286156	0.00100000004749745	1.292388	1.91962504386902
1.308712	0.000500000023748726	1.314945	1.90375006198883
1.331264	0.000750000006519258	1.337501	1.89100003242493
1.353837	0.00137500010896474	1.360077	1.87950003147125
1.376398	0.00100000004749745	1.382631	1.87062513828278
1.398952	0.00175000005401671	1.405202	1.86237514019012
1.421538	0.00450000027194619	1.427771	1.85425007343292
1.44409	0.00175000005401671	1.450323	1.84500002861023
1.466644	0.000750000006519258	1.472876	1.838250041008
1.48921	0.000375000003259629	1.495437	1.83137512207031
1.511758	0.000375000003259629	1.517995	1.82500004768372
1.534315	0.00100000004749745	1.540547	1.82075011730194
1.556872	0.00112500006798655	1.563104	1.81700003147125
1.579425	0.00337500008754432	1.585662	1.81450009346008
1.601983	0.00350000010803342	1.60822	1.8105001449585
1.624529	0.00175000005401671	1.630763	1.80662512779236
1.647089	0.00125000008847564	1.653316	1.80237507820129
1.669656	-0.000500000023748726	1.675899	1.79912507534027
1.692235	0.000750000006519258	1.698472	1.79550004005432
1.714783	0.00100000004749745	1.721021	1.79412508010864
1.737342	0.000875000027008355	1.743574	1.79325008392334
1.759895	0.00300000002607703	1.766133	1.79262506961823
1.782453	0.00475000031292439	1.788705	1.79062509536743
1.805031	0.000875000027008355	1.811264	1.78875005245209
1.827598	0.00100000004749745	1.833831	1.78625011444092
1.850174	0	1.856412	1.78425014019012
1.872747	0.00412499997764826	1.878984	1.78312504291534
1.895304	0.000500000023748726	1.901536	1.78250002861023
1.917863	0.0022500001359731	1.924096	1.78312504291534
1.940416	0.00312500004656613	1.946654	1.78275012969971
1.962973	0.00262500019744039	1.969206	1.78162503242493
1.985525	0.00112500006798655	1.991757	1.77962505817413
2.008081	0	2.014314	1.77725005149841
2.030656	0.000125000005937181	2.036893	1.77712512016296
2.053216	0	2.059448	1.77737510204315
2.075784	0.00187500007450581	2.082017	1.7801251411438
2.098335	0.00150000001303852	2.104568	1.78162503242493
2.120862	0.00400000018998981	2.1271	1.78287506103516
2.143453	0.00275000021792948	2.149693	1.7830001115799
2.166037	0.000875000027008355	2.172271	1.78212511539459
2.188598	0.000500000023748726	2.194831	1.78150010108948
2.21115	0.000875000027008355	2.217383	1.78237509727478
2.233701	0.000750000006519258	2.239939	1.78625011444092
2.256279	0.00112500006798655	2.262511	1.79212510585785
2.278835	0.00312500004656613	2.285069	1.8003751039505
2.301388	0.00562500022351742	2.307625	1.80775010585785
2.323944	0.0020000000949949	2.330176	1.81387507915497
2.3465	0.00100000004749745	2.352732	1.8188750743866
2.369056	0.000375000003259629	2.375288	1.82300007343292
2.391607	0.000500000023748726	2.397844	1.82587504386902
2.414162	0.00137500010896474	2.420397	1.83012509346008
2.436718	0.00437500001862645	2.44295	1.83362507820129
2.459269	0.00350000010803342	2.465503	1.83687508106232
2.481823	0.00237500015646219	2.48806	1.83750009536743
2.504381	0.00250000017695129	2.510614	1.83750009536743
2.526933	0.00112500006798655	2.533165	1.8371250629425
2.549496	0.000625000044237822	2.555728	1.83612513542175
2.572046	0.000500000023748726	2.578284	1.83675003051758
2.594624	0.00100000004749745	2.600857	1.83850014209747
2.617175	0.000500000023748726	2.623407	1.84162509441376
2.639728	0.00412499997764826	2.645965	1.84425008296967
2.662288	0.00337500008754432	2.668526	1.84612512588501
2.684852	0.00112500006798655	2.691081	1.8481251001358
2.707408	0.000375000003259629	2.713641	1.84887504577637
2.72998	-0.000250000011874363	2.736217	1.85050010681152
2.752538	0.00325000006705523	2.758775	1.85262513160706
2.775127	0.00100000004749745	2.781365	1.85550010204315
2.797729	0.00137500010896474	2.803963	1.85850012302399
2.820283	0.00362500012852252	2.826516	1.86125004291534
2.84284	0.00262500019744039	2.849073	1.86612510681152
2.865398	0.000250000011874363	2.871631	1.8793751001358
2.887954	-0.000125000005937181	2.894186	1.88900005817413
2.910505	0.000250000011874363	2.916743	1.89887511730194
2.933061	0.00125000008847564	2.939296	1.91025006771088
2.955618	0.00287500023841858	2.961851	1.92012512683868
2.978175	0.00550000043585896	2.984407	1.93075013160706
3.000745	0.00737500051036477	3.006982	1.93862509727478
3.023301	0.00400000018998981	3.029534	1.94612514972687
3.045862	0.00562500022351742	3.052094	1.95225012302399
3.068419	0.00587500026449561	3.074652	1.95850014686584
3.090972	0.00450000027194619	3.09721	1.9641250371933
3.113528	0.00725000025704503	3.119784	1.96875011920929
3.136108	0.00712500046938658	3.142341	1.97287511825562
3.158667	0.0105000007897615	3.164912	1.97550010681152
3.181237	0.012750000692904	3.187475	1.97712504863739
3.203794	0.00987500045448542	3.210027	1.97900009155273
3.226354	0.0106250001117587	3.232587	1.98137509822845
3.248912	0.0103750005364418	3.255145	1.98637509346008
3.271466	0.0120000001043081	3.277704	1.99437510967255
3.294023	0.0120000001043081	3.300256	2.00600004196167
3.31658	0.013625000603497	3.322814	2.02362513542175
3.339133	0.0162500012665987	3.345366	2.04312515258789
3.361701	0.0163750015199184	3.367938	2.06462502479553
3.384249	0.0153750004246831	3.390482	2.0842502117157
3.406807	0.0172500014305115	3.413039	2.10387516021729
3.429367	0.016499999910593	3.435605	2.12212514877319
3.451925	0.0187500007450581	3.458162	2.1397500038147
3.474481	0.0181250013411045	3.480714	2.1560001373291
3.497039	0.0193750001490116	3.503272	2.17312502861023
3.519601	0.0215000007301569	3.525834	2.1863751411438
3.542154	0.0227500014007092	3.548387	2.19925022125244
3.564714	0.0210000015795231	3.570943	2.20987510681152
3.587269	0.0210000015795231	3.593503	2.22012519836426
3.609823	0.0220000017434359	3.616057	2.22950005531311
3.632368	0.025500001385808	3.638601	2.24000000953674
3.654921	0.0233750008046627	3.661159	2.2506251335144
3.677498	0.0253750011324883	3.68373	2.26200008392334
3.70005	0.0272500012069941	3.706283	2.27100014686584
3.722604	0.0273750014603138	3.728841	2.27975010871887
3.745162	0.0257500018924475	3.7514	2.28675007820129
3.767725	0.025500001385808	3.773958	2.29375004768372
3.790301	0.0262500010430813	3.796537	2.30150008201599
3.812852	0.0283750016242266	3.819162	2.30825018882751
3.835499	0.0287500005215406	3.841732	2.31762504577637
3.858063	0.0338750034570694	3.864296	2.32575011253357
3.880615	0.0315000005066395	3.886848	2.33375000953674
3.903169	0.0297500006854534	3.909402	2.34075021743774
3.925725	0.0327500030398369	3.931957	2.34712505340576
3.948283	0.0285000018775463	3.954515	2.35425019264221
3.970861	0.0315000005066395	3.977097	2.36200022697449
3.993416	0.0320000015199184	3.999649	2.36987519264221
4.015972	0.0323750004172325	4.022204	2.37937521934509
4.038535	0.0356250032782555	4.044768	2.38737511634827
4.061103	0.0357500016689301	4.06734	2.39537501335144
4.08366	0.0336250029504299	4.089893	2.40200018882751
4.106217	0.035375002771616	4.112449	2.40762519836426
4.128773	0.0347500033676624	4.135006	2.41375017166138
4.151325	0.0366250015795231	4.157563	2.42050004005432
4.17391	0.0377500019967556	4.180143	2.42675018310547
4.196468	0.0375000014901161	4.202701	2.43362522125244
4.219019	0.0397500023245811	4.225257	2.43900012969971
4.241594	0.0402500033378601	4.247831	2.44462513923645
4.26415	0.0401250012218952	4.270382	2.44900012016296
4.286737	0.0386250019073486	4.292971	2.4520001411438
4.309296	0.0388750024139881	4.315524	2.45575022697449
4.33185	0.0372500009834766	4.338088	2.46075010299683
4.354407	0.0403750017285347	4.360654	2.46650004386902
4.376977	0.0427500009536743	4.383209	2.47162508964539
4.399529	0.0443750023841858	4.405766	2.47637510299683
4.42209	0.0430000014603138	4.428328	2.48050022125244
4.444647	0.0421250015497208	4.45088	2.48362517356873
4.467206	0.0435000024735928	4.473439	2.48687505722046
4.489759	0.0433750003576279	4.495996	2.49012517929077
4.512316	0.0443750023841858	4.518554	2.49387502670288
4.534872	0.0452500022947788	4.541104	2.49900007247925
4.557428	0.0497500039637089	4.56366	2.50325012207031
4.579979	0.0471250005066395	4.586216	2.50737500190735
4.602535	0.0475000031292439	4.608768	2.51012516021729
4.625115	0.0462500005960464	4.631347	2.51262521743774
4.647667	0.0465000011026859	4.653899	2.5153751373291
4.670271	0.0466250032186508	4.676509	2.51850008964539
4.692834	0.0483750030398369	4.699067	2.522625207901
4.715395	0.0457500033080578	4.721629	2.52862501144409
4.73795	0.0503750033676624	4.744182	2.53312516212463
4.760512	0.0506250038743019	4.76675	2.5385000705719
4.783074	0.0500000007450581	4.789351	2.54287505149841
4.805689	0.0502500012516975	4.811916	2.54737520217896
4.828239	0.0502500012516975	4.834471	2.55187511444092
4.850788	0.051000002771616	4.857025	2.55775022506714
4.873345	0.051875002682209	4.879585	2.56487512588501
4.895909	0.0516250021755695	4.902141	2.57237505912781
4.918465	0.0550000034272671	4.924712	2.58050012588501
4.941047	0.0533750019967556	4.947284	2.58662509918213
4.963603	0.0538750030100346	4.969842	2.5926251411438
4.986167	0.0540000014007092	4.9924	2.59787511825562
5.008722	0.0542500019073486	5.014955	2.60425019264221
5.031273	0.0545000024139881	5.037511	2.61037516593933
5.053831	0.055500004440546	5.060073	2.6183750629425
5.076398	0.0552500039339066	5.08263	2.62450003623962
5.098954	0.0575000010430813	5.105197	2.6313750743866
5.121527	0.0561250038444996	5.127765	2.63637518882751
5.144083	0.0557500012218952	5.150316	2.64025020599365
5.166659	0.0566250011324883	5.172892	2.64387512207031
5.189213	0.0568750016391277	5.195446	2.64775013923645
5.211767	0.0576250031590462	5.218004	2.65150022506714
5.234323	0.0622500032186508	5.240556	2.65675020217896
5.25688	0.0595000013709068	5.263112	2.66137504577637
5.279431	0.0605000033974648	5.285669	2.66462516784668
5.302004	0.0592500045895576	5.308241	2.66775012016296
5.324552	0.0592500045895576	5.33079	2.66925001144409
5.347115	0.0587500035762787	5.353347	2.67087507247925
5.369666	0.0566250011324883	5.375903	2.67187523841858
5.392222	0.0611250028014183	5.398459	2.67562508583069
5.414778	0.0615000016987324	5.421011	2.67925024032593
5.437335	0.0627500042319298	5.443567	2.68212509155273
5.459886	0.063000001013279	5.466124	2.68525004386902
5.482445	0.0620000027120113	5.488682	2.6872501373291
5.505002	0.0648750066757202	5.511235	2.68875002861023
5.527573	0.0627500042319298	5.533806	2.68987512588501
5.550127	0.0641250014305115	5.556365	2.69250011444092
5.572686	0.0628750026226044	5.578923	2.6965000629425
5.595243	0.063000001013279	5.601475	2.70062518119812
5.617799	0.0658750012516975	5.624032	2.70475006103516
5.640364	0.0656250044703484	5.646601	2.70800018310547
5.662928	0.0648750066757202	5.669162	2.71050024032593
5.685483	0.0651250034570694	5.691715	2.71312522888184
5.708041	0.0655000060796738	5.714274	2.71625018119812
5.730595	0.065250001847744	5.736828	2.72000002861023
5.75315	0.0667500048875809	5.759388	2.72550010681152
5.775705	0.0677500069141388	5.781938	2.73112511634827
5.798283	0.0693750008940697	5.804511	2.73725008964539
5.820934	0.0677500069141388	5.827174	2.74175024032593
5.843496	0.0682500004768372	5.849729	2.74612522125244
5.86606	0.0672500059008598	5.872294	2.75137519836426
5.88862	0.068000003695488	5.894848	2.757000207901
5.911175	0.0696250051259995	5.917412	2.7636251449585
5.933733	0.0691250041127205	5.939981	2.77150011062622
5.956306	0.0703750029206276	5.962539	2.77875018119812
5.978862	0.0717500001192093	5.985111	2.7873752117157
6.001431	0.0698750019073486	6.007673	2.79387521743774
6.024007	0.0701250061392784	6.030255	2.79937505722046
6.046574	0.0692500025033951	6.052807	2.80537509918213
6.069127	0.0703750029206276	6.07536	2.81150007247925
6.09168	0.0718750059604645	6.097918	2.819500207901
6.114237	0.0711250007152557	6.12047	2.82725024223328
6.136795	0.073000006377697	6.143027	2.83487510681152
6.159365	0.0722500011324883	6.16561	2.84237504005432
6.181938	0.0726250037550926	6.188175	2.84875011444092
6.204512	0.0728750005364418	6.210746	2.85375022888184
6.227068	0.0745000019669533	6.2333	2.8591251373291
6.249622	0.0741250067949295	6.25586	2.86500024795532
6.27218	0.0740000009536743	6.278417	2.87175011634827
6.294743	0.0734999999403954	6.300975	2.87837505340576
6.317301	0.0763750001788139	6.323533	2.88537502288818
6.339875	0.0763750001788139	6.346113	2.89087510108948
6.362433	0.0748750045895576	6.368671	2.89537525177002
6.385	0.075250007212162	6.391232	2.89900016784668
6.407559	0.0771250054240227	6.413792	2.90362524986267
6.430112	0.0761250033974648	6.436349	2.90812516212463
6.452671	0.0767500028014183	6.458908	2.91387510299683
6.475229	0.0742500051856041	6.481461	2.91950011253357
6.497786	0.0810000002384186	6.504019	2.92525005340576
6.520359	0.0776250064373016	6.526597	2.92950010299683
6.542916	0.0785000026226044	6.549149	2.93312525749207
6.565486	0.0771250054240227	6.571718	2.9363751411438
6.588044	0.078125	6.594277	2.94012522697449
6.610596	0.0785000026226044	6.616834	2.94462513923645
6.633153	0.0785000026226044	6.639387	2.94912505149841
6.655711	0.080375000834465	6.661948	2.95512509346008
6.678274	0.0813750028610229	6.684506	2.95987510681152
6.700852	0.0802500024437904	6.707089	2.96312522888184
6.723408	0.0798750072717667	6.729641	2.96625018119812
6.745964	0.0777500048279762	6.752197	2.96950006484985
6.76852	0.0797500014305115	6.774749	2.97150015830994
6.791078	0.0812500044703484	6.797336	2.97587513923645
6.81366	0.0802500024437904	6.819893	2.97975015640259
6.836212	0.0830000042915344	6.842446	2.98437523841858
6.858769	0.0832500010728836	6.865004	2.98762512207031
6.881326	0.0820000022649765	6.887559	2.98950004577637
6.903881	0.0818750038743019	6.910113	2.99175024032593
6.926438	0.085375003516674	6.932666	2.99275016784668
6.949003	0.0816250070929527	6.955236	2.99500012397766
6.971555	0.0821250006556511	6.977793	2.99750018119812
6.994113	0.0823750048875809	7.000364	3.00087523460388
7.016689	0.0843750014901161	7.022923	3.00375008583069
7.039243	0.0850000008940697	7.045486	3.00575017929077
7.061805	0.083125002682209	7.068043	3.007000207901
7.084361	0.0838750004768372	7.090593	3.00675010681152
7.106917	0.0830000042915344	7.11315	3.00737524032593
7.129495	0.0847500041127205	7.135733	3.00875020027161
7.152052	0.0841250047087669	7.158286	3.01150012016296
7.174631	0.0843750014901161	7.180871	3.01487517356873
7.1972	0.0860000029206276	7.203433	3.01787519454956
7.219754	0.0862500071525574	7.225992	3.02025008201599
7.242312	0.0852500051259995	7.24855	3.02150011062622
7.264874	0.085375003516674	7.271107	3.02312517166138
7.287431	0.085375003516674	7.293669	3.02487516403198
7.310004	0.0850000008940697	7.316242	3.02812504768372
7.332561	0.086375005543232	7.338794	3.0318751335144
7.355116	0.0876250043511391	7.361348	3.03537511825562
7.377673	0.0883750021457672	7.383905	3.03950023651123
7.400225	0.0877500027418137	7.406463	3.04250025749207
7.422781	0.0876250043511391	7.429019	3.04500007629395
7.44534	0.0867500007152557	7.451572	3.04725003242493
7.467896	0.0866250023245811	7.474128	3.04962515830994
7.490455	0.0870000049471855	7.496693	3.05375003814697
7.513011	0.0883750021457672	7.519244	3.05737519264221
7.535564	0.0888750031590462	7.541796	3.0622501373291
7.558121	0.0893750041723251	7.564354	3.06600022315979
7.580679	0.0890000015497208	7.586917	3.06837511062622
7.603238	0.0885000005364418	7.609489	3.07112503051758
7.625812	0.0882500037550926	7.632045	3.07250022888184
7.648368	0.0855000019073486	7.654613	3.07562518119812
7.670935	0.0902500078082085	7.677173	3.07912516593933
7.693507	0.0902500078082085	7.69974	3.08312511444092
7.716059	0.0916250050067902	7.722292	3.08750009536743
7.738609	0.090875007212162	7.744842	3.09125018119812
7.761161	0.0911250039935112	7.767399	3.09337520599365
7.783718	0.0906250029802322	7.789999	3.0943751335144
7.806325	0.0898750051856041	7.812558	3.09650015830994
7.82889	0.0907500013709068	7.835124	3.09812521934509
7.851446	0.0910000056028366	7.857683	3.10200023651123
7.874007	0.0917500033974648	7.880255	3.10587525367737
7.896578	0.0943750068545341	7.902811	3.10937523841858
7.919136	0.0922500044107437	7.925371	3.11212515830994
7.94169	0.0921250060200691	7.947923	3.11337518692017
7.964244	0.0923750028014183	7.970477	3.11437511444092
7.986806	0.0921250060200691	7.993038	3.1157500743866
8.009358	0.0918750017881393	8.015596	3.11775016784668
8.031923	0.0917500033974648	8.03816	3.12075018882751
8.054493	0.0928750038146973	8.060742	3.12450003623962
8.077068	0.0953750014305115	8.083301	3.12662506103516
8.099621	0.0935000032186508	8.105858	3.12800025939941
8.122178	0.0925000011920929	8.128415	3.12900018692017
8.144735	0.0941250026226044	8.150967	3.12975025177002
8.167311	0.0932500064373016	8.173545	3.13062524795532
8.189873	0.0948750078678131	8.196116	3.1311252117157
8.212451	0.094250001013279	8.218689	3.13437509536743
8.235005	0.0955000072717667	8.241238	3.13675022125244
8.257566	0.0957500040531158	8.263799	3.13875007629395
8.280118	0.0947500020265579	8.286356	3.13937520980835
8.302676	0.0948750078678131	8.308914	3.1395001411438
8.325233	0.0948750078678131	8.331465	3.13900017738342
8.347789	0.0941250026226044	8.354021	3.13975024223328
8.37036	0.0973750054836273	8.376598	3.14087510108948
8.392919	0.0940000042319298	8.399151	3.14287519454956
8.415486	0.0975000038743019	8.421718	3.14500021934509
8.438043	0.0978750064969063	8.444275	3.14525008201599
8.460595	0.0968750044703484	8.466832	3.1458752155304
8.483151	0.0968750044703484	8.489386	3.14550018310547
8.505713	0.0966250076889992	8.511945	3.14487504959106
8.528268	0.0962500050663948	8.5345	3.14600014686584
8.550844	0.0947500020265579	8.557081	3.14662504196167
8.573402	0.0972500070929527	8.579635	3.1485002040863
8.595959	0.0990000069141388	8.602186	3.15025019645691
8.618511	0.098750002682209	8.624744	3.15187525749207
8.641064	0.0982500016689301	8.647301	3.15175008773804
8.663625	0.0983750075101852	8.669874	3.15137505531311
8.686198	0.0972500070929527	8.69243	3.15212512016296
8.708755	0.0981250032782555	8.714997	3.15375018119812
8.731317	0.0978750064969063	8.737554	3.15612506866455
8.753887	0.0977500081062317	8.76012	3.15912508964539
8.776435	0.100250005722046	8.782667	3.1615002155304
8.799018	0.0996250063180923	8.805248	3.1635000705719
8.821567	0.0986250042915344	8.827805	3.1652500629425
8.844129	0.0986250042915344	8.850365	3.16625022888184
8.86669	0.099250003695488	8.872922	3.16825008392334
8.889242	0.100250005722046	8.895486	3.17087507247925
8.911805	0.10037500411272	8.918043	3.17475008964539
8.934361	0.101625002920628	8.9406	3.17925024032593
8.956922	0.101375006139278	8.963154	3.18312525749207
8.979498	0.0983750075101852	8.985736	3.18625020980835
9.002059	0.0997500047087669	9.008292	3.18837523460388
9.02462	0.103125005960464	9.030854	3.19150018692017
9.047171	0.100125007331371	9.053403	3.19400024414062
9.069729	0.100125007331371	9.075968	3.19800019264221
9.092304	0.101500004529953	9.098542	3.20362520217896
9.11486	0.10275000333786	9.121093	3.20762515068054
9.137419	0.104500003159046	9.143652	3.21250009536743
9.16	0.101375006139278	9.166245	3.21587514877319
9.182571	0.101875007152557	9.188809	3.21787524223328
9.20513	0.101125001907349	9.211362	3.22112512588501
9.227687	0.101875007152557	9.233919	3.2248752117157
9.250257	0.102000005543232	9.256495	3.22837519645691
9.272819	0.102625004947186	9.279057	3.23300004005432
9.295399	0.10300000756979	9.301631	3.23762512207031
9.31795	0.104125007987022	9.324184	3.24200010299683
9.34051	0.102000005543232	9.346753	3.24437522888184
9.363076	0.10275000333786	9.369308	3.24687504768372
9.385633	0.102250002324581	9.391865	3.24900007247925
9.40819	0.102500006556511	9.414422	3.25175023078918
9.430744	0.101625002920628	9.436982	3.2552502155304
9.453301	0.103625006973743	9.459539	3.25975012779236
9.475878	0.107375003397465	9.482111	3.26325011253357
9.498435	0.104500003159046	9.504668	3.26612520217896
9.520988	0.103250004351139	9.527225	3.26825022697449
9.543544	0.103875003755093	9.549781	3.26912522315979
9.566106	0.103375002741814	9.572339	3.27075004577637
9.588662	0.106500007212162	9.594914	3.2728750705719
9.611233	0.104375004768372	9.61747	3.27612519264221
9.633788	0.105125002563	9.640021	3.27962517738342
9.65636	0.105750001966953	9.662597	3.28200006484985
9.678921	0.104000002145767	9.685149	3.28400015830994
9.701471	0.106500007212162	9.707708	3.28475022315979
9.724028	0.103625006973743	9.73026	3.28537511825562
9.746585	0.105750001966953	9.752818	3.28625011444092
9.769137	0.104750007390976	9.77537	3.28750014305115
9.791715	0.104875005781651	9.797951	3.2902500629425
9.81427	0.107000008225441	9.820516	3.29225015640259
9.836872	0.106250002980232	9.843104	3.29437518119812
9.859421	0.104750007390976	9.865659	3.29537510871887
9.881981	0.105125002563	9.888219	3.29462504386902
9.90454	0.104625001549721	9.910772	3.29462504386902
9.927098	0.105000004172325	9.93333	3.29512524604797
9.94965	0.105625003576279	9.955888	3.29612517356873
9.972198	0.10537500679493	9.978431	3.29825019836426
9.994752	0.107500001788139	10.000984	3.29925012588501
10.017309	0.106875002384186	10.023541	3.30075025558472
10.039874	0.106125004589558	10.046107	3.30100011825562
10.062432	0.105125002563	10.068664	3.29950022697449
10.085	0.105875007808208	10.091233	3.29925012588501
10.107553	0.106000006198883	10.113787	3.29925012588501
10.130108	0.106750003993511	10.136341	3.30012512207031
10.152661	0.106375001370907	10.15891	3.30162525177002
10.17525	0.107500001788139	10.181488	3.30337524414062
10.197822	0.108500003814697	10.204055	3.30400013923645
10.220376	0.106750003993511	10.226609	3.30375003814697
10.242931	0.107375003397465	10.249163	3.30275011062622
10.265486	0.107125006616116	10.271718	3.30187511444092
10.288044	0.106375001370907	10.294276	3.30287504196167
10.310595	0.107500001788139	10.316833	3.30437517166138
10.333153	0.108250007033348	10.339386	3.3058750629425
10.355711	0.108875006437302	10.361943	3.30775022506714
10.378283	0.107625007629395	10.384515	3.30787515640259
10.400856	0.10725000500679	10.407093	3.30825018882751
10.423413	0.107125006616116	10.429646	3.30800008773804
10.445971	0.107375003397465	10.452203	3.30725026130676
10.468528	0.107375003397465	10.474762	3.30862522125244
10.491081	0.11175000667572	10.497318	3.31062507629395
10.513637	0.108875006437302	10.519872	3.31262516975403
10.536197	0.109000004827976	10.542429	3.31425023078918
10.558755	0.108625002205372	10.564998	3.31550025939941
10.581329	0.108750008046627	10.587566	3.31537508964539
10.603884	0.107875004410744	10.610117	3.31512522697449
10.626441	0.107625007629395	10.632673	3.31575012207031
10.648992	0.108875006437302	10.655225	3.31725025177002
10.671547	0.109000004827976	10.677783	3.32012510299683
10.694103	0.10987500846386	10.700357	3.32187509536743
10.71668	0.110250003635883	10.722912	3.32400012016296
10.739234	0.112125001847744	10.745492	3.32512521743774
10.761811	0.108625002205372	10.768048	3.32537508010864
10.784369	0.106625005602837	10.790621	3.32575011253357
10.806947	0.109750002622604	10.813175	3.3270001411438
10.829514	0.10987500846386	10.835751	3.32887506484985
10.852072	0.109250001609325	10.858305	3.33175015449524
10.874635	0.111000008881092	10.880869	3.3342502117157
10.897194	0.110125005245209	10.903426	3.33662509918213
10.919748	0.109750002622604	10.925985	3.33700013160706
10.942304	0.109250001609325	10.948541	3.33800005912781
10.96486	0.109375007450581	10.971093	3.33887505531311
10.987418	0.108625002205372	10.99365	3.34012508392334
11.009979	0.109750002622604	11.016217	3.34250020980835
11.032537	0.111250005662441	11.038775	3.34550023078918
11.055112	0.112500004470348	11.061345	3.34862518310547
11.077665	0.110875003039837	11.083897	3.35037517547607
11.100219	0.111625008285046	11.106451	3.35200023651123
11.122772	0.110125005245209	11.12901	3.35225009918213
11.145331	0.110500007867813	11.151569	3.35325026512146
11.167912	0.110875003039837	11.174139	3.35462522506714
11.190462	0.110875003039837	11.1967	3.3582501411438
11.213027	0.111375004053116	11.21926	3.36075019836426
11.2356	0.113500006496906	11.241833	3.36387515068054
11.258151	0.116625003516674	11.264384	3.36537504196167
11.280705	0.108500003814697	11.286942	3.366375207901
11.303261	0.112000003457069	11.309495	3.3675000667572
11.32582	0.111250005662441	11.332053	3.36812520027161
11.348378	0.112125001847744	11.35462	3.36975026130676
11.370938	0.111250005662441	11.377176	3.37325024604797
11.393495	0.11175000667572	11.399728	3.37612509727478
11.416053	0.113250002264977	11.422285	3.37837505340576
11.438623	0.112000003457069	11.444856	3.37950015068054
11.461166	0.109500005841255	11.467399	3.37987518310547
11.483719	0.112375006079674	11.489977	3.38050007820129
11.506302	0.111375004053116	11.512534	3.3813750743866
11.528859	0.11150000244379	11.535112	3.3828752040863
11.551431	0.112125001847744	11.557668	3.38575005531311
11.573988	0.11412500590086	11.580221	3.3886251449585
11.59654	0.114250004291534	11.602772	3.3901252746582
11.619109	0.112875007092953	11.625343	3.39050006866455
11.641663	0.112875007092953	11.6479	3.39100027084351
11.664223	0.112125001847744	11.670457	3.3912501335144
11.686781	0.114500008523464	11.693014	3.39225006103516
11.709339	0.112500004470348	11.715596	3.39462518692017
11.731915	0.113500006496906	11.738152	3.39612507820129
11.754471	0.11412500590086	11.760703	3.39837527275085
11.777028	0.113750003278255	11.78326	3.3996250629425
11.799627	0.113125003874302	11.80586	3.40012526512146
11.822189	0.113000005483627	11.828428	3.40025019645691
11.844753	0.113375008106232	11.850986	3.40000009536743
11.86731	0.113875009119511	11.873543	3.40075016021729
11.889872	0.113750003278255	11.896105	3.40275025367737
11.912424	0.114375002682209	11.918661	3.40500020980835
11.935	0.115625008940697	11.941233	3.40675020217896
11.957575	0.115250006318092	11.963807	3.40762519836426
11.980122	0.113375008106232	11.98636	3.40750026702881
12.00268	0.113625004887581	12.008917	3.40700006484985
12.025236	0.113250002264977	12.031469	3.40737509727478
12.047794	0.113625004887581	12.054021	3.40787506103516
12.070364	0.11412500590086	12.076602	3.40962505340576
12.092921	0.114875003695488	12.099153	3.41287517547607
12.115488	0.115625008940697	12.121721	3.4135000705719
12.138039	0.115250006318092	12.144266	3.41400027275085
12.16061	0.114500008523464	12.166863	3.41387510299683
12.183203	0.114250004291534	12.189442	3.41312527656555
12.205768	0.111875005066395	12.212	3.4135000705719
12.228318	0.11412500590086	12.234551	3.4141252040863
12.250871	0.112375006079674	12.257108	3.41600012779236
12.273434	0.114250004291534	12.279668	3.41850018501282
12.295987	0.116625003516674	12.30222	3.41887521743774
12.318546	0.114625006914139	12.324779	3.4198751449585
12.341099	0.11837500333786	12.347336	3.41900014877319
12.363655	0.114750005304813	12.369889	3.41812515258789
12.386212	0.11412500590086	12.392445	3.41862511634827
12.408768	0.114250004291534	12.415001	3.4198751449585
12.431323	0.115500003099442	12.43756	3.42125010490417
12.453881	0.116750001907349	12.460113	3.42287516593933
12.476438	0.116125002503395	12.48267	3.42425012588501
12.498994	0.115625008940697	12.505228	3.42412519454956
12.521546	0.115375004708767	12.527784	3.42362523078918
12.544102	0.115375004708767	12.550356	3.42300009727478
12.56668	0.117125004529953	12.572913	3.42337512969971
12.589231	0.115250006318092	12.595464	3.42450022697449
12.611785	0.115500003099442	12.618023	3.42637515068054
12.634341	0.118000008165836	12.640575	3.4280002117157
12.656899	0.11625000834465	12.663136	3.428875207901
12.679457	0.115875005722046	12.685694	3.42812514305115
12.702014	0.115500003099442	12.708251	3.42750024795532
12.72457	0.115000002086163	12.730803	3.42762517929077
12.747127	0.115375004708767	12.75336	3.42812514305115
12.769678	0.115000002086163	12.775911	3.42937517166138
12.792258	0.116500005125999	12.798499	3.43162512779236
12.814837	0.117875002324581	12.82107	3.43300008773804
12.837387	0.116875007748604	12.843619	3.43362522125244
12.859943	0.116625003516674	12.866181	3.43350005149841
12.8825	0.120000004768372	12.888737	3.43225026130676
12.905058	0.11625000834465	12.911291	3.43237519264221
12.927616	0.117000006139278	12.933848	3.43325018882751
12.950167	0.11600000411272	12.956405	3.43487524986267
12.972724	0.117625005543232	12.978961	3.4370002746582
12.995284	0.117875002324581	13.001516	3.43825006484985
13.017841	0.115750007331371	13.024073	3.43862509727478
13.040398	0.116750001907349	13.046636	3.43825006484985
13.062957	0.11600000411272	13.069205	3.43762516975403
13.085531	0.117125004529953	13.091758	3.43750023841858
13.108087	0.117250002920628	13.114319	3.43925023078918
13.130655	0.116625003516674	13.136893	3.44037508964539
13.153212	0.118250004947186	13.159462	3.44200015068054
13.175789	0.120000004768372	13.182028	3.44412517547607
13.198355	0.118000008165836	13.204587	3.44400024414062
13.220923	0.118000008165836	13.227162	3.44312524795532
13.243485	0.117500007152557	13.249719	3.44337511062622
13.266042	0.117000006139278	13.272275	3.44337511062622
13.288587	0.117125004529953	13.294815	3.44487524032593
13.311135	0.117750003933907	13.317367	3.44700026512146
13.333692	0.117500007152557	13.339925	3.44875025749207
13.356265	0.118500009179115	13.362498	3.44987511634827
13.378818	0.117125004529953	13.385051	3.44987511634827
13.401372	0.118000008165836	13.407609	3.44925022125244
13.423929	0.116750001907349	13.430164	3.44925022125244
13.446489	0.117375008761883	13.452721	3.44975018501282
13.469045	0.117375008761883	13.475278	3.45125007629395
13.491597	0.117250002920628	13.497834	3.45350027084351
13.514154	0.11837500333786	13.520386	3.45512509346008
13.536713	0.118125006556511	13.542946	3.45550012588501
13.559265	0.118750005960464	13.565497	3.45600008964539
13.581818	0.118000008165836	13.588055	3.45500016212463
13.604374	0.116125002503395	13.610607	3.45525026321411
13.626931	0.12100000679493	13.633164	3.45600008964539
13.649496	0.118250004947186	13.655733	3.45750021934509
13.672055	0.117875002324581	13.678293	3.45937514305115
13.694622	0.11862500756979	13.700855	3.46112513542175
13.717179	0.118500009179115	13.723411	3.46162509918213
13.739744	0.118000008165836	13.745982	3.46175026893616
13.762302	0.11625000834465	13.768539	3.46112513542175
13.784861	0.117750003933907	13.791112	3.46112513542175
13.807439	0.117875002324581	13.813671	3.46200013160706
13.83001	0.118500009179115	13.836248	3.46462512016296
13.852569	0.119625002145767	13.858807	3.46612524986267
13.875127	0.119375005364418	13.881359	3.46700024604797
13.897684	0.117625005543232	13.903917	3.4673752784729
13.92026	0.121250003576279	13.926499	3.4667501449585
13.942842	0.118250004947186	13.949074	3.46662521362305
13.965395	0.118125006556511	13.971622	3.46687507629395
13.987948	0.118250004947186	13.99418	3.46775007247925
14.0105	0.117000006139278	14.016737	3.46925020217896
14.033057	0.120625004172325	14.039296	3.47125005722046
14.05562	0.120000004768372	14.061852	3.47237515449524
14.078177	0.11837500333786	14.084409	3.47250008583069
14.10074	0.118875004351139	14.106978	3.47150015830994
14.123298	0.11837500333786	14.129525	3.47150015830994
14.145867	0.118500009179115	14.152099	3.47175025939941
14.16844	0.119125008583069	14.174674	3.47300004959106
14.190998	0.119250006973743	14.197236	3.4748752117157
14.213545	0.120375007390976	14.219805	3.47637510299683
14.236132	0.119875006377697	14.242365	3.47712516784668
14.258691	0.119250006973743	14.264923	3.4766252040863
14.281243	0.123250007629395	14.28748	3.47612524032593
14.3038	0.118500009179115	14.310032	3.47562527656555
14.326356	0.119750007987022	14.332588	3.47612524032593
14.348909	0.119000002741814	14.355142	3.47725009918213
14.371464	0.120250009000301	14.377696	3.47925019264221
14.394016	0.122000008821487	14.400256	3.48000025749207
14.416578	0.118750005960464	14.422811	3.48100018501282
14.439131	0.120125003159046	14.445364	3.48075008392334
14.461683	0.119250006973743	14.467921	3.47950005531311
14.484246	0.119500003755093	14.490479	3.47912526130676
14.506819	0.119250006973743	14.513051	3.48012518882751
14.52939	0.116375006735325	14.535628	3.48137521743774
14.551947	0.120500005781651	14.558184	3.48275017738342
14.574504	0.120500005781651	14.580742	3.48400020599365
14.597067	0.120250009000301	14.603299	3.48425006866455
14.619619	0.119750007987022	14.625856	3.48350024223328
14.642178	0.116125002503395	14.648416	3.48225021362305
14.66474	0.115375004708767	14.670973	3.4823751449585
14.6873	0.120375007390976	14.693532	3.48287510871887
14.709852	0.119250006973743	14.71609	3.48525023460388
14.732411	0.120875008404255	14.738647	3.48575019836426
14.754966	0.120750002563	14.761199	3.48662519454956
14.777514	0.119875006377697	14.783747	3.48650026321411
14.80012	0.119625002145767	14.806353	3.48562526702881
14.822667	0.119625002145767	14.828907	3.48525023460388
14.845231	0.119625002145767	14.851463	3.48462510108948
14.867787	0.120750002563	14.87402	3.48562526702881
14.890358	0.119375005364418	14.896595	3.48712515830994
14.912914	0.122750006616116	14.919146	3.48800015449524
14.935465	0.120500005781651	14.941698	3.48887515068054
14.958021	0.120250009000301	14.964253	3.48875021934509
14.980588	0.122375003993511	14.986877	3.48725008964539
15.003284	0.119625002145767	15.009542	3.48625016212463
15.025917	0.120125003159046	15.032157	3.48650026321411
15.048484	0.120875008404255	15.054722	3.48750019073486
15.071043	0.121875002980232	15.077277	3.48925018310547
15.093588	0.12100000679493	15.099822	3.49087524414062
15.116146	0.121750004589558	15.122379	3.49087524414062
15.138702	0.12100000679493	15.144935	3.48950028419495
15.161277	0.120375007390976	15.167527	3.48912525177002
15.183874	0.120500005781651	15.190107	3.48825025558472
15.206427	0.120625004172325	15.212665	3.48875021934509
15.22899	0.120875008404255	15.235223	3.4896252155304
15.251532	0.120625004172325	15.25777	3.49100017547607
15.274091	0.121375009417534	15.280324	3.49287509918213
15.296649	0.122625008225441	15.302881	3.49262523651123
15.319204	0.120125003159046	15.325437	3.491375207901
15.341756	0.120250009000301	15.347994	3.49087524414062
15.364317	0.119625002145767	15.37055	3.49025011062622
15.386872	0.120750002563	15.393105	3.4907500743866
15.409426	0.12100000679493	15.415659	3.49150013923645
15.431983	0.121625006198883	15.438215	3.49325013160706
15.454535	0.121500007808208	15.460768	3.49425005912781
15.477093	0.120750002563	15.483325	3.49450016021729
15.499646	0.12100000679493	15.505883	3.49362516403198
15.522218	0.123750008642673	15.528455	3.49212527275085
15.544774	0.121500007808208	15.551008	3.49200010299683
15.567332	0.120625004172325	15.573565	3.49300026893616
15.589884	0.121500007808208	15.596122	3.49437522888184
15.612442	0.123375006020069	15.618679	3.49612522125244
15.634999	0.121625006198883	15.641233	3.49637508392334
15.657558	0.121625006198883	15.663795	3.49525022506714
15.680121	0.121250003576279	15.686359	3.49512505531311
15.702692	0.117750003933907	15.708929	3.49450016021729
15.725249	0.120750002563	15.731482	3.49462509155273
15.747808	0.121500007808208	15.75404	3.49587512016296
15.770366	0.120375007390976	15.776603	3.49700021743774
15.792947	0.122500002384186	15.799184	3.49875020980835
15.815508	0.121875002980232	15.821747	3.4995002746582
15.83808	0.12312500923872	15.844313	3.49812507629395
15.860658	0.121250003576279	15.866895	3.49787521362305
15.88322	0.120625004172325	15.889453	3.49750018119812
15.905795	0.121625006198883	15.912028	3.49725008010864
15.928354	0.120875008404255	15.934587	3.49837517738342
15.950939	0.121125005185604	15.957172	3.4997501373291
15.973497	0.126000002026558	15.979732	3.50212526321411
15.996052	0.121750004589558	16.002284	3.50212526321411
16.018627	0.122000008821487	16.02486	3.50137519836426
16.041182	0.120750002563	16.047419	3.49987506866455
16.063744	0.120500005781651	16.069982	3.50025010108948
16.086322	0.121750004589558	16.092554	3.50075006484985
16.108873	0.121125005185604	16.115109	3.50250005722046
16.131429	0.12287500500679	16.137666	3.50412511825562
16.153984	0.122750006616116	16.160235	3.50537514686584
16.176572	0.121500007808208	16.182805	3.50487518310547
16.199125	0.121500007808208	16.205359	3.50462508201599
16.221688	0.122625008225441	16.227927	3.50337505340576
16.244247	0.120625004172325	16.25048	3.50350022315979
16.26681	0.122000008821487	16.273042	3.50462508201599
16.289387	0.12100000679493	16.295625	3.50537514686584
16.311948	0.123250007629395	16.318185	3.5078752040863
16.334506	0.12312500923872	16.340742	3.50862526893616
16.357066	0.122125007212162	16.363299	3.50925016403198
16.379618	0.122125007212162	16.385856	3.50825023651123
16.402175	0.120750002563	16.408412	3.50712513923645
16.424732	0.119375005364418	16.430964	3.50737524032593
16.447288	0.124125003814697	16.453522	3.50800013542175
16.469844	0.12550000846386	16.476077	3.50987505912781
16.4924	0.123000003397465	16.498633	3.51187515258789
16.514953	0.124250002205372	16.521186	3.51250004768372
16.537504	0.121625006198883	16.543737	3.51200008392334
16.56007	0.123500004410744	16.566303	3.51175022125244
16.582623	0.121625006198883	16.588855	3.51100015640259
16.605176	0.121625006198883	16.611408	3.51075005531311
16.627748	0.122250005602837	16.633981	3.51162505149841
16.6503	0.122625008225441	16.656533	3.51375007629395
16.672855	0.123625002801418	16.679109	3.51525020599365
16.695429	0.12287500500679	16.701661	3.51575016975403
16.71798	0.122125007212162	16.724213	3.5153751373291
16.740531	0.120875008404255	16.746768	3.51412510871887
16.763088	0.122500002384186	16.769315	3.51400017738342
16.78564	0.123250007629395	16.791891	3.51400017738342
16.808235	0.122125007212162	16.814463	3.51525020599365
16.830779	0.123000003397465	16.837018	3.51750016212463
16.853337	0.125125005841255	16.859586	3.51862525939941
16.87591	0.123250007629395	16.882143	3.51862525939941
16.898466	0.121500007808208	16.904711	3.51862525939941
16.921028	0.122250005602837	16.927266	3.51712512969971
16.943668	0.122125007212162	16.949914	3.51712512969971
16.966324	0.12287500500679	16.972559	3.51787519454956
16.98888	0.122500002384186	16.995225	3.51937508583069
17.011559	0.124000005424023	17.017792	3.52100014686584
17.034113	0.123500004410744	17.040363	3.52225017547607
17.056756	0.122375003993511	17.063016	3.5220000743866
17.079417	0.122250005602837	17.085661	3.52075028419495
17.101993	0.121125005185604	17.108231	3.51975011825562
17.124551	0.122625008225441	17.130791	3.52025008201599
17.147127	0.124625004827976	17.15336	3.5208752155304
17.16968	0.123375006020069	17.175924	3.52312517166138
17.192267	0.124125003814697	17.198501	3.52387523651123
17.214838	0.122750006616116	17.221077	3.52500009536743
17.2374	0.123375006020069	17.243633	3.52450013160706
17.259955	0.125125005841255	17.266193	3.52325010299683
17.282513	0.121875002980232	17.28875	3.52250027656555
17.305105	0.123250007629395	17.311338	3.52300024032593
17.327678	0.123250007629395	17.333906	3.52437520027161
17.35023	0.124375008046627	17.356468	3.52600026130676
17.372789	0.124750003218651	17.379027	3.52712512016296
17.395348	0.122500002384186	17.40158	3.52725005149841
17.417923	0.12312500923872	17.424156	3.52625012397766
17.440478	0.121875002980232	17.446715	3.52575016021729
17.463035	0.12312500923872	17.469268	3.52487516403198
17.485593	0.122375003993511	17.491826	3.52550005912781
17.508154	0.122125007212162	17.514387	3.52725005149841
17.530707	0.124375008046627	17.53694	3.52850008010864
17.553268	0.125375002622604	17.5595	3.52875018119812
17.575825	0.123500004410744	17.582059	3.53025007247925
17.598381	0.123500004410744	17.60462	3.52862524986267
17.620931	0.122250005602837	17.627163	3.52850008010864
17.643483	0.121875002980232	17.649716	3.52750015258789
17.666061	0.123625002801418	17.672294	3.52787518501282
17.68862	0.124500006437302	17.694853	3.52937507629395
17.711178	0.125125005841255	17.717415	3.53112506866455
17.733734	0.124875009059906	17.739976	3.53212523460388
17.756301	0.12287500500679	17.762533	3.53237509727478
17.778857	0.122625008225441	17.785112	3.53125023841858
17.801451	0.122625008225441	17.807685	3.53037524223328
17.824014	0.124375008046627	17.830303	3.52975010871887
17.846647	0.123625002801418	17.852879	3.53087520599365
17.86921	0.12287500500679	17.875443	3.53225016593933
17.891762	0.124625004827976	17.898	3.53412508964539
17.91432	0.123000003397465	17.920553	3.53412508964539
17.936877	0.126500010490417	17.94311	3.53375005722046
17.959429	0.122750006616116	17.965667	3.53275012969971
17.981987	0.12312500923872	17.988224	3.53250026702881
18.004543	0.124500006437302	18.010775	3.53200006484985
18.027099	0.123750008642673	18.033332	3.53300023078918
18.049664	0.124000005424023	18.055902	3.53462505340576
18.072221	0.125	18.078454	3.53550004959106
18.094773	0.123250007629395	18.101006	3.53625011444092
18.11733	0.123625002801418	18.123562	3.53550004959106
18.139885	0.126249998807907	18.146123	3.53475022315979
18.162458	0.12287500500679	18.168702	3.53375005722046
18.185026	0.123375006020069	18.191259	3.53400015830994
18.207583	0.123500004410744	18.213815	3.53587508201599
18.230144	0.124000005424023	18.236381	3.53675007820129
18.252701	0.124375008046627	18.258938	3.53800010681152
18.27526	0.127125009894371	18.281493	3.53775024414062
18.297813	0.124375008046627	18.304046	3.53725028038025
18.320368	0.123625002801418	18.326606	3.53662514686584
18.342925	0.123375006020069	18.349158	3.53575015068054
18.365485	0.123625002801418	18.371712	3.53600025177002
18.388039	0.123375006020069	18.394272	3.53775024414062
18.410606	0.125375002622604	18.416843	3.53875017166138
18.433163	0.124250002205372	18.439395	3.5402500629425
18.45572	0.124375008046627	18.461952	3.53987526893616
18.478277	0.12287500500679	18.484509	3.53875017166138
18.500852	0.123875007033348	18.507089	3.53775024414062
18.523408	0.124250002205372	18.529643	3.53775024414062
18.545967	0.124375008046627	18.5522	3.53750014305115
18.568519	0.123250007629395	18.574753	3.53975009918213
18.591073	0.124875009059906	18.597306	3.54112505912781
18.613625	0.124500006437302	18.619877	3.54212522506714
18.636202	0.124250002205372	18.642434	3.54137516021729
18.658761	0.122750006616116	18.665006	3.54125022888184
18.681334	0.122625008225441	18.687566	3.53975009918213
18.703887	0.123250007629395	18.710119	3.53975009918213
18.726444	0.124250002205372	18.732677	3.54012513160706
18.749004	0.124625004827976	18.755237	3.54162526130676
18.771547	0.12550000846386	18.77778	3.54275012016296
18.794147	0.124500006437302	18.800397	3.54375028610229
18.816715	0.124625004827976	18.822942	3.54312515258789
18.839269	0.123625002801418	18.845502	3.54187512397766
18.861822	0.12287500500679	18.868059	3.54087519645691
18.884376	0.124500006437302	18.890608	3.54087519645691
18.906936	0.124000005424023	18.913169	3.54225015640259
18.929495	0.123875007033348	18.935729	3.54375028610229
18.952051	0.12550000846386	18.958288	3.54537510871887
18.974623	0.124250002205372	18.980855	3.5457501411438
18.997179	0.123375006020069	19.003412	3.54475021362305
19.019731	0.127750009298325	19.025968	3.54362511634827
19.042288	0.123750008642673	19.048525	3.54275012016296
19.064844	0.124750003218651	19.071077	3.54300022125244
19.087402	0.124250002205372	19.093634	3.5446252822876
19.109984	0.124250002205372	19.116221	3.54712510108948
19.132541	0.12550000846386	19.138778	3.54700016975403
19.155109	0.12737500667572	19.161359	3.54612517356873
19.17769	0.123625002801418	19.183923	3.54612517356873
19.200259	0.124375008046627	19.206497	3.54475021362305
19.222816	0.123875007033348	19.229054	3.54475021362305
19.2454	0.124375008046627	19.251633	3.54500007629395
19.267958	0.124875009059906	19.27419	3.54675006866455
19.290512	0.125125005841255	19.29675	3.5475001335144
19.31307	0.126125007867813	19.319302	3.54862523078918
19.335623	0.125750005245209	19.341857	3.54837512969971
19.358183	0.124875009059906	19.364415	3.54762506484985
19.380744	0.123250007629395	19.386981	3.5466251373291
19.403301	0.123750008642673	19.409529	3.5463752746582
19.425858	0.124750003218651	19.432092	3.54762506484985
19.448415	0.124375008046627	19.454648	3.54862523078918
19.470968	0.125375002622604	19.477205	3.55000019073486
19.493525	0.126750007271767	19.499757	3.55062508583069
19.516083	0.124250002205372	19.522315	3.55000019073486
19.538639	0.124875009059906	19.544872	3.54912519454956
19.561191	0.124500006437302	19.567428	3.54787516593933
19.583748	0.123625002801418	19.589981	3.54775023460388
19.606304	0.124875009059906	19.612536	3.54937505722046
19.628856	0.124250002205372	19.635109	3.55037522315979
19.651429	0.127000004053116	19.657663	3.55150008201599
19.674	0.12550000846386	19.680239	3.55162525177002
19.696562	0.124500006437302	19.702795	3.55137515068054
19.719119	0.124500006437302	19.725352	3.54900026321411
19.741677	0.123875007033348	19.747914	3.54962515830994
19.764234	0.125	19.770466	3.54987525939941
19.786787	0.126000002026558	19.793026	3.55087518692017
19.809351	0.125	19.815634	3.55287528038025
19.831975	0.126249998807907	19.838214	3.5530002117157
19.854536	0.125375002622604	19.860769	3.55312514305115
19.877094	0.125875011086464	19.883327	3.5530002117157
19.899653	0.124750003218651	19.905891	3.55137515068054
19.922226	0.124250002205372	19.928464	3.55100011825562
19.944785	0.124500006437302	19.951023	3.55125021934509
19.967347	0.125	19.97358	3.55237507820129
19.9899	0.12525001168251	19.996138	3.553875207901
20.012458	0.126375004649162	20.018695	3.55525016784668
20.035013	0.12550000846386	20.041246	3.55450010299683
20.057566	0.12525001168251	20.063798	3.55400013923645
20.080123	0.126500010490417	20.086361	3.55287528038025
20.102694	0.128375008702278	20.108931	3.55275011062622
20.125251	0.125375002622604	20.131483	3.55312514305115
20.147808	0.12312500923872	20.154041	3.5541250705719
20.170383	0.128625005483627	20.176621	3.5558750629425
20.192942	0.122750006616116	20.199175	3.55625009536743
20.215494	0.124750003218651	20.221726	3.55637526512146
20.238051	0.124875009059906	20.244283	3.55400013923645
20.260603	0.124250002205372	20.266841	3.5541250705719
20.283176	0.12737500667572	20.289409	3.5541250705719
20.305725	0.125	20.311958	3.55437517166138
20.328283	0.125624999403954	20.334516	3.55562520027161
20.350857	0.12525001168251	20.357089	3.55750012397766
20.3734	0.12550000846386	20.379638	3.55825018882751
20.395963	0.124125003814697	20.402196	3.55725026130676
20.41852	0.12525001168251	20.424753	3.55562520027161
20.441071	0.124625004827976	20.447309	3.55537509918213
20.463635	0.126375004649162	20.469874	3.55562520027161
20.486199	0.125	20.492431	3.5558750629425
20.508758	0.125	20.514997	3.55750012397766
20.531317	0.126125007867813	20.537554	3.55862522125244
20.553873	0.127500012516975	20.560105	3.55862522125244
20.57643	0.123875007033348	20.582662	3.55862522125244
20.598987	0.12525001168251	20.605219	3.55700016021729
20.621538	0.125624999403954	20.627776	3.55687522888184
20.644098	0.125125005841255	20.650353	3.55625009536743
20.666688	0.124000005424023	20.67292	3.55800008773804
20.689247	0.125125005841255	20.695485	3.55937528610229
20.711806	0.12737500667572	20.718044	3.56012511253357
20.734365	0.125125005841255	20.740598	3.55987524986267
20.756908	0.128625005483627	20.763135	3.55937528610229
20.779456	0.124625004827976	20.785689	3.55787515640259
20.802031	0.125875011086464	20.808265	3.55750012397766
20.824583	0.124625004827976	20.830817	3.55812525749207
20.847147	0.125	20.85338	3.55887508392334
20.8697	0.126125007867813	20.875938	3.56087517738342
20.892256	0.126625001430511	20.898494	3.56175017356873
20.914811	0.124500006437302	20.921044	3.56125020980835
20.937367	0.125	20.943599	3.56000018119812
20.959917	0.124000005424023	20.966154	3.55937528610229
20.982487	0.123500004410744	20.988724	3.55875015258789
21.005033	0.125	21.011266	3.55912518501282
21.02759	0.127750009298325	21.033823	3.56087517738342
21.05014	0.127125009894371	21.056377	3.56187510490417
21.072696	0.126625001430511	21.078933	3.56237506866455
21.095251	0.125875011086464	21.101484	3.5622501373291
21.117806	0.124625004827976	21.124038	3.5602502822876
21.140368	0.123750008642673	21.146605	3.5602502822876
21.162935	0.12550000846386	21.169175	3.55962514877319
21.185503	0.12550000846386	21.191736	3.56062507629395
21.20806	0.125125005841255	21.214298	3.56187510490417
21.230618	0.126625001430511	21.236856	3.56275010108948
21.253175	0.125875011086464	21.259408	3.56337523460388
21.275733	0.125750005245209	21.281965	3.56287527084351
21.298289	0.125624999403954	21.304521	3.56162524223328
21.320861	0.124750003218651	21.327099	3.56100010871887
21.343418	0.124500006437302	21.34965	3.56162524223328
21.365975	0.124750003218651	21.372207	3.56162524223328
21.388531	0.125624999403954	21.394764	3.56325006484985
21.411075	0.126875013113022	21.417313	3.56387519836426
21.433634	0.126249998807907	21.439873	3.56412506103516
21.456197	0.125125005841255	21.46243	3.56350016593933
21.478757	0.125	21.484998	3.5622501373291
21.50132	0.124875009059906	21.507557	3.56150007247925
21.523878	0.124375008046627	21.530111	3.56187510490417
21.546434	0.125624999403954	21.552667	3.56262516975403
21.568991	0.126249998807907	21.575224	3.56437516212463
21.591543	0.123375006020069	21.59778	3.56512522697449
21.614099	0.125875011086464	21.620354	3.56500005722046
21.636678	0.125875011086464	21.642911	3.56400012969971
21.659245	0.124500006437302	21.665485	3.56287527084351
21.681811	0.124875009059906	21.688049	3.5620002746582
21.70437	0.126000002026558	21.710603	3.56237506866455
21.726926	0.12525001168251	21.733159	3.56375026702881
21.749497	0.125750005245209	21.75573	3.56550025939941
21.772041	0.125750005245209	21.778274	3.56600022315979
21.794659	0.125624999403954	21.800896	3.56550025939941
21.817243	0.125375002622604	21.823478	3.56450009346008
21.839827	0.12550000846386	21.846061	3.5631251335144
21.862386	0.128125011920929	21.868624	3.56287527084351
21.884945	0.125875011086464	21.891177	3.56325006484985
21.907502	0.127125009894371	21.913734	3.56525015830994
21.930072	0.126375004649162	21.93631	3.56587505340576
21.952629	0.12525001168251	21.958866	3.56637525558472
21.975202	0.127000004053116	21.981437	3.56587505340576
21.99776	0.129375010728836	22.003992	3.56500005722046
22.020311	0.12550000846386	22.026549	3.56375026702881
22.042867	0.125624999403954	22.04911	3.56387519836426
22.065449	0.126125007867813	22.071682	3.56462526321411
22.088008	0.127000004053116	22.094241	3.56575012207031
22.110559	0.126750007271767	22.116796	3.56725025177002
22.133114	0.125750005245209	22.139347	3.56750011444092
22.155675	0.126625001430511	22.161933	3.56625008583069
22.178326	0.126125007867813	22.184663	3.56537508964539
22.201046	0.124875009059906	22.207305	3.56425023078918
22.223662	0.125875011086464	22.229896	3.56437516212463
22.246218	0.125875011086464	22.252451	3.56550025939941
22.268769	0.127125009894371	22.275004	3.56650018692017
22.291317	0.126875013113022	22.29755	3.5677502155304
22.313871	0.126249998807907	22.320103	3.56787514686584
22.336433	0.12550000846386	22.342666	3.56650018692017
22.358991	0.12550000846386	22.365223	3.56562519073486
22.381544	0.124125003814697	22.387782	3.56487512588501
22.4041	0.126000002026558	22.410363	3.56512522697449
22.426688	0.125624999403954	22.43292	3.56612515449524
22.449239	0.129625007510185	22.455501	3.56737518310547
22.471826	0.126000002026558	22.478063	3.56850028038025
22.494383	0.125125005841255	22.500616	3.56787514686584
22.516944	0.125750005245209	22.523177	3.56662511825562
22.539515	0.124500006437302	22.545753	3.56537508964539
22.562079	0.124625004827976	22.568317	3.56500005722046
22.584636	0.125375002622604	22.590869	3.56575012207031
22.607193	0.124625004827976	22.613426	3.56687521934509
22.629747	0.126875013113022	22.635984	3.56825017929077
22.652305	0.127125009894371	22.658543	3.5686252117157
22.674864	0.125	22.681104	3.56812524795532
22.697425	0.12550000846386	22.703658	3.56737518310547
22.719979	0.124750003218651	22.726217	3.56525015830994
22.742539	0.126125007867813	22.748776	3.56562519073486
22.765112	0.125375002622604	22.771346	3.56637525558472
22.787696	0.127000004053116	22.793943	3.56762528419495
22.810267	0.127500012516975	22.816494	3.56912517547607
22.83281	0.126500010490417	22.839049	3.56925010681152
22.8554	0.124250002205372	22.861633	3.56825017929077
22.877955	0.126125007867813	22.884188	3.56750011444092
22.900512	0.12550000846386	22.90675	3.56637525558472
22.923069	0.125125005841255	22.929302	3.56637525558472
22.945627	0.126750007271767	22.951859	3.56712508201599
22.968184	0.125875011086464	22.974416	3.56850028038025
22.990744	0.127625003457069	22.996982	3.56962513923645
23.013301	0.128625005483627	23.019533	3.56925010681152
23.035862	0.126000002026558	23.042094	3.56850028038025
23.058431	0.126000002026558	23.064664	3.56700015068054
23.080983	0.125875011086464	23.08722	3.56687521934509
23.10354	0.125875011086464	23.109785	3.56725025177002
23.12611	0.126000002026558	23.132343	3.56812524795532
23.148667	0.127000004053116	23.15491	3.56912517547607
23.171258	0.12737500667572	23.177496	3.57012510299683
23.193818	0.126249998807907	23.200051	3.569500207901
23.216376	0.12550000846386	23.222608	3.5686252117157
23.238938	0.125624999403954	23.245171	3.5677502155304
23.26149	0.122250005602837	23.267722	3.56675028800964
23.284042	0.126125007867813	23.29028	3.56725025177002
23.306605	0.126875013113022	23.312838	3.56850028038025
23.329158	0.127125009894371	23.335398	3.56987524032593
23.351717	0.127250000834465	23.357955	3.57025027275085
23.374275	0.12525001168251	23.380507	3.57000017166138
23.396831	0.127125009894371	23.403064	3.5688750743866
23.419385	0.12550000846386	23.425623	3.56750011444092
23.441945	0.12550000846386	23.448183	3.56750011444092
23.464502	0.126375004649162	23.470736	3.56850028038025
23.487063	0.12525001168251	23.49329	3.56925010681152
23.509618	0.126625001430511	23.515855	3.57000017166138
23.532176	0.126500010490417	23.538414	3.57112526893616
23.554732	0.12737500667572	23.560965	3.5703752040863
23.577286	0.12550000846386	23.583518	3.56925010681152
23.599839	0.124750003218651	23.606076	3.56787514686584
23.622396	0.126000002026558	23.628634	3.56800007820129
23.644967	0.124750003218651	23.6512	3.5686252117157
23.667525	0.126500010490417	23.673757	3.5697500705719
23.69008	0.127500012516975	23.696318	3.57112526893616
23.712638	0.126750007271767	23.718876	3.57087516784668
23.735199	0.126125007867813	23.741432	3.57050013542175
23.757756	0.127125009894371	23.763988	3.56850028038025
23.780308	0.124875009059906	23.78654	3.5688750743866
23.802885	0.126375004649162	23.809118	3.56825017929077
23.825449	0.126375004649162	23.831688	3.56962513923645
23.848011	0.126625001430511	23.854244	3.57075023651123
23.870567	0.127625003457069	23.876799	3.57162523269653
23.89312	0.126875013113022	23.899353	3.57175016403198
23.915676	0.127625003457069	23.921908	3.57112526893616
23.938229	0.125750005245209	23.944456	3.56912517547607
23.960777	0.124500006437302	23.967014	3.5688750743866
23.983339	0.126375004649162	23.989588	3.56925010681152
24.005928	0.126625001430511	24.01216	3.57000017166138
24.028479	0.126375004649162	24.034714	3.57137513160706
24.051034	0.12737500667572	24.057271	3.57212519645691
24.07359	0.125375002622604	24.079823	3.57212519645691
24.096149	0.126750007271767	24.102381	3.57100009918213
24.118706	0.125750005245209	24.124939	3.56962513923645
24.141259	0.126000002026558	24.147496	3.56937527656555
24.163824	0.126625001430511	24.17008	3.569500207901
24.186406	0.126125007867813	24.192638	3.5706250667572
24.208958	0.127250000834465	24.215205	3.57225012779236
24.231525	0.127625003457069	24.237762	3.57275009155273
24.254082	0.126500010490417	24.260315	3.57225012779236
24.276639	0.126750007271767	24.282873	3.57050013542175
24.299204	0.126625001430511	24.305437	3.5703752040863
24.321756	0.128875002264977	24.327993	3.569500207901
24.344312	0.126500010490417	24.350546	3.57000017166138
24.366869	0.126249998807907	24.373096	3.57175016403198
24.389434	0.127875000238419	24.395672	3.57300019264221
24.411992	0.127500012516975	24.418229	3.57425022125244
24.434549	0.125624999403954	24.440781	3.57262516021729
24.457101	0.125875011086464	24.463333	3.57100009918213
24.479654	0.12525001168251	24.485891	3.57012510299683
24.50221	0.126000002026558	24.508447	3.57087516784668
24.524766	0.126249998807907	24.530994	3.57125020027161
24.54732	0.127000004053116	24.553553	3.57337522506714
24.569887	0.128000006079674	24.576124	3.57387518882751
24.592443	0.127625003457069	24.598681	3.57287526130676
24.615011	0.127125009894371	24.621249	3.57287526130676
24.637574	0.126625001430511	24.643806	3.57137513160706
24.660132	0.126000002026558	24.66637	3.57087516784668
24.682691	0.126500010490417	24.688928	3.57125020027161
24.705245	0.12737500667572	24.711478	3.57187509536743
24.727802	0.126500010490417	24.734034	3.57350015640259
24.75038	0.131374999880791	24.756618	3.57450008392334
24.772928	0.126249998807907	24.779161	3.57425022125244
24.795517	0.125875011086464	24.801751	3.57375025749207
24.818068	0.124875009059906	24.824295	3.57212519645691
24.840622	0.126875013113022	24.84686	3.57187509536743
24.863181	0.126625001430511	24.869413	3.57200026512146
24.885738	0.126125007867813	24.89197	3.57312512397766
24.908295	0.128125011920929	24.914527	3.57425022125244
24.930857	0.127750009298325	24.937089	3.57500028610229
24.953411	0.126375004649162	24.959649	3.57462525367737
24.975972	0.127250000834465	24.982205	3.57312512397766
24.998531	0.125750005245209	25.004765	3.57262516021729
25.021086	0.125875011086464	25.027319	3.57137513160706
25.043641	0.126625001430511	25.049873	3.57250022888184
25.066192	0.126125007867813	25.072424	3.57500028610229
25.088754	0.128499999642372	25.095	3.57512521743774
25.111321	0.127250000834465	25.117559	3.57562518119812
25.133879	0.127000004053116	25.140112	3.57525014877319
25.156437	0.126500010490417	25.162675	3.57387518882751
25.179003	0.125375002622604	25.185237	3.57275009155273
25.201557	0.125875011086464	25.207795	3.57237505912781
25.224113	0.129250004887581	25.230363	3.57387518882751
25.246689	0.132125005125999	25.252921	3.57487511634827
25.269239	0.128250002861023	25.275489	3.57625007629395
25.291825	0.127750009298325	25.298062	3.5761251449585
25.314381	0.128375008702278	25.320615	3.57575011253357
25.336938	0.126249998807907	25.34317	3.57450008392334
25.359497	0.126750007271767	25.365734	3.57337522506714
25.382054	0.125750005245209	25.388292	3.57337522506714
25.404622	0.12737500667572	25.410855	3.57425022125244
25.427179	0.127750009298325	25.433412	3.57575011253357
25.449732	0.128000006079674	25.45597	3.57650017738342
25.472289	0.126875013113022	25.478526	3.57637524604797
25.494844	0.127000004053116	25.501076	3.5761251449585
25.517402	0.126375004649162	25.523634	3.57475018501282
25.539979	0.125750005245209	25.546216	3.57412505149841
25.562536	0.127000004053116	25.568773	3.57387518882751
25.58511	0.125875011086464	25.591343	3.57637524604797
25.607668	0.126625001430511	25.6139	3.57637524604797
25.630219	0.128375008702278	25.636457	3.57800006866455
25.652768	0.127250000834465	25.659006	3.57750010490417
25.675328	0.126875013113022	25.68156	3.57562518119812
25.697884	0.126875013113022	25.704117	3.57512521743774
25.720455	0.125875011086464	25.726692	3.57425022125244
25.743011	0.126000002026558	25.749243	3.57475018501282
25.765591	0.127125009894371	25.771823	3.57637524604797
25.78815	0.128375008702278	25.794419	3.57750010490417
25.810768	0.128499999642372	25.817014	3.57775020599365
25.833335	0.126875013113022	25.839614	3.57750010490417
25.855937	0.126000002026558	25.86217	3.57600021362305
25.878495	0.126000002026558	25.884729	3.57525014877319
25.901048	0.126875013113022	25.907285	3.57487511634827
25.923605	0.127875000238419	25.929837	3.57562518119812
25.946162	0.127125009894371	25.952394	3.57725024223328
25.968718	0.129000008106232	25.97495	3.57812523841858
25.991269	0.126625001430511	25.997506	3.57862520217896
26.01383	0.127125009894371	26.020073	3.5770001411438
26.036399	0.126375004649162	26.042631	3.5770001411438
26.058954	0.126375004649162	26.065198	3.57562518119812
26.081517	0.127000004053116	26.08775	3.57525014877319
26.104072	0.127750009298325	26.110305	3.57650017738342
26.126624	0.127000004053116	26.132856	3.57775020599365
26.149181	0.128625005483627	26.155414	3.57862520217896
26.171763	0.127625003457069	26.178001	3.57950019836426
26.194331	0.126750007271767	26.200564	3.57775020599365
26.216905	0.125750005245209	26.223137	3.57712507247925
26.239458	0.126375004649162	26.245695	3.57575011253357
26.262019	0.127250000834465	26.268256	3.57650017738342
26.284576	0.128125011920929	26.290808	3.57750010490417
26.307133	0.127625003457069	26.313365	3.57862520217896
26.329684	0.128250002861023	26.335922	3.57937526702881
26.35224	0.127125009894371	26.358477	3.57950019836426
26.374798	0.127625003457069	26.38103	3.57775020599365
26.397354	0.126249998807907	26.403586	3.57737517356873
26.419905	0.126000002026558	26.426143	3.57650017738342
26.442466	0.126875013113022	26.448703	3.57712507247925
26.465024	0.126375004649162	26.471257	3.57837510108948
26.487583	0.128375008702278	26.493815	3.57912516593933
26.510134	0.13000001013279	26.516372	3.58025026321411
26.532692	0.126875013113022	26.538925	3.57975006103516
26.555243	0.128750011324883	26.561476	3.57850027084351
26.5778	0.126249998807907	26.584033	3.57712507247925
26.600365	0.126249998807907	26.606602	3.57712507247925
26.622923	0.126125007867813	26.629156	3.57737517356873
26.645487	0.126375004649162	26.65172	3.57912516593933
26.668048	0.131500005722046	26.674281	3.58037519454956
26.690595	0.131374999880791	26.696833	3.58037519454956
26.713155	0.125750005245209	26.719388	3.57950019836426
26.735711	0.127000004053116	26.741943	3.57925009727478
26.758268	0.126500010490417	26.7645	3.57737517356873
26.780815	0.126625001430511	26.787048	3.57775020599365
26.803383	0.128250002861023	26.809617	3.57850027084351
26.825936	0.127125009894371	26.832168	3.57975006103516
26.848493	0.128000006079674	26.854726	3.58112525939941
26.871045	0.127625003457069	26.877283	3.58087515830994
26.893602	0.126750007271767	26.899835	3.57962512969971
26.91616	0.127250000834465	26.922392	3.57887506484985
26.938722	0.125624999403954	26.944955	3.57775020599365
26.961275	0.127000004053116	26.967527	3.57812523841858
26.983855	0.127000004053116	26.990083	3.57975006103516
27.006405	0.124750003218651	27.012638	3.58050012588501
27.028964	0.128250002861023	27.035204	3.58137512207031
27.051523	0.12737500667572	27.057761	3.58125019073486
27.07408	0.126750007271767	27.080313	3.58037519454956
27.096633	0.125624999403954	27.102867	3.57950019836426
27.119204	0.126875013113022	27.125436	3.57812523841858
27.141758	0.127000004053116	27.147991	3.5787501335144
27.164337	0.127125009894371	27.170571	3.58012509346008
27.186911	0.127875000238419	27.193144	3.58100008964539
27.209493	0.127750009298325	27.215726	3.58187508583069
27.23205	0.127125009894371	27.238283	3.58175015449524
27.254624	0.127500012516975	27.260858	3.58050012588501
27.277183	0.126125007867813	27.283415	3.57850027084351
27.299736	0.127250000834465	27.305974	3.57912516593933
27.322304	0.127875000238419	27.328541	3.57937526702881
27.344862	0.127125009894371	27.351095	3.58037519454956
27.367422	0.128125011920929	27.373654	3.58137512207031
27.389974	0.131625011563301	27.396211	3.58225011825562
27.412532	0.127000004053116	27.418769	3.58150005340576
27.43511	0.130875006318092	27.441342	3.58087515830994
27.457667	0.126875013113022	27.463899	3.57975006103516
27.480218	0.126750007271767	27.486456	3.57912516593933
27.502776	0.127875000238419	27.509013	3.58012509346008
27.525333	0.126375004649162	27.531566	3.58100008964539
27.547891	0.128250002861023	27.554124	3.58237528800964
27.570456	0.12737500667572	27.576693	3.58275008201599
27.593013	0.128000006079674	27.599245	3.58125019073486
27.61559	0.126249998807907	27.621822	3.58062505722046
27.638147	0.130375012755394	27.64438	3.57937526702881
27.660701	0.12525001168251	27.666939	3.57912516593933
27.68326	0.127000004053116	27.689496	3.58025026321411
27.70582	0.127000004053116	27.712052	3.58137512207031
27.728377	0.128000006079674	27.734638	3.58287525177002
27.750958	0.126375004649162	27.757195	3.58262515068054
27.773517	0.126625001430511	27.77975	3.58150005340576
27.7961	0.126500010490417	27.802329	3.58087515830994
27.818664	0.125875011086464	27.824951	3.57975006103516
27.841273	0.126375004649162	27.847511	3.57962512969971
27.86383	0.126375004649162	27.870075	3.58100008964539
27.886398	0.127000004053116	27.89263	3.58200025558472
27.908953	0.128000006079674	27.915196	3.58287525177002
27.931513	0.127125009894371	27.937751	3.58275008201599
27.954069	0.126249998807907	27.960301	3.58175015449524
27.976624	0.125875011086464	27.982857	3.58062505722046
27.999178	0.126249998807907	28.005411	3.58025026321411
28.02173	0.127750009298325	28.027967	3.58062505722046
28.044292	0.126625001430511	28.050525	3.58175015449524
28.06685	0.128375008702278	28.073082	3.58250021934509
28.089402	0.127750009298325	28.095639	3.58350014686584
28.111957	0.127750009298325	28.118195	3.58312511444092
28.134513	0.12737500667572	28.140746	3.58225011825562
28.157069	0.126125007867813	28.16332	3.58050012588501
28.179657	0.126500010490417	28.185895	3.58037519454956
28.202215	0.130125001072884	28.208453	3.58100008964539
28.224771	0.127000004053116	28.231004	3.58200025558472
28.247329	0.129375010728836	28.253562	3.5833752155304
28.26989	0.127875000238419	28.276124	3.58350014686584
28.292443	0.126875013113022	28.298677	3.58350014686584
28.315002	0.126625001430511	28.321235	3.58212518692017
28.33756	0.126375004649162	28.343794	3.58087515830994
28.360116	0.12550000846386	28.366354	3.58025026321411
28.382665	0.126249998807907	28.388897	3.58125019073486
28.405218	0.126125007867813	28.41145	3.58225011825562
28.427779	0.127750009298325	28.434011	3.58375024795532
28.450354	0.127875000238419	28.456592	3.58400011062622
28.472914	0.127125009894371	28.479147	3.58300018310547
28.495485	0.126500010490417	28.501718	3.58162522315979
28.518042	0.126000002026558	28.524274	3.58125019073486
28.540591	0.126000002026558	28.546828	3.58025026321411
28.563147	0.127500012516975	28.569385	3.58187508583069
28.585712	0.128375008702278	28.591945	3.58287525177002
28.608269	0.129000008106232	28.614502	3.58437514305115
28.630849	0.126625001430511	28.637087	3.5842502117157
28.653408	0.127250000834465	28.659647	3.58312511444092
28.675974	0.126750007271767	28.682207	3.58162522315979
28.698526	0.125624999403954	28.704759	3.58112525939941
28.721079	0.127500012516975	28.727316	3.58137512207031
28.743635	0.127000004053116	28.749872	3.58225011825562
28.766197	0.127625003457069	28.772424	3.58387517929077
28.788771	0.12950000166893	28.795034	3.58462524414062
28.811355	0.127500012516975	28.817583	3.58462524414062
28.833908	0.126625001430511	28.840141	3.5833752155304
28.856466	0.127000004053116	28.862699	3.58212518692017
28.879025	0.127500012516975	28.885259	3.58125019073486
28.901579	0.12737500667572	28.907817	3.58150005340576
28.924136	0.127250000834465	28.93037	3.58250021934509
28.946693	0.128125011920929	28.952926	3.58462524414062
28.969245	0.128625005483627	28.975491	3.58487510681152
28.991826	0.127000004053116	28.998064	3.58412528038025
29.014384	0.126875013113022	29.020617	3.58325028419495
29.036947	0.126625001430511	29.04318	3.58212518692017
29.0595	0.126249998807907	29.065737	3.58112525939941
29.082057	0.127750009298325	29.088294	3.58275008201599
29.104623	0.12737500667572	29.110855	3.58387517929077
29.127181	0.129250004887581	29.133413	3.5845000743866
29.149733	0.128499999642372	29.15597	3.58475017547607
29.172318	0.127250000834465	29.178556	3.58400011062622
29.194883	0.127250000834465	29.201116	3.58287525177002
29.217458	0.126750007271767	29.223691	3.58187508583069
29.240011	0.127000004053116	29.246248	3.58137512207031
29.262569	0.124500006437302	29.268807	3.58250021934509
29.285126	0.126500010490417	29.291358	3.58375024795532
29.307683	0.128499999642372	29.313915	3.58500027656555
29.330257	0.12737500667572	29.336494	3.58475017547607
29.352813	0.127000004053116	29.35905	3.5842502117157
29.37537	0.127500012516975	29.381602	3.58275008201599
29.397926	0.126500010490417	29.404159	3.58200025558472
29.420477	0.126750007271767	29.426715	3.58200025558472
29.443038	0.129250004887581	29.449276	3.58312511444092
29.465603	0.127625003457069	29.471835	3.5845000743866
29.488157	0.128499999642372	29.49439	3.5853750705719
29.510709	0.126500010490417	29.516942	3.585125207901
29.533253	0.126875013113022	29.539507	3.5845000743866
29.555824	0.12287500500679	29.562056	3.58262515068054
29.578375	0.126625001430511	29.584621	3.58237528800964
29.600941	0.126000002026558	29.607179	3.58237528800964
29.623512	0.126875013113022	29.629745	3.5833752155304
29.646064	0.128250002861023	29.652291	3.58500027656555
29.668624	0.128125011920929	29.674856	3.58550024032593
29.691177	0.12525001168251	29.697414	3.58525013923645
29.713734	0.12737500667572	29.719976	3.58375024795532
29.736298	0.124875009059906	29.74253	3.58275008201599
29.758855	0.130625009536743	29.765106	3.58287525177002
29.781425	0.126500010490417	29.787659	3.58312511444092
29.803995	0.128125011920929	29.810228	3.58437514305115
