Time_sec1	Voltage_A0TG	Time_sec2	Voltage_A1TG
0	1.36162507534027	0.006232	3.61937522888184
0.022556	1.3611251115799	0.028791	3.61787509918213
0.04511	1.35937511920929	0.051347	3.61687517166138
0.067662	1.36187505722046	0.073906	3.61600017547607
0.090246	1.36650002002716	0.096478	3.616375207901
0.112798	1.36075007915497	0.11903	3.61775016784668
0.135352	1.36225008964539	0.14159	3.61862516403198
0.157909	1.36175000667572	0.164142	3.61912512779236
0.180466	1.36150002479553	0.186699	3.61925005912781
0.203023	1.36150002479553	0.209256	3.61787509918213
0.225572	1.35975003242493	0.23181	3.616375207901
0.248132	1.36262512207031	0.254364	3.61625027656555
0.270687	1.36562502384186	0.27692	3.6172502040863
0.293247	1.36225008964539	0.299502	3.61775016784668
0.315824	1.36262512207031	0.322056	3.61950016021729
0.338377	1.36150002479553	0.344611	3.61962509155273
0.360933	1.36187505722046	0.367165	3.61825013160706
0.383491	1.36250007152557	0.389724	3.61737513542175
0.406044	1.36175000667572	0.412276	3.61600017547607
0.428598	1.36225008964539	0.434847	3.61625027656555
0.451172	1.36150002479553	0.457404	3.61712527275085
0.473725	1.3620001077652	0.479962	3.61800026893616
0.496281	1.36187505722046	0.502518	3.61887526512146
0.518837	1.36300003528595	0.52507	3.61900019645691
0.541393	1.36350011825562	0.547625	3.61812520027161
0.563946	1.36237502098083	0.570183	3.61675024032593
0.586501	1.36012506484985	0.592738	3.61562514305115
0.609142	1.36162507534027	0.615377	3.61600017547607
0.631717	1.36250007152557	0.63795	3.6172502040863
0.65428	1.36250007152557	0.660517	3.6183750629425
0.676841	1.36162507534027	0.683078	3.61887526512146
0.699398	1.36162507534027	0.70563	3.61900019645691
0.721956	1.36187505722046	0.728195	3.61800026893616
0.744515	1.35987508296967	0.750752	3.6172502040863
0.767071	1.36175000667572	0.773311	3.6157500743866
0.78963	1.36212503910065	0.795863	3.61625027656555
0.81219	1.36237502098083	0.818423	3.61675024032593
0.834761	1.3628751039505	0.840999	3.61800026893616
0.857324	1.36225008964539	0.863558	3.61887526512146
0.879899	1.3620001077652	0.886132	3.61812520027161
0.90246	1.36225008964539	0.908693	3.61700010299683
0.925036	1.36050009727478	0.931274	3.61612510681152
0.947592	1.36150002479553	0.953825	3.61600017547607
0.970149	1.36300003528595	0.976401	3.61650013923645
0.992735	1.3620001077652	0.998968	3.61687517166138
1.015289	1.36400008201599	1.021526	3.61862516403198
1.037862	1.36187505722046	1.044095	3.61887526512146
1.060412	1.36412501335144	1.066644	3.61762523651123
1.082971	1.36225008964539	1.089212	3.61712527275085
1.105531	1.36150002479553	1.111763	3.6155002117157
1.128083	1.36150002479553	1.134316	3.61537528038025
1.15064	1.36137509346008	1.156873	3.61625027656555
1.173213	1.36162507534027	1.179447	3.61687517166138
1.195766	1.3620001077652	1.202003	3.61825013160706
1.218321	1.36187505722046	1.224566	3.61862516403198
1.240906	1.36162507534027	1.247139	3.61800026893616
1.263452	1.36137509346008	1.269715	3.616375207901
1.286041	1.36125004291534	1.292279	3.61525011062622
1.308599	1.36087501049042	1.314847	3.61525011062622
1.331172	1.36137509346008	1.337404	3.61625027656555
1.353725	1.3628751039505	1.359963	3.6175000667572
1.376283	1.36300003528595	1.38252	3.61887526512146
1.39884	1.36125004291534	1.405072	3.6175000667572
1.421396	1.36037504673004	1.427629	3.61712527275085
1.443948	1.3620001077652	1.450186	3.61525011062622
1.466509	1.36187505722046	1.472742	3.61562514305115
1.489064	1.3611251115799	1.495292	3.61525011062622
1.511618	1.36100006103516	1.517852	3.61650013923645
1.534181	1.36587500572205	1.540414	3.6175000667572
1.556735	1.36125004291534	1.562967	3.61862516403198
1.579312	1.36162507534027	1.58554	3.61787509918213
1.601886	1.36075007915497	1.608139	3.6172502040863
1.624477	1.36075007915497	1.630705	3.6155002117157
1.647031	1.3620001077652	1.653264	3.61525011062622
1.669592	1.36300003528595	1.675824	3.61562514305115
1.692151	1.36162507534027	1.698383	3.616375207901
1.714703	1.36275005340576	1.72094	3.61762523651123
1.737262	1.36212503910065	1.743495	3.61850023269653
1.75982	1.36125004291534	1.766052	3.61737513542175
1.782375	1.36387503147125	1.788607	3.61700010299683
1.804958	1.36062502861023	1.811196	3.6155002117157
1.827531	1.36150002479553	1.833763	3.61500024795532
1.850083	1.36100006103516	1.856315	3.6155002117157
1.872639	1.3620001077652	1.878872	3.616375207901
1.895192	1.36237502098083	1.90143	3.61787509918213
1.91775	1.36100006103516	1.923983	3.6183750629425
1.940307	1.36000001430511	1.946539	3.6172502040863
1.962863	1.36150002479553	1.969102	3.61612510681152
1.985449	1.35975003242493	1.991686	3.61512517929077
2.008007	1.36175000667572	2.014239	3.61500024795532
2.030563	1.3611251115799	2.036796	3.61525011062622
2.053124	1.36137509346008	2.059357	3.61700010299683
2.075675	1.36225008964539	2.081912	3.61787509918213
2.098232	1.36225008964539	2.104471	3.61787509918213
2.120795	1.36100006103516	2.127028	3.61737513542175
2.143347	1.36225008964539	2.149611	3.61600017547607
2.165934	1.36037504673004	2.172167	3.61525011062622
2.188478	1.3611251115799	2.194711	3.6146252155304
2.211029	1.36175000667572	2.217256	3.61562514305115
2.23361	1.3611251115799	2.239847	3.61675024032593
2.256184	1.36175000667572	2.262421	3.61800026893616
2.278732	1.36125004291534	2.284965	3.61787509918213
2.30129	1.36150002479553	2.307517	3.61700010299683
2.323839	1.36075007915497	2.330077	3.61512517929077
2.346397	1.36137509346008	2.352634	3.6146252155304
2.368954	1.36175000667572	2.375188	3.61437511444092
2.391508	1.3611251115799	2.39774	3.61562514305115
2.414084	1.36262512207031	2.420322	3.6172502040863
2.436641	1.36175000667572	2.44288	3.61762523651123
2.459213	1.36150002479553	2.465451	3.61787509918213
2.481771	1.3611251115799	2.488003	3.61675024032593
2.504323	1.36100006103516	2.51056	3.6155002117157
2.526882	1.36437511444092	2.533115	3.6146252155304
2.549436	1.36175000667572	2.555668	3.61475014686584
2.571986	1.36150002479553	2.578219	3.61625027656555
2.594563	1.36187505722046	2.600796	3.61687517166138
2.617136	1.35812509059906	2.623369	3.6175000667572
2.639765	1.36037504673004	2.646004	3.6172502040863
2.662333	1.3628751039505	2.668565	3.61600017547607
2.68489	1.36162507534027	2.691128	3.61500024795532
2.707447	1.36100006103516	2.713692	3.61387515068054
2.730021	1.36412501335144	2.736253	3.61512517929077
2.752577	1.36212503910065	2.758816	3.6157500743866
2.775135	1.36275005340576	2.781372	3.61687517166138
2.797708	1.35950005054474	2.803941	3.61712527275085
2.820261	1.36175000667572	2.826494	3.61712527275085
2.84282	1.36100006103516	2.849053	3.61537528038025
2.865373	1.36162507534027	2.87161	3.61500024795532
2.88793	1.36075007915497	2.894179	3.61400008201599
2.910504	1.3628751039505	2.916737	3.61512517929077
2.933061	1.3620001077652	2.939307	3.61650013923645
2.955638	1.36075007915497	2.961876	3.61687517166138
2.978235	1.36037504673004	2.98448	3.61737513542175
3.000801	1.36062502861023	3.007034	3.61625027656555
3.023362	1.36150002479553	3.029596	3.6155002117157
3.045915	1.36087501049042	3.052152	3.61362528800964
3.068472	1.36125004291534	3.074705	3.61437511444092
3.09103	1.36087501049042	3.097262	3.61525011062622
3.113605	1.36150002479553	3.119843	3.61675024032593
3.136161	1.36075007915497	3.142398	3.61762523651123
3.158729	1.36037504673004	3.164961	3.61762523651123
3.181285	1.36087501049042	3.187518	3.61612510681152
3.203848	1.36075007915497	3.210086	3.61487507820129
3.226411	1.36037504673004	3.232649	3.61450028419495
3.248971	1.36275005340576	3.255204	3.61450028419495
3.271529	1.36125004291534	3.277761	3.61562514305115
3.294094	1.36175000667572	3.300331	3.61625027656555
3.316642	1.36187505722046	3.322874	3.61712527275085
3.33921	1.36137509346008	3.345438	3.61712527275085
3.361764	1.36137509346008	3.367997	3.61525011062622
3.384317	1.3611251115799	3.390554	3.61512517929077
3.406874	1.36187505722046	3.413112	3.61437511444092
3.429426	1.36212503910065	3.435664	3.61450028419495
3.451986	1.36225008964539	3.458213	3.61587524414062
3.474544	1.3628751039505	3.480778	3.61650013923645
3.497099	1.36175000667572	3.503337	3.6172502040863
3.519663	1.36075007915497	3.525896	3.61737513542175
3.542213	1.36025011539459	3.548445	3.61562514305115
3.564765	1.36012506484985	3.571003	3.61475014686584
3.587326	1.36075007915497	3.593564	3.61412525177002
3.609914	1.36125004291534	3.616147	3.6146252155304
3.63247	1.36100006103516	3.638759	3.61587524414062
3.65508	1.36062502861023	3.661318	3.61737513542175
3.677638	1.36125004291534	3.683892	3.6172502040863
3.700216	1.35987508296967	3.706449	3.61712527275085
3.722773	1.36062502861023	3.729023	3.6157500743866
3.745342	1.36075007915497	3.75158	3.61387515068054
3.767904	1.36050009727478	3.774137	3.61387515068054
3.79046	1.36212503910065	3.796693	3.61512517929077
3.813027	1.36175000667572	3.81926	3.61587524414062
3.835579	1.36175000667572	3.841816	3.61737513542175
3.858136	1.36187505722046	3.864368	3.61712527275085
3.880692	1.36150002479553	3.886925	3.61625027656555
3.903244	1.35925006866455	3.909477	3.6155002117157
3.925795	1.36100006103516	3.932032	3.61450028419495
3.948353	1.36387503147125	3.954587	3.61425018310547
3.970912	1.36125004291534	3.977151	3.61475014686584
3.993494	1.3611251115799	3.999733	3.616375207901
4.016052	1.36475002765656	4.02229	3.61737513542175
4.038609	1.36150002479553	4.044848	3.6172502040863
4.061174	1.36037504673004	4.067407	3.61600017547607
4.083728	1.36100006103516	4.089966	3.61512517929077
4.106301	1.35962510108948	4.112538	3.61387515068054
4.128857	1.36137509346008	4.135089	3.61437511444092
4.151415	1.35962510108948	4.157647	3.6155002117157
4.173981	1.36150002479553	4.180218	3.61625027656555
4.196538	1.36175000667572	4.202776	3.61700010299683
4.219106	1.36062502861023	4.225339	3.61675024032593
4.241664	1.36050009727478	4.247896	3.61562514305115
4.264215	1.36062502861023	4.270452	3.61475014686584
4.286785	1.36075007915497	4.293022	3.61450028419495
4.309343	1.3611251115799	4.315576	3.61437511444092
4.331902	1.3611251115799	4.338135	3.61525011062622
4.354471	1.36162507534027	4.360708	3.61650013923645
4.377027	1.36125004291534	4.383255	3.61737513542175
4.399593	1.36087501049042	4.405826	3.61675024032593
4.42215	1.36087501049042	4.428383	3.61562514305115
4.444702	1.36075007915497	4.45094	3.61425018310547
4.467252	1.36025011539459	4.473509	3.61012506484985
4.489834	1.35987508296967	4.496067	3.61037516593933
4.512392	1.20537507534027	4.518624	3.60562515258789
4.534948	1.06362509727478	4.541186	3.58575010299683
4.557505	0.932375073432922	4.563738	3.5448751449585
4.580062	0.81850004196167	4.586294	3.48062515258789
4.60263	0.711750030517578	4.608889	3.40450024604797
4.625213	0.612625002861023	4.631452	3.31262516975403
4.647779	0.531000018119812	4.654012	3.21887516975403
4.670336	0.456125020980835	4.67657	3.11800003051758
4.692891	0.392500013113022	4.699174	3.02125024795532
4.715498	0.337500005960464	4.72173	2.92037510871887
4.738052	0.287875026464462	4.744286	2.819500207901
4.760608	0.239500015974045	4.766841	2.72625017166138
4.783162	0.198625013232231	4.789395	2.63187503814697
4.805715	0.155250012874603	4.811947	2.54812502861023
4.828266	0.121500007808208	4.834499	2.46525001525879
4.850838	0.0910000056028366	4.857071	2.39412522315979
4.873398	0.0655000060796738	4.879631	2.32575011253357
4.895952	0.0457500033080578	4.90219	2.2664999961853
4.918509	0.0260000005364418	4.924758	2.20912504196167
4.941082	0.006375000346452	4.947315	2.15974998474121
4.963634	0.00175000005401671	4.969871	2.11412501335144
4.986219	0.000750000006519258	4.992457	2.07737517356873
5.008792	0.00100000004749745	5.015025	2.04337501525879
5.031345	0.00162500003352761	5.037577	2.01550006866455
5.05391	0.00187500007450581	5.060148	1.99050009250641
5.076467	0.00337500008754432	5.082704	1.96825003623962
5.099025	0.00250000017695129	5.105258	1.94750010967255
5.121586	0.00100000004749745	5.127819	1.92837512493134
5.144139	0.000500000023748726	5.150376	1.91025006771088
5.166695	-0.000750000006519258	5.172933	1.89537513256073
5.189264	0.000875000027008355	5.195497	1.88175010681152
5.211813	0.000750000006519258	5.218046	1.87087512016296
5.234373	0.00262500019744039	5.240611	1.86137509346008
5.256932	0.00400000018998981	5.26317	1.85262513160706
5.279505	0.00262500019744039	5.285737	1.84275007247925
5.302062	0.000500000023748726	5.308294	1.83437514305115
5.324613	-0.000125000005937181	5.33085	1.82600009441376
5.347169	0.000125000005937181	5.353402	1.81850004196167
5.369725	-0.000125000005937181	5.375959	1.81350004673004
5.392296	-0.00287500023841858	5.398528	1.80900013446808
5.414849	0.00287500023841858	5.421086	1.80575013160706
5.437409	0.00375000014901161	5.443641	1.80062508583069
5.459966	0.000500000023748726	5.466198	1.7966251373291
5.482523	0.000625000044237822	5.488756	1.79125010967255
5.505065	-0.000125000005937181	5.511303	1.7876250743866
5.527622	-0.000625000044237822	5.533855	1.78400003910065
5.550179	0.00162500003352761	5.55641	1.78212511539459
5.57273	0.00162500003352761	5.578963	1.7810001373291
5.595295	0.00275000021792948	5.601532	1.77975010871887
5.617878	0.00337500008754432	5.624111	1.7766250371933
5.640434	0.00125000008847564	5.646667	1.7746250629425
5.662992	0.00250000017695129	5.669226	1.77100002765656
5.685547	0	5.691785	1.76937508583069
5.708103	0.000375000003259629	5.714336	1.76775002479553
5.730664	0.000375000003259629	5.736897	1.76700007915497
5.75322	0.00187500007450581	5.759453	1.76762509346008
5.775776	0.00337500008754432	5.78201	1.76725006103516
5.798331	0.00275000021792948	5.804564	1.76550006866455
5.820891	0.00100000004749745	5.827124	1.7645001411438
5.843444	-0.00150000001303852	5.849703	1.76162505149841
5.866023	0.00187500007450581	5.872255	1.76062512397766
5.888566	-0.000375000003259629	5.894799	1.75987505912781
5.911124	0.000625000044237822	5.917357	1.76437509059906
5.9337	0.0022500001359731	5.939938	1.77187514305115
5.95627	0.00350000010803342	5.962508	1.77962505817413
5.978849	0.00287500023841858	5.985082	1.78600013256073
6.001411	0.000625000044237822	6.007644	1.79125010967255
6.023982	-0.000500000023748726	6.03022	1.79537510871887
6.04654	-0.000250000011874363	6.052777	1.79887509346008
6.069105	0.00125000008847564	6.075337	1.80387508869171
6.091661	-0.000875000027008355	6.097894	1.81012511253357
6.114214	0.00325000006705523	6.120451	1.8160001039505
6.136774	0.00487500010058284	6.143011	1.82050013542175
6.15933	0.00125000008847564	6.165563	1.82250010967255
6.181888	0.000875000027008355	6.18812	1.8215000629425
6.204464	0.000250000011874363	6.210702	1.82025003433228
6.227027	0.000500000023748726	6.23326	1.81912505626678
6.249591	0.00287500023841858	6.255824	1.82412505149841
6.272147	0.000875000027008355	6.27838	1.83525013923645
6.294699	0.00175000005401671	6.300936	1.8472501039505
6.317256	0.004250000230968	6.323491	1.85550010204315
6.339819	0.000625000044237822	6.346051	1.86937510967255
6.362375	0.000625000044237822	6.368607	1.87287509441376
6.384955	-0.000375000003259629	6.391192	1.87412512302399
6.407511	0.00112500006798655	6.413743	1.8712500333786
6.430067	0.00262500019744039	6.436299	1.86800003051758
6.452623	0.00437500001862645	6.458855	1.8657500743866
6.475176	0.00762500055134296	6.481413	1.86475014686584
6.497733	0.00625000009313226	6.503978	1.86850011348724
6.520302	0.00700000021606684	6.526534	1.8747501373291
6.542872	0.00700000021606684	6.549114	1.88062512874603
6.565436	0.00662500038743019	6.571668	1.88800013065338
6.587987	0.00925000011920929	6.59422	1.8987500667572
6.61056	0.0102500002831221	6.616794	1.9135000705719
6.633124	0.0110000008717179	6.63936	1.92737507820129
6.655679	0.0138750011101365	6.661906	1.94150006771088
6.678227	0.0122500006109476	6.684476	1.95212507247925
6.700799	0.0123750008642673	6.707032	1.95925009250641
6.723356	0.0126250004395843	6.729594	1.96387505531311
6.745931	0.0133750010281801	6.752168	1.96950006484985
6.768488	0.015625	6.774722	1.97387504577637
6.791048	0.0163750015199184	6.79728	1.97737514972687
6.813601	0.017875000834465	6.819839	1.98287510871887
6.836159	0.0180000010877848	6.842397	1.99050009250641
6.858729	0.0191250015050173	6.864961	1.99612510204315
6.881286	0.0182500015944242	6.887518	1.99925005435944
6.903838	0.0195000004023314	6.910075	2.00150012969971
6.926398	0.0198750011622906	6.932631	2.00150012969971
6.948952	0.0265000015497208	6.95518	2.00137519836426
6.971516	0.0225000008940697	6.977768	2.00287508964539
6.994103	0.0242500007152557	7.000336	2.007000207901
7.016657	0.0262500010430813	7.02289	2.0164999961853
7.039224	0.0251250006258488	7.045456	2.02975010871887
7.061781	0.0252500008791685	7.068015	2.04537510871887
7.084361	0.0252500008791685	7.090599	2.05750012397766
7.106918	0.025500001385808	7.113151	2.06387519836426
7.129509	0.027750002220273	7.135742	2.06712508201599
7.152069	0.0273750014603138	7.158301	2.06787514686584
7.17462	0.031750001013279	7.180858	2.06662511825562
7.197177	0.03125	7.203409	2.06412506103516
7.219734	0.0302500016987324	7.225971	2.06100010871887
7.242295	0.0302500016987324	7.248528	2.05750012397766
7.264854	0.0310000013560057	7.271091	2.05462503433228
7.287425	0.0337500013411045	7.293658	2.0547502040863
7.309977	0.032124999910593	7.31621	2.05725002288818
7.332535	0.033125001937151	7.338768	2.06262516975403
7.355087	0.0356250032782555	7.361325	2.06912517547607
7.377645	0.0352500006556511	7.383891	2.07650017738342
7.400216	0.0350000001490116	7.406448	2.0845000743866
7.422772	0.0356250032782555	7.429015	2.09400010108948
7.445333	0.0365000031888485	7.45157	2.10525012016296
7.46789	0.0365000031888485	7.474122	2.11775016784668
7.490459	0.037125002592802	7.496691	2.13162517547607
7.513013	0.0395000018179417	7.519246	2.14562511444092
7.53557	0.0408750027418137	7.541807	2.15974998474121
7.558127	0.0403750017285347	7.564361	2.17237520217896
7.580685	0.0391250029206276	7.586912	2.18500018119812
7.603263	0.0400000028312206	7.60954	2.19749999046326
7.625864	0.0400000028312206	7.632092	2.21175003051758
7.648413	0.0423750020563602	7.654645	2.22650003433228
7.670976	0.0428750030696392	7.677209	2.24425005912781
7.693527	0.0436250008642673	7.699765	2.26050019264221
7.716098	0.0460000038146973	7.722336	2.27800011634827
7.73866	0.0453750006854534	7.744893	2.29362511634827
7.761219	0.0453750006854534	7.767452	2.30762505531311
7.783771	0.0455000028014183	7.790009	2.3215000629425
7.806328	0.0458750016987324	7.812566	2.33500003814697
7.828886	0.0467500016093254	7.835119	2.34962511062622
7.851458	0.0470000021159649	7.85769	2.36437511444092
7.874015	0.0486250035464764	7.880249	2.38000011444092
7.896573	0.0493750013411045	7.902805	2.39287519454956
7.919125	0.0492500029504299	7.925358	2.40525007247925
7.941683	0.049125000834465	7.947915	2.41662502288818
7.964235	0.048750001937151	7.970472	2.42650008201599
7.986819	0.0495000034570694	7.993058	2.43700003623962
8.009384	0.051000002771616	8.015623	2.44800019264221
8.031945	0.0511250011622906	8.038177	2.45787501335144
8.054503	0.054125003516674	8.060736	2.46775007247925
8.077057	0.0537500008940697	8.083311	2.47587513923645
8.099634	0.0535000041127205	8.105867	2.48212504386902
8.122188	0.0538750030100346	8.128421	2.48700022697449
8.14476	0.054125003516674	8.150992	2.49200010299683
8.167318	0.0531250014901161	8.173551	2.49650001525879
8.189889	0.0542500019073486	8.196122	2.50112509727478
8.212446	0.0561250038444996	8.218678	2.5063750743866
8.235012	0.0582500025629997	8.241251	2.51162505149841
8.257579	0.0577500015497208	8.263813	2.51462507247925
8.280136	0.0568750016391277	8.286369	2.51675009727478
8.302689	0.0573750026524067	8.308922	2.51800012588501
8.325265	0.0577500015497208	8.331504	2.51925015449524
8.347846	0.055500004440546	8.35409	2.5228750705719
8.370416	0.0591250024735928	8.376648	2.52437520027161
8.392966	0.0596250034868717	8.399215	2.52825021743774
8.415536	0.0620000027120113	8.421773	2.52975010871887
8.438094	0.0613750033080578	8.444326	2.5318751335144
8.460651	0.0601250045001507	8.466883	2.53212523460388
8.483213	0.0612500011920929	8.489446	2.53262519836426
8.505765	0.0611250028014183	8.512003	2.53387522697449
8.528325	0.0628750026226044	8.534561	2.53587508201599
8.550883	0.0626250058412552	8.557116	2.53812503814697
8.573438	0.0642499998211861	8.579696	2.54187512397766
8.596016	0.0656250044703484	8.602265	2.54437518119812
8.618615	0.0640000030398369	8.624855	2.54650020599365
8.641189	0.0648750066757202	8.647422	2.54775023460388
8.663745	0.0641250014305115	8.669982	2.54937505722046
8.686301	0.065250001847744	8.692538	2.55137515068054
8.708865	0.0665000006556511	8.715098	2.5547502040863
8.731427	0.0666250064969063	8.737659	2.55875015258789
8.753985	0.0681250020861626	8.760217	2.56412506103516
8.776537	0.070250004529953	8.782774	2.5677502155304
8.799107	0.0677500069141388	8.80534	2.57112503051758
8.821665	0.0685000047087669	8.827897	2.57387518882751
8.844217	0.0685000047087669	8.850454	2.57687520980835
8.866773	0.0695000067353249	8.87301	2.58050012588501
8.889333	0.0662500038743019	8.895566	2.58437514305115
8.911891	0.069750003516674	8.918123	2.59037518501282
8.934468	0.0718750059604645	8.940705	2.59537506103516
8.957024	0.072500005364418	8.963257	2.59975004196167
8.979598	0.0723750069737434	8.985832	2.60300016403198
9.002157	0.0718750059604645	9.008389	2.60537505149841
9.024708	0.0721250027418137	9.030946	2.60887503623962
9.04727	0.0723750069737434	9.053503	2.61312508583069
9.06983	0.0723750069737434	9.076062	2.6172502040863
9.092382	0.0728750005364418	9.098615	2.62275004386902
9.114962	0.0753750056028366	9.121199	2.62787508964539
9.137522	0.0747500061988831	9.143755	2.63237524032593
9.160077	0.0740000009536743	9.166309	2.63637518882751
9.182629	0.0748750045895576	9.188863	2.63975024223328
9.20519	0.0742500051856041	9.211428	2.64312505722046
9.227767	0.075250007212162	9.234	2.64837503433228
9.250321	0.0758750066161156	9.256554	2.65375018119812
9.272882	0.0780000016093254	9.279116	2.66075015068054
9.295436	0.0806250050663948	9.301673	2.66662502288818
9.317992	0.0776250064373016	9.324225	2.67187523841858
9.34055	0.0771250054240227	9.346783	2.67662501335144
9.363107	0.0767500028014183	9.36934	2.68075013160706
9.385658	0.078125	9.391896	2.68575024604797
9.408229	0.0788750052452087	9.414469	2.69175004959106
9.430784	0.0785000026226044	9.437017	2.69862508773804
9.453338	0.078625001013279	9.459571	2.70550012588501
9.475889	0.0813750028610229	9.482126	2.71175003051758
9.498445	0.0800000056624413	9.504678	2.71725010871887
9.521001	0.0807500034570694	9.527233	2.72087502479553
9.543552	0.0800000056624413	9.549789	2.725750207901
9.566107	0.0798750072717667	9.572339	2.73075008392334
9.588661	0.0833750069141388	9.5949	2.73600006103516
9.611241	0.0826250016689301	9.61747	2.74287509918213
9.63379	0.083625003695488	9.640023	2.74850010871887
9.656343	0.083625003695488	9.66258	2.75387501716614
9.678904	0.0826250016689301	9.685137	2.7578752040863
9.701462	0.0850000008940697	9.707695	2.76162505149841
9.724018	0.0835000053048134	9.730256	2.76500010490417
9.74658	0.083625003695488	9.752817	2.76975011825562
9.769137	0.0843750014901161	9.775369	2.77500009536743
9.791701	0.0846250057220459	9.797933	2.78225016593933
9.814274	0.0871250033378601	9.820511	2.78812503814697
9.83683	0.0873750075697899	9.843068	2.79350018501282
9.859387	0.0851250067353249	9.86562	2.79887509346008
9.881943	0.0851250067353249	9.888175	2.8032500743866
9.904494	0.0850000008940697	9.910732	2.80887508392334
9.927066	0.0865000039339066	9.933311	2.81512522697449
9.949631	0.0871250033378601	9.955858	2.82162523269653
9.972184	0.0875000059604645	9.978423	2.82925009727478
9.994764	0.088625006377697	10.001001	2.83550024032593
10.017322	0.0883750021457672	10.023555	2.8417501449585
10.039879	0.088125005364418	10.046112	2.84650015830994
10.062436	0.0878750011324883	10.068668	2.85062503814697
10.084968	0.0878750011324883	10.091207	2.85475015640259
10.107527	0.0918750017881393	10.11376	2.85937523841858
10.130077	0.0895000025629997	10.136305	2.86512517929077
10.152638	0.0897500067949295	10.158872	2.87150025367737
10.175196	0.0913750007748604	10.181429	2.87662506103516
10.197749	0.0903750061988831	10.203982	2.88075017929077
10.220302	0.0900000035762787	10.226539	2.88337516784668
10.242866	0.0921250060200691	10.249113	2.88687515258789
10.265449	0.0906250029802322	10.271686	2.88962507247925
10.288005	0.0921250060200691	10.294238	2.89337515830994
10.310563	0.0915000066161156	10.316795	2.89862513542175
10.333118	0.0941250026226044	10.339352	2.90362524986267
10.355671	0.0976250022649765	10.361908	2.90787506103516
10.378227	0.0928750038146973	10.38447	2.9115002155304
10.400794	0.0947500020265579	10.407026	2.91387510299683
10.423347	0.0926250070333481	10.429591	2.91687512397766
10.44591	0.0936250016093254	10.452147	2.92025017738342
10.468458	0.0932500064373016	10.474691	2.92450022697449
10.491015	0.0938750058412552	10.497247	2.93050003051758
10.513566	0.0947500020265579	10.519804	2.93575024604797
10.536122	0.0963750034570694	10.54236	2.94062519073486
10.558677	0.0948750078678131	10.56491	2.94525003433228
10.581233	0.0943750068545341	10.587465	2.94925022125244
10.603813	0.0957500040531158	10.610062	2.95362520217896
10.626385	0.0955000072717667	10.632625	2.95862507820129
10.648962	0.0953750014305115	10.655196	2.96487522125244
10.671521	0.0968750044703484	10.677753	2.97200012207031
10.69409	0.0977500081062317	10.700328	2.97837519645691
10.71665	0.0973750054836273	10.722882	2.98550009727478
10.739215	0.0940000042319298	10.745448	2.99150013923645
10.761773	0.0977500081062317	10.768005	2.99600005149841
10.784329	0.0968750044703484	10.790566	3.00100016593933
10.806885	0.0976250022649765	10.813117	3.00650024414062
10.82944	0.0981250032782555	10.835672	3.01425004005432
10.851997	0.0977500081062317	10.858229	3.0208752155304
10.874559	0.100125007331371	10.880797	3.02787518501282
10.897116	0.099250003695488	10.903349	3.03337526321411
10.919667	0.0986250042915344	10.925899	3.03812503814697
10.942224	0.102625004947186	10.948451	3.04262518882751
10.964783	0.0967500060796738	10.971021	3.04600024223328
10.987366	0.0991250053048134	10.993602	3.05137515068054
11.00993	0.100125007331371	11.016162	3.05737519264221
11.032487	0.100750006735325	11.038733	3.06275010108948
11.055052	0.102500006556511	11.06129	3.06800007820129
11.077609	0.101000003516674	11.083842	3.07200002670288
11.100166	0.100500002503395	11.106399	3.07450008392334
11.122722	0.10275000333786	11.128955	3.0770001411438
11.145266	0.100875005125999	11.151504	3.07987523078918
11.167826	0.102000005543232	11.174084	3.08325004577637
11.190406	0.102000005543232	11.196638	3.08737516403198
11.212959	0.103500008583069	11.219211	3.09087514877319
11.235532	0.105250008404255	11.241765	3.09487509727478
11.25809	0.105125002563	11.264323	3.09675025939941
11.280648	0.103625006973743	11.286881	3.09812521934509
11.30322	0.102625004947186	11.309454	3.09875011444092
11.325774	0.102000005543232	11.332011	3.10000014305115
11.348331	0.103625006973743	11.354564	3.10150003433228
11.370888	0.103250004351139	11.377121	3.10462522506714
11.393441	0.105125002563	11.399693	3.10687518119812
11.416012	0.10537500679493	11.42225	3.10875010490417
11.438572	0.104125007987022	11.444805	3.10925006866455
11.461128	0.103750005364418	11.46736	3.10887503623962
11.483688	0.104125007987022	11.489926	3.10900020599365
11.506245	0.104750007390976	11.512482	3.10900020599365
11.52882	0.10537500679493	11.535053	3.11012506484985
11.551378	0.10537500679493	11.55761	3.11162519454956
11.573928	0.107750006020069	11.580166	3.11225008964539
11.596485	0.106625005602837	11.602736	3.11375021934509
11.619068	0.105750001966953	11.625301	3.11325025558472
11.641623	0.106250002980232	11.647855	3.11175012588501
11.664184	0.105125002563	11.670417	3.11087512969971
11.686738	0.105750001966953	11.692975	3.11062502861023
11.709306	0.108500003814697	11.715538	3.11187505722046
11.731867	0.107750006020069	11.738099	3.11300015449524
11.754421	0.108750008046627	11.760659	3.11387515068054
11.776978	0.108000002801418	11.783216	3.11437511444092
11.79954	0.110000006854534	11.805772	3.11375021934509
11.822096	0.108500003814697	11.828329	3.11325025558472
11.844656	0.109250001609325	11.850894	3.11250019073486
11.867214	0.108000002801418	11.873446	3.11300015449524
11.889771	0.109375007450581	11.896004	3.11487507820129
11.912322	0.111125007271767	11.918554	3.116375207901
11.934873	0.110375002026558	11.94111	3.11912512779236
11.95743	0.113125003874302	11.963662	3.12000012397766
11.980021	0.108625002205372	11.98626	3.12062525749207
12.002598	0.10962500423193	12.008832	3.12087512016296
12.025152	0.109125003218651	12.031389	3.12162518501282
12.047712	0.109750002622604	12.053945	3.12375020980835
12.07027	0.10987500846386	12.076503	3.12612509727478
12.092827	0.11175000667572	12.099059	3.13075017929077
12.115379	0.111375004053116	12.121616	3.13300013542175
12.137935	0.110875003039837	12.144179	3.13587522506714
12.160503	0.111625008285046	12.166735	3.13737511634827
12.183059	0.111125007271767	12.189304	3.13875007629395
12.205625	0.111625008285046	12.211858	3.14137506484985
12.228181	0.111250005662441	12.234414	3.14512515068054
12.250739	0.112250007688999	12.256972	3.14912509918213
12.273315	0.113375008106232	12.279549	3.15362524986267
12.295869	0.112500004470348	12.302102	3.15762519836426
12.318413	0.112000003457069	12.324646	3.16100025177002
12.340973	0.113125003874302	12.347206	3.16212511062622
12.363525	0.11175000667572	12.369763	3.16425013542175
12.386085	0.10962500423193	12.392323	3.16700005531311
12.408661	0.113250002264977	12.414894	3.17100024223328
12.43122	0.113500006496906	12.437452	3.17462515830994
12.453772	0.114250004291534	12.46001	3.17925024032593
12.476327	0.114000007510185	12.482565	3.18237519264221
12.498883	0.117500007152557	12.505116	3.18487524986267
12.52144	0.114000007510185	12.527672	3.18625020980835
12.544006	0.11175000667572	12.550239	3.18700003623962
12.566557	0.114625006914139	12.572794	3.18962526321411
12.589115	0.11412500590086	12.595348	3.19287514686584
12.611694	0.11412500590086	12.617922	3.19600009918213
12.634246	0.11625000834465	12.640485	3.19912505149841
12.656807	0.114875003695488	12.663044	3.20087504386902
12.679364	0.11412500590086	12.685598	3.20212507247925
12.701921	0.114250004291534	12.708154	3.20162510871887
12.724495	0.114500008523464	12.730734	3.20350027084351
12.747046	0.115125007927418	12.753284	3.20437526702881
12.769605	0.115375004708767	12.775837	3.20725011825562
12.792157	0.115750007331371	12.798389	3.20937514305115
12.814709	0.117500007152557	12.820947	3.21200013160706
12.837266	0.116375006735325	12.843498	3.21375012397766
12.859822	0.11600000411272	12.866055	3.21450018882751
12.882374	0.116125002503395	12.888606	3.21350026130676
12.904963	0.115500003099442	12.911199	3.21487522125244
12.927519	0.116500005125999	12.933752	3.21612524986267
12.950077	0.117500007152557	12.956309	3.21800017356873
12.972635	0.117500007152557	12.978874	3.22087526321411
12.995195	0.118000008165836	13.001433	3.22287511825562
13.017751	0.117625005543232	13.023984	3.22362518310547
13.040308	0.117000006139278	13.046541	3.22437524795532
13.062865	0.118500009179115	13.069108	3.22425007820129
13.085431	0.117500007152557	13.091668	3.22475004196167
13.108	0.117875002324581	13.114232	3.22625017166138
13.130556	0.117750003933907	13.136788	3.22862505912781
13.153112	0.120000004768372	13.159344	3.23150014877319
13.175663	0.119125008583069	13.1819	3.23400020599365
13.198219	0.119000002741814	13.20447	3.23462510108948
13.220794	0.118125006556511	13.227027	3.23462510108948
13.243352	0.117375008761883	13.249593	3.23512506484985
13.265915	0.113750003278255	13.272147	3.23625016212463
13.288473	0.119375005364418	13.294706	3.23725008964539
13.311034	0.120250009000301	13.317268	3.24012517929077
13.333596	0.12100000679493	13.339829	3.24262523651123
13.35614	0.120875008404255	13.362379	3.24475026130676
13.378692	0.119750007987022	13.384961	3.24525022506714
13.401281	0.119375005364418	13.407513	3.24487519264221
13.423848	0.11862500756979	13.430085	3.24612522125244
13.446404	0.119125008583069	13.452636	3.24625015258789
13.468958	0.119000002741814	13.475191	3.24850010871887
13.491516	0.119750007987022	13.497749	3.25137519836426
13.514082	0.121625006198883	13.520319	3.25375008583069
13.536639	0.121125005185604	13.542876	3.25587511062622
13.559214	0.123750008642673	13.565446	3.25675010681152
13.58177	0.120125003159046	13.587997	3.25662517547607
13.604335	0.120375007390976	13.61057	3.2572500705719
13.626907	0.120250009000301	13.633135	3.25825023651123
13.649449	0.120625004172325	13.655682	3.26037526130676
13.672012	0.120375007390976	13.678246	3.26337504386902
13.694568	0.122125007212162	13.700806	3.26525020599365
13.717126	0.120750002563	13.723391	3.26712512969971
13.739773	0.122500002384186	13.746027	3.26650023460388
13.76241	0.120875008404255	13.768676	3.26800012588501
13.78502	0.120500005781651	13.79126	3.26900005340576
13.807595	0.121500007808208	13.813829	3.27037525177002
13.830151	0.12100000679493	13.836386	3.272625207901
13.852714	0.122500002384186	13.858947	3.27537512779236
13.875266	0.123500004410744	13.881505	3.27800011634827
13.897822	0.124375008046627	13.90408	3.27987504005432
13.920404	0.122125007212162	13.926637	3.28062510490417
13.942961	0.120750002563	13.949206	3.28062510490417
13.965524	0.12100000679493	13.971761	3.28162527084351
13.988107	0.123500004410744	13.994377	3.28325009346008
14.010703	0.125875011086464	14.016935	3.28637504577637
14.033257	0.124375008046627	14.039504	3.28887510299683
14.055823	0.123750008642673	14.062061	3.29137516021729
14.078379	0.123000003397465	14.084612	3.29262518882751
14.100937	0.12287500500679	14.107169	3.29300022125244
14.123496	0.118875004351139	14.129733	3.29412508010864
14.146052	0.122500002384186	14.15229	3.29537510871887
14.168625	0.123625002801418	14.174859	3.2975001335144
14.191184	0.123875007033348	14.197416	3.30087518692017
14.213742	0.124500006437302	14.21998	3.30437517166138
14.236322	0.123375006020069	14.24256	3.30637526512146
14.258883	0.124125003814697	14.265116	3.30650019645691
14.281441	0.124250002205372	14.287673	3.30762505531311
14.303993	0.123625002801418	14.31023	3.30850005149841
14.326549	0.123625002801418	14.332787	3.31025004386902
14.34911	0.124000005424023	14.355348	3.31325006484985
14.37167	0.12525001168251	14.377903	3.31637525558472
14.394224	0.128250002861023	14.400457	3.31875014305115
14.416777	0.124625004827976	14.423011	3.32100009918213
14.439333	0.126500010490417	14.445565	3.32187509536743
14.461887	0.124375008046627	14.468119	3.32237505912781
14.48446	0.125750005245209	14.490697	3.32425022125244
14.507017	0.125	14.513249	3.32550024986267
14.529593	0.125375002622604	14.535825	3.32862520217896
14.552145	0.125375002622604	14.558377	3.33125019073486
14.574697	0.126125007867813	14.580935	3.33437514305115
14.597253	0.125624999403954	14.603526	3.33612513542175
14.619867	0.125375002622604	14.626094	3.33675026893616
14.642429	0.12550000846386	14.648662	3.33750009536743
14.664985	0.124500006437302	14.671222	3.33825016021729
14.687541	0.126500010490417	14.693775	3.34025025367737
14.710116	0.125875011086464	14.716348	3.34387516975403
14.732691	0.126500010490417	14.738924	3.34662508964539
14.755249	0.127125009894371	14.761487	3.34850025177002
14.777805	0.126500010490417	14.784033	3.34937524795532
14.800361	0.126625001430511	14.806593	3.35050010681152
14.822918	0.125750005245209	14.829151	3.35062527656555
14.845471	0.125	14.851708	3.3518750667572
14.868018	0.126249998807907	14.874281	3.35412526130676
14.890607	0.126375004649162	14.896839	3.35625004768372
14.913158	0.128625005483627	14.919391	3.3588752746582
14.935713	0.127875000238419	14.941951	3.36075019836426
14.95827	0.126500010490417	14.964502	3.36100006103516
14.980844	0.126625001430511	14.987077	3.36175012588501
15.003403	0.125375002622604	15.009635	3.36200022697449
15.025954	0.126875013113022	15.032192	3.36275005340576
15.048511	0.131125003099442	15.05476	3.36487507820129
15.071083	0.127125009894371	15.077315	3.36737513542175
15.09365	0.128250002861023	15.099888	3.36987519264221
15.116207	0.128250002861023	15.122439	3.37075018882751
15.138759	0.127625003457069	15.144991	3.37100005149841
15.161316	0.128000006079674	15.167549	3.37125015258789
15.183885	0.126625001430511	15.190124	3.37112522125244
15.206447	0.13187500834465	15.212684	3.37187504768372
15.22902	0.127000004053116	15.235253	3.37375020980835
15.251578	0.127875000238419	15.257811	3.37587523460388
15.274144	0.129375010728836	15.280382	3.37825012207031
15.2967	0.128875002264977	15.302933	3.37887525558472
15.319255	0.128499999642372	15.325487	3.37875008583069
15.34181	0.128875002264977	15.348043	3.37850022315979
15.364361	0.12737500667572	15.370599	3.37900018692017
15.386919	0.128375008702278	15.393156	3.37950015068054
15.409476	0.128000006079674	15.415708	3.38100004196167
15.432032	0.129000008106232	15.438264	3.38325023651123
15.45459	0.129875004291534	15.460823	3.38475012779236
15.477145	0.129875004291534	15.483378	3.38575005531311
15.499766	0.129000008106232	15.506005	3.38537526130676
15.522324	0.129625007510185	15.528557	3.38512516021729
15.544878	0.128125011920929	15.551111	3.38500022888184
15.567432	0.128875002264977	15.573664	3.38675022125244
15.58998	0.128499999642372	15.596212	3.38850021362305
15.612562	0.130500003695488	15.618797	3.39087510108948
15.635125	0.131500005722046	15.641362	3.39225006103516
15.657681	0.13400000333786	15.663915	3.39212512969971
15.680243	0.131250008940697	15.686475	3.39275026321411
15.702799	0.128125011920929	15.709032	3.39212512969971
15.725362	0.129375010728836	15.731606	3.39275026321411
15.747928	0.130500003695488	15.75418	3.39450025558472
15.770504	0.129250004887581	15.776737	3.39637517929077
15.793056	0.132625013589859	15.799308	3.39900016784668
15.81564	0.130500003695488	15.821877	3.40025019645691
15.838198	0.130500003695488	15.844432	3.40087509155273
15.860759	0.130250006914139	15.866992	3.40037512779236
15.883311	0.129375010728836	15.889544	3.40025019645691
15.905855	0.12975001335144	15.912093	3.40100026130676
15.928413	0.130750000476837	15.934646	3.40287518501282
15.95097	0.130750000476837	15.957202	3.40537524223328
15.973538	0.13187500834465	15.979783	3.40737509727478
15.996111	0.130625009536743	16.002349	3.40775012969971
16.018669	0.130500003695488	16.024901	3.40962505340576
16.041228	0.12950000166893	16.04746	3.40825009346008
16.06378	0.129250004887581	16.070017	3.40912508964539
16.086336	0.130500003695488	16.092573	3.41062521934509
16.108892	0.131000012159348	16.115124	3.41225028038025
16.131447	0.131000012159348	16.137681	3.41500020027161
16.154	0.131750002503395	16.160237	3.41675019264221
16.176559	0.131000012159348	16.182797	3.41825008392334
16.19913	0.13187500834465	16.205362	3.41862511634827
16.221677	0.130750000476837	16.227916	3.41787505149841
16.244239	0.130250006914139	16.250477	3.41862511634827
16.266797	0.131000012159348	16.273034	3.4198751449585
16.289354	0.130375012755394	16.295586	3.42200016975403
16.311911	0.131250008940697	16.318143	3.42437505722046
16.334471	0.133000001311302	16.340709	3.42637515068054
16.357027	0.131750002503395	16.363259	3.42775011062622
16.379593	0.131750002503395	16.385826	3.42725014686584
16.402151	0.131374999880791	16.408383	3.42737507820129
16.424704	0.131374999880791	16.430941	3.4280002117157
16.44726	0.130750000476837	16.453493	3.42937517166138
16.469817	0.131000012159348	16.476049	3.43125009536743
16.492374	0.134625002741814	16.498606	3.43387508392334
16.514949	0.131999999284744	16.521186	3.4355001449585
16.537505	0.132250010967255	16.543738	3.4361252784729
16.56006	0.132250010967255	16.566293	3.43575024604797
16.582614	0.130625009536743	16.588847	3.43562507629395
16.605193	0.130375012755394	16.611434	3.4370002746582
16.627753	0.132250010967255	16.634013	3.4381251335144
16.650341	0.13187500834465	16.65658	3.43975019454956
16.672899	0.133250012993813	16.679127	3.44225025177002
16.695447	0.133125007152557	16.70168	3.44300007820129
16.718007	0.132625013589859	16.72424	3.44400024414062
16.740565	0.132375001907349	16.746798	3.44337511062622
16.763125	0.132125005125999	16.769358	3.44325017929077
16.785677	0.133250012993813	16.791914	3.44325017929077
16.808234	0.132500007748604	16.814471	3.44525027275085
16.830796	0.132500007748604	16.837028	3.44762516021729
16.853347	0.133500009775162	16.859592	3.44925022125244
16.875914	0.132750004529953	16.882151	3.45012521743774
16.89847	0.132750004529953	16.904704	3.45025014877319
16.921032	0.132875010371208	16.927264	3.44950008392334
16.943605	0.132125005125999	16.949844	3.44912505149841
16.966166	0.13187500834465	16.972416	3.45025014877319
16.988746	0.133250012993813	16.994979	3.45125007629395
17.011305	0.13400000333786	17.017538	3.45362520217896
17.033858	0.134375005960464	17.040096	3.45462512969971
17.056415	0.133125007152557	17.062652	3.45575022697449
17.078971	0.133125007152557	17.085204	3.45537519454956
17.101529	0.132875010371208	17.107761	3.45425009727478
17.124096	0.133125007152557	17.130334	3.45475006103516
17.146653	0.133375003933907	17.152891	3.45487523078918
17.169214	0.132875010371208	17.175447	3.45600008964539
17.191772	0.134750008583069	17.198005	3.45825004577637
17.214325	0.134750008583069	17.220562	3.4592502117157
17.236882	0.133500009775162	17.243119	3.45975017547607
17.259439	0.133500009775162	17.265671	3.45875024795532
17.281996	0.132750004529953	17.288229	3.4583752155304
17.304561	0.128499999642372	17.310799	3.45850014686584
17.327118	0.135125011205673	17.333351	3.45825004577637
17.349696	0.133375003933907	17.355929	3.4603750705719
17.372254	0.135375007987022	17.378486	3.4610002040863
17.394805	0.137875005602837	17.401043	3.46262526512146
17.417362	0.134250000119209	17.4236	3.46250009536743
17.439925	0.134125009179115	17.446157	3.46137523651123
17.462482	0.13400000333786	17.468725	3.46050024032593
17.485047	0.133250012993813	17.491284	3.46025013923645
17.507615	0.13400000333786	17.513853	3.4612500667572
17.530179	0.134250000119209	17.536411	3.4621250629425
17.552736	0.136000007390976	17.558969	3.46375012397766
17.575287	0.135125011205673	17.581524	3.46525025367737
17.597846	0.134250000119209	17.604113	3.46462512016296
17.620452	0.133250012993813	17.62668	3.46275019645691
17.643002	0.13400000333786	17.649236	3.46287512779236
17.665554	0.134874999523163	17.671791	3.46250009536743
17.688115	0.13450001180172	17.694359	3.46312522888184
17.71068	0.135250002145767	17.716913	3.46475005149841
17.733236	0.136000007390976	17.739469	3.46587514877319
17.755794	0.134625002741814	17.762028	3.4667501449585
17.77834	0.135375007987022	17.784578	3.46600008010864
17.800898	0.135375007987022	17.80713	3.46450018882751
17.823449	0.134750008583069	17.829702	3.46437525749207
17.846023	0.135375007987022	17.85226	3.46425008773804
17.868596	0.134874999523163	17.87486	3.46487522125244
17.89119	0.135000005364418	17.897423	3.46637511253357
17.913751	0.135875001549721	17.919988	3.46812510490417
17.936308	0.135250002145767	17.942545	3.4682502746582
17.958866	0.134874999523163	17.965099	3.46687507629395
17.981454	0.134250000119209	17.987688	3.4665002822876
18.004014	0.13450001180172	18.010252	3.46537518501282
18.026572	0.135500013828278	18.032809	3.46600008010864
18.049128	0.135000005364418	18.055366	3.46687507629395
18.071708	0.135000005364418	18.07794	3.46862506866455
18.094265	0.135875001549721	18.100503	3.46962523460388
18.116823	0.136000007390976	18.123061	3.46950006484985
18.139381	0.136250004172325	18.145614	3.46925020217896
18.161939	0.135875001549721	18.168172	3.4676251411438
18.184491	0.13450001180172	18.190729	3.46725010871887
18.207047	0.134750008583069	18.21328	3.46775007247925
18.229599	0.13637501001358	18.235832	3.46950006484985
18.252159	0.140625	18.258391	3.47100019454956
18.27471	0.136875003576279	18.280947	3.47162508964539
18.297269	0.135875001549721	18.303501	3.47187519073486
18.319825	0.135375007987022	18.326057	3.47075009346008
18.342382	0.135500013828278	18.348614	3.46987509727478
18.364958	0.137250006198883	18.371195	3.46962523460388
18.387514	0.135750010609627	18.393747	3.47037506103516
18.410072	0.133125007152557	18.416304	3.47187519073486
18.432628	0.137749999761581	18.438861	3.47387528419495
18.455182	0.136250004172325	18.461419	3.47425007820129
18.477742	0.13662500679493	18.483981	3.47300004959106
18.500307	0.136000007390976	18.506539	3.47300004959106
18.522863	0.135250002145767	18.529103	3.47212505340576
18.545422	0.136125013232231	18.55166	3.47275018692017
18.567979	0.13637501001358	18.574212	3.47362518310547
18.590537	0.135875001549721	18.596769	3.47500014305115
18.613119	0.137250006198883	18.619348	3.4766252040863
18.635679	0.135875001549721	18.641917	3.47675013542175
18.65825	0.136000007390976	18.664483	3.4766252040863
18.680809	0.135375007987022	18.687041	3.47587513923645
18.703358	0.136500000953674	18.709611	3.4751250743866
18.725934	0.136125013232231	18.732172	3.47562527656555
18.748493	0.136750012636185	18.754725	3.47737526893616
18.771049	0.137500002980232	18.777281	3.47862505912781
18.793609	0.138250008225441	18.799847	3.48025012016296
18.816166	0.136875003576279	18.822403	3.48062515258789
18.838727	0.13662500679493	18.84496	3.48050022125244
18.861281	0.134375005960464	18.867513	3.47862505912781
18.883836	0.138875007629395	18.890068	3.47875022888184
18.906395	0.13662500679493	18.912629	3.47937512397766
18.92895	0.136250004172325	18.935182	3.48062515258789
18.951503	0.137000009417534	18.957735	3.48200011253357
18.974073	0.137000009417534	18.980317	3.48350024223328
18.99665	0.136875003576279	19.002887	3.4838752746582
19.019217	0.137375012040138	19.025445	3.4830002784729
19.04178	0.136125013232231	19.048012	3.48225021362305
19.064334	0.136250004172325	19.070571	3.48225021362305
19.08689	0.137000009417534	19.093127	3.4830002784729
19.109447	0.137125000357628	19.11568	3.4850001335144
19.132004	0.138000011444092	19.138237	3.48662519454956
19.15456	0.14112500846386	19.160797	3.48737525939941
19.177117	0.136750012636185	19.18335	3.48712515830994
19.199689	0.136500000953674	19.205922	3.48700022697449
19.222236	0.135750010609627	19.228469	3.48562526702881
19.244791	0.137500002980232	19.251029	3.48625016212463
19.267347	0.140250012278557	19.273601	3.48750019073486
19.289925	0.137625008821487	19.296157	3.48912525177002
19.312482	0.138625010848045	19.318725	3.49037528038025
19.335044	0.13900001347065	19.341281	3.491375207901
19.357601	0.137500002980232	19.363834	3.491375207901
19.380159	0.138000011444092	19.386391	3.4905002117157
19.402715	0.136875003576279	19.408948	3.48987507820129
19.425268	0.138000011444092	19.431505	3.49025011062622
19.447823	0.136750012636185	19.454081	3.491375207901
19.470407	0.141750007867813	19.47664	3.49300026893616
19.492964	0.139375001192093	19.499212	3.49437522888184
19.51553	0.138374999165535	19.521767	3.49550008773804
19.538085	0.137500002980232	19.544317	3.49512505531311
19.560644	0.139625012874603	19.566877	3.49400019645691
19.583211	0.136875003576279	19.58944	3.49387526512146
19.605786	0.137625008821487	19.612026	3.49375009536743
19.628349	0.137749999761581	19.634583	3.49537515640259
19.650913	0.140750005841255	19.657145	3.49725008010864
19.673465	0.138625010848045	19.679703	3.49787521362305
19.696023	0.137875005602837	19.702261	3.49900007247925
19.718579	0.137875005602837	19.724812	3.4988751411438
19.74114	0.137875005602837	19.747373	3.4977502822876
19.763693	0.138000011444092	19.76993	3.49762511253357
19.786251	0.138250008225441	19.792489	3.49850010871887
19.808819	0.139250010251999	19.815051	3.49937510490417
19.831375	0.138125002384186	19.837607	3.50037527084351
19.853927	0.139625012874603	19.860164	3.50262522697449
19.876483	0.138125002384186	19.88272	3.50287508964539
19.899039	0.138374999165535	19.905273	3.50212526321411
19.921595	0.138000011444092	19.927828	3.50150012969971
19.94415	0.13637501001358	19.950383	3.50150012969971
19.966703	0.138000011444092	19.972947	3.50187516212463
19.989277	0.138875007629395	19.995516	3.50325012207031
20.01184	0.139500007033348	20.018078	3.50537514686584
20.0344	0.139500007033348	20.040633	3.50650024414062
20.056953	0.137625008821487	20.063211	3.5061252117157
20.079557	0.139125004410744	20.085789	3.50575017929077
20.102109	0.137749999761581	20.108342	3.50512528419495
20.124662	0.137749999761581	20.130899	3.50512528419495
20.147219	0.139875009655952	20.153452	3.50662517547607
20.169778	0.138625010848045	20.17601	3.50737524032593
20.192334	0.139375001192093	20.198566	3.50912523269653
20.214886	0.139750003814697	20.221123	3.51012516021729
20.237449	0.140375003218651	20.243693	3.50987505912781
20.260018	0.138250008225441	20.26625	3.50887513160706
20.282576	0.138625010848045	20.288817	3.50862526893616
20.305135	0.138374999165535	20.311373	3.50862526893616
20.327693	0.139500007033348	20.333926	3.50962519645691
20.35025	0.139250010251999	20.356482	3.51137518882751
20.372806	0.139375001192093	20.379038	3.51300024986267
20.395357	0.139250010251999	20.401595	3.51312518119812
20.417916	0.13850000500679	20.424149	3.51300024986267
20.440473	0.139250010251999	20.446705	3.51162505149841
20.463026	0.138374999165535	20.469259	3.51175022125244
20.485603	0.139250010251999	20.491841	3.51200008392334
20.508162	0.138250008225441	20.514395	3.51312518119812
20.530718	0.139375001192093	20.536951	3.5151252746582
20.553273	0.141249999403954	20.559507	3.51612520217896
20.575826	0.139500007033348	20.582064	3.51700019836426
20.598399	0.13900001347065	20.604651	3.51600027084351
20.620975	0.13850000500679	20.627207	3.51500010490417
20.643543	0.138875007629395	20.649782	3.51487517356873
20.666103	0.138750001788139	20.672335	3.5151252746582
20.688656	0.138875007629395	20.694888	3.5162501335144
20.711212	0.14112500846386	20.717445	3.51812505722046
20.733765	0.141500011086464	20.740003	3.51900005340576
20.756322	0.13850000500679	20.762555	3.51937508583069
20.778889	0.139250010251999	20.785123	3.51850008964539
20.801446	0.137625008821487	20.807679	3.51750016212463
20.824	0.138125002384186	20.830237	3.51762509346008
20.846557	0.139375001192093	20.852794	3.51825022697449
20.869114	0.139750003814697	20.875347	3.52025008201599
20.89167	0.140500009059906	20.897903	3.52112507820129
20.914222	0.140625	20.920459	3.52225017547607
20.936781	0.13850000500679	20.943013	3.5220000743866
20.959334	0.139375001192093	20.965567	3.52075028419495
20.98191	0.138250008225441	20.988143	3.52012515068054
21.004482	0.138875007629395	21.010715	3.52000021934509
21.027033	0.139125004410744	21.033278	3.52112507820129
21.04961	0.138125002384186	21.055837	3.52250027656555
21.072164	0.140625	21.078397	3.5237500667572
21.09473	0.139625012874603	21.100968	3.52450013160706
21.117304	0.139875009655952	21.123537	3.52450013160706
21.139867	0.13900001347065	21.146099	3.5228750705719
21.162423	0.139500007033348	21.168655	3.52250027656555
21.184979	0.140500009059906	21.191216	3.522625207901
21.207534	0.139500007033348	21.213767	3.5237500667572
21.230091	0.139750003814697	21.236323	3.52537512779236
21.252647	0.141625002026558	21.258879	3.52650022506714
21.275198	0.139875009655952	21.281435	3.52687525749207
21.297767	0.140500009059906	21.304	3.52650022506714
21.320321	0.139125004410744	21.326554	3.52500009536743
21.342879	0.139750003814697	21.349112	3.52487516403198
21.365431	0.138875007629395	21.371668	3.52512526512146
21.387988	0.140500009059906	21.394221	3.52587509155273
21.410546	0.14112500846386	21.416778	3.52775025367737
21.433101	0.144750013947487	21.439334	3.52887511253357
21.455653	0.139875009655952	21.461891	3.52937507629395
21.478233	0.139875009655952	21.484476	3.52800011634827
21.500802	0.13900001347065	21.507034	3.52712512016296
21.523357	0.139250010251999	21.529591	3.52675008773804
21.54591	0.13900001347065	21.552148	3.52737522125244
21.568467	0.139625012874603	21.5747	3.52837514877319
21.591014	0.140375003218651	21.597247	3.53025007247925
21.613638	0.14112500846386	21.619871	3.5310001373291
21.636195	0.138875007629395	21.642428	3.5307502746582
21.658749	0.139875009655952	21.664982	3.53025007247925
21.681322	0.138625010848045	21.68756	3.52950024604797
21.703891	0.138625010848045	21.710129	3.5290002822876
21.726448	0.139875009655952	21.732686	3.52962517738342
21.749018	0.136125013232231	21.755251	3.53150010108948
21.771575	0.146999999880791	21.777808	3.53275012969971
21.794127	0.140000000596046	21.800365	3.53337526321411
21.816688	0.139500007033348	21.822925	3.53325009346008
21.839243	0.140125006437302	21.845476	3.53212523460388
21.861802	0.139875009655952	21.868034	3.53137516975403
21.88436	0.139625012874603	21.890598	3.53125023841858
21.906917	0.140500009059906	21.913154	3.53175020217896
21.929473	0.140375003218651	21.935706	3.53375005722046
21.95203	0.141249999403954	21.958262	3.53487515449524
21.974598	0.139125004410744	21.980842	3.53575015068054
21.997165	0.140250012278557	22.003409	3.53487515449524
22.019732	0.139250010251999	22.025965	3.53412508964539
22.042287	0.139750003814697	22.048519	3.53287506103516
22.06484	0.140750005841255	22.071079	3.53350019454956
22.087407	0.140125006437302	22.093641	3.53450012207031
22.109963	0.140375003218651	22.116196	3.53600025177002
22.132515	0.141750007867813	22.138748	3.53712511062622
22.155071	0.140250012278557	22.161304	3.53750014305115
22.177646	0.139875009655952	22.183898	3.53662514686584
22.200222	0.14112500846386	22.206455	3.53587508201599
22.22278	0.139750003814697	22.229015	3.53487515449524
22.245335	0.139250010251999	22.251573	3.53562521934509
22.267891	0.140625	22.274124	3.5365002155304
22.290448	0.141625002026558	22.29668	3.538250207901
22.313005	0.141375005245209	22.319238	3.54000020027161
22.335557	0.139625012874603	22.341795	3.53962516784668
22.358116	0.140250012278557	22.364361	3.53862524032593
22.380685	0.139750003814697	22.386918	3.53775024414062
22.403238	0.139875009655952	22.409472	3.5373752117157
22.425792	0.140625	22.432029	3.53775024414062
22.448348	0.140625	22.454581	3.53950023651123
22.470907	0.14112500846386	22.477144	3.54012513160706
22.493466	0.141625002026558	22.499703	3.54125022888184
22.516027	0.139750003814697	22.522264	3.54150009155273
22.538596	0.141000002622604	22.544847	3.54050016403198
22.561171	0.140000000596046	22.567403	3.53987526893616
22.583724	0.140500009059906	22.589961	3.53925013542175
22.606303	0.140625	22.612544	3.5393750667572
22.628865	0.140125006437302	22.635112	3.54150009155273
22.651441	0.141000002622604	22.657673	3.54250025749207
22.673993	0.140625	22.680231	3.54362511634827
22.696551	0.139875009655952	22.702788	3.54325008392334
22.719124	0.142750009894371	22.725357	3.54237508773804
22.741676	0.14112500846386	22.747909	3.54162526130676
22.76423	0.139500007033348	22.770467	3.54137516021729
22.786787	0.139875009655952	22.793025	3.54200005531311
22.809344	0.140625	22.815577	3.54387521743774
22.8319	0.145500004291534	22.838132	3.54525017738342
22.854471	0.141500011086464	22.860709	3.54537510871887
22.877028	0.141249999403954	22.88326	3.5448751449585
22.899592	0.140500009059906	22.905824	3.54412508010864
22.922149	0.140625	22.928381	3.54350018501282
22.944695	0.139875009655952	22.950928	3.54337525367737
22.967247	0.144124999642372	22.973509	3.54425024986267
22.989844	0.139500007033348	22.996077	3.5457501411438
23.012402	0.142500013113022	23.018635	3.54700016975403
23.034958	0.140750005841255	23.041196	3.54712510108948
23.057515	0.140250012278557	23.063748	3.5463752746582
23.080075	0.139750003814697	23.086309	3.5455002784729
23.102629	0.140125006437302	23.108857	3.54500007629395
23.125135	0.141750007867813	23.131368	3.54500007629395
23.147688	0.140625	23.153921	3.54562520980835
23.170241	0.140625	23.176474	3.54737520217896
23.192791	0.141625002026558	23.199022	3.54887509346008
23.215344	0.140750005841255	23.221576	3.54912519454956
23.237899	0.141500011086464	23.244132	3.54787516593933
23.260456	0.140250012278557	23.266688	3.54687523841858
23.283014	0.140750005841255	23.289247	3.54675006866455
23.305566	0.14112500846386	23.311803	3.54700016975403
23.328123	0.140500009059906	23.334361	3.54812526702881
23.350685	0.142000004649162	23.356917	3.54987525939941
23.373236	0.141625002026558	23.379469	3.55050015449524
23.395788	0.140500009059906	23.402026	3.55025005340576
23.418345	0.141000002622604	23.424578	3.54925012588501
23.440915	0.137875005602837	23.447147	3.54825019836426
23.463466	0.140500009059906	23.469703	3.54812526702881
23.486027	0.14112500846386	23.492264	3.54925012588501
23.508584	0.141750007867813	23.514817	3.55025005340576
23.53114	0.142625004053116	23.537372	3.55187511444092
23.553695	0.141750007867813	23.559932	3.55225014686584
23.576251	0.141249999403954	23.582488	3.55237507820129
23.598818	0.140375003218651	23.605076	3.55075025558472
23.621409	0.140375003218651	23.627638	3.55000019073486
23.643995	0.141500011086464	23.650228	3.55000019073486
23.666552	0.141500011086464	23.67279	3.55112504959106
23.689114	0.141625002026558	23.695347	3.55225014686584
23.711671	0.142625004053116	23.717904	3.55362510681152
23.734223	0.141625002026558	23.74046	3.5541250705719
23.756796	0.141750007867813	23.763034	3.55337524414062
23.779355	0.141000002622604	23.785588	3.55262517929077
23.801916	0.140500009059906	23.808148	3.55175018310547
23.824469	0.141500011086464	23.830706	3.55137515068054
23.847026	0.141750007867813	23.853259	3.55262517929077
23.869592	0.14112500846386	23.875824	3.55400013923645
23.892148	0.142250001430511	23.89838	3.55550026893616
23.9147	0.141500011086464	23.920937	3.5550000667572
23.937256	0.142375007271767	23.943491	3.55487513542175
23.959815	0.141500011086464	23.966047	3.55350017547607
23.982409	0.141500011086464	23.988642	3.55287528038025
24.004969	0.140750005841255	24.011202	3.5530002117157
24.027525	0.14112500846386	24.033759	3.5541250705719
24.050084	0.142750009894371	24.056317	3.5558750629425
24.072641	0.143625006079674	24.078874	3.55675005912781
24.095193	0.142250001430511	24.101431	3.55687522888184
24.117749	0.14112500846386	24.123981	3.55575013160706
24.140306	0.14112500846386	24.146533	3.55462527275085
24.162861	0.140625	24.169104	3.5541250705719
24.18543	0.141000002622604	24.191663	3.5550000667572
24.207986	0.140625	24.214218	3.5558750629425
24.230539	0.141500011086464	24.236773	3.55737519264221
24.253095	0.142375007271767	24.259328	3.55850005149841
24.275649	0.141750007867813	24.281882	3.55787515640259
24.298201	0.141750007867813	24.304433	3.55712509155273
24.320758	0.141249999403954	24.32699	3.55562520027161
24.343325	0.142375007271767	24.349559	3.5550000667572
24.365879	0.140500009059906	24.372116	3.55637526512146
24.388436	0.141625002026558	24.394669	3.55750012397766
24.410993	0.142250001430511	24.417226	3.55887508392334
24.433546	0.143125012516975	24.439784	3.55925011634827
24.456102	0.141625002026558	24.462339	3.55875015258789
24.478661	0.141249999403954	24.484894	3.55825018882751
24.501218	0.14112500846386	24.50745	3.55687522888184
24.523774	0.140375003218651	24.530011	3.55625009536743
24.54633	0.141625002026558	24.552563	3.55762505531311
24.568886	0.142750009894371	24.575118	3.55875015258789
24.591442	0.143375009298325	24.597675	3.56000018119812
24.614027	0.142125010490417	24.620261	3.56075024604797
24.63659	0.141500011086464	24.642829	3.56012511253357
24.659152	0.140625	24.665384	3.55862522125244
24.681709	0.141249999403954	24.687941	3.55812525749207
24.704269	0.141249999403954	24.710512	3.55775022506714
24.726848	0.140250012278557	24.733086	3.55887508392334
24.749396	0.142125010490417	24.755634	3.56062507629395
24.771961	0.142875000834465	24.778193	3.56150007247925
24.794512	0.142625004053116	24.800744	3.56162524223328
24.817064	0.141875013709068	24.82331	3.56087517738342
24.839629	0.142000004649162	24.845862	3.55962514877319
24.862186	0.141000002622604	24.868419	3.55950021743774
24.884762	0.142500013113022	24.890999	3.55887508392334
24.90732	0.142625004053116	24.913553	3.56037521362305
24.929878	0.141750007867813	24.936111	3.56262516975403
24.952436	0.14300000667572	24.958668	3.56237506866455
24.974986	0.141375005245209	24.981229	3.5622501373291
24.997554	0.142000004649162	25.003787	3.56150007247925
25.020112	0.142375007271767	25.026339	3.56037521362305
25.042664	0.14087501168251	25.048897	3.55975008010864
25.065216	0.140375003218651	25.071454	3.56000018119812
25.087772	0.142375007271767	25.094004	3.56150007247925
25.110332	0.143500000238419	25.116565	3.56287527084351
25.132889	0.142750009894371	25.139122	3.56387519836426
25.155442	0.14112500846386	25.161679	3.56325006484985
25.177998	0.142000004649162	25.184226	3.5622501373291
25.200553	0.144375011324883	25.206785	3.56100010871887
25.223109	0.142375007271767	25.229342	3.56075024604797
25.245661	0.142375007271767	25.251899	3.56162524223328
25.26821	0.142250001430511	25.274478	3.56325006484985
25.290806	0.142375007271767	25.297039	3.56400012969971
25.313365	0.143125012516975	25.319599	3.56437516212463
25.335921	0.142000004649162	25.342155	3.56400012969971
25.358475	0.142250001430511	25.364709	3.56287527084351
25.381031	0.141500011086464	25.387264	3.56187510490417
25.4036	0.142500013113022	25.409833	3.56175017356873
25.426152	0.141875013709068	25.432384	3.56250023841858
25.448729	0.142750009894371	25.454962	3.56412506103516
25.471287	0.143500000238419	25.477524	3.56500005722046
25.493846	0.142000004649162	25.500083	3.56512522697449
25.516403	0.142500013113022	25.52264	3.56487512588501
25.53896	0.142000004649162	25.545192	3.56362509727478
25.561517	0.14112500846386	25.567749	3.56275010108948
25.584087	0.141750007867813	25.590319	3.56287527084351
25.606663	0.143250003457069	25.612899	3.56362509727478
25.629219	0.142000004649162	25.635452	3.56537508964539
25.651796	0.143875002861023	25.658029	3.56587505340576
25.674364	0.142625004053116	25.680596	3.56600022315979
25.696916	0.141875013709068	25.703154	3.56562519073486
25.719473	0.140750005841255	25.725706	3.56412506103516
25.742029	0.141750007867813	25.748262	3.56350016593933
25.764581	0.143875002861023	25.770819	3.56412506103516
25.787137	0.141875013709068	25.793369	3.56462526321411
25.809693	0.143625006079674	25.815926	3.56637525558472
25.832264	0.143125012516975	25.838496	3.56662511825562
25.854823	0.142500013113022	25.86106	3.56700015068054
25.877382	0.142750009894371	25.883615	3.56537508964539
25.899939	0.141750007867813	25.906172	3.56475019454956
25.922496	0.14112500846386	25.928731	3.56425023078918
25.94505	0.140750005841255	25.951287	3.56462526321411
25.967605	0.142625004053116	25.973856	3.56625008583069
25.990188	0.143500000238419	25.99642	3.56700015068054
26.01276	0.143375009298325	26.018992	3.56750011444092
26.035311	0.142750009894371	26.041549	3.56750011444092
26.057871	0.142500013113022	26.064103	3.56612515449524
26.080427	0.139625012874603	26.08666	3.56525015830994
26.102984	0.141375005245209	26.109217	3.56462526321411
26.125535	0.141500011086464	26.131773	3.56562519073486
26.148091	0.141375005245209	26.154324	3.56625008583069
26.170647	0.144875004887581	26.17688	3.56787514686584
26.193214	0.143250003457069	26.199446	3.56800007820129
26.215779	0.142875000834465	26.222016	3.5677502155304
26.238337	0.142375007271767	26.24457	3.56687521934509
26.260895	0.142000004649162	26.267127	3.56587505340576
26.283447	0.142500013113022	26.2897	3.56550025939941
26.30601	0.141500011086464	26.312248	3.56612515449524
26.328568	0.141625002026558	26.334801	3.56762528419495
26.351124	0.143125012516975	26.357356	3.56875014305115
26.373694	0.142250001430511	26.379931	3.56900024414062
26.396251	0.141875013709068	26.402485	3.5686252117157
26.418816	0.142125010490417	26.425054	3.56750011444092
26.441379	0.142000004649162	26.447612	3.56662511825562
26.463931	0.142500013113022	26.470163	3.56675028800964
26.486486	0.142250001430511	26.492719	3.56712508201599
26.509041	0.142375007271767	26.515274	3.56900024414062
26.531593	0.143625006079674	26.537826	3.5697500705719
26.55415	0.142500013113022	26.560387	3.57000017166138
26.57672	0.142375007271767	26.582958	3.5686252117157
26.599278	0.142250001430511	26.60553	3.56812524795532
26.621855	0.142000004649162	26.628087	3.56650018692017
26.644421	0.142875000834465	26.650659	3.56750011444092
26.666981	0.143250003457069	26.673214	3.56800007820129
26.689533	0.143375009298325	26.695766	3.5697500705719
26.712089	0.144250005483627	26.718321	3.57025027275085
26.734646	0.141750007867813	26.740883	3.57050013542175
26.757218	0.142250001430511	26.76345	3.56912517547607
26.779769	0.142000004649162	26.786002	3.56812524795532
26.802327	0.142125010490417	26.808559	3.56750011444092
26.824878	0.142875000834465	26.831116	3.56800007820129
26.847436	0.142750009894371	26.853668	3.56925010681152
26.869992	0.143625006079674	26.876224	3.57012510299683
26.892548	0.143625006079674	26.898781	3.57050013542175
26.9151	0.141500011086464	26.921337	3.57075023651123
26.937658	0.142750009894371	26.943892	3.56962513923645
26.960229	0.142375007271767	26.966461	3.56875014305115
26.982804	0.141750007867813	26.989037	3.56837511062622
27.005358	0.141875013709068	27.011595	3.56825017929077
27.027915	0.142750009894371	27.034148	3.569500207901
27.050472	0.144625008106232	27.056704	3.57112526893616
27.07303	0.141625002026558	27.079262	3.5715000629425
27.095581	0.14300000667572	27.101818	3.57137513160706
27.118142	0.142625004053116	27.124375	3.56987524032593
27.140693	0.142625004053116	27.146926	3.56937527656555
27.163246	0.143250003457069	27.169506	3.5688750743866
27.185826	0.142500013113022	27.192063	3.56987524032593
27.208383	0.143250003457069	27.214616	3.57087516784668
27.230939	0.144625008106232	27.237171	3.57225012779236
27.253492	0.143750011920929	27.259729	3.57225012779236
27.276051	0.143375009298325	27.282288	3.57100009918213
27.298611	0.142125010490417	27.30485	3.57087516784668
27.321174	0.142000004649162	27.327407	3.56937527656555
27.343722	0.142250001430511	27.349955	3.569500207901
27.366275	0.143125012516975	27.372512	3.57050013542175
27.388832	0.14300000667572	27.395064	3.57200026512146
27.411389	0.144124999642372	27.417621	3.57312512397766
27.433941	0.142750009894371	27.440178	3.57287526130676
27.456498	0.143250003457069	27.462735	3.57162523269653
27.479072	0.141750007867813	27.485306	3.57100009918213
27.501629	0.143250003457069	27.50786	3.569500207901
27.524183	0.142875000834465	27.530415	3.5697500705719
27.546736	0.14300000667572	27.55297	3.57162523269653
27.569301	0.143625006079674	27.575533	3.57250022888184
27.591849	0.143875002861023	27.598082	3.57375025749207
27.614432	0.142875000834465	27.620672	3.57312512397766
27.637006	0.143500000238419	27.643255	3.57175016403198
27.659593	0.142375007271767	27.665825	3.57137513160706
27.682154	0.142125010490417	27.688388	3.57050013542175
27.704707	0.142750009894371	27.710944	3.5706250667572
27.727264	0.142875000834465	27.733498	3.57237505912781
27.749822	0.144875004887581	27.756054	3.57337522506714
27.772379	0.143750011920929	27.778612	3.57412505149841
27.794956	0.143625006079674	27.801194	3.57275009155273
27.817516	0.142750009894371	27.823749	3.57275009155273
27.840072	0.142250001430511	27.846304	3.57137513160706
27.862628	0.143375009298325	27.868861	3.57112526893616
27.885185	0.143750011920929	27.891418	3.57200026512146
27.907742	0.143375009298325	27.914001	3.57300019264221
27.930328	0.143500000238419	27.93656	3.57400012016296
27.952883	0.144000008702278	27.959116	3.57425022125244
27.975453	0.14300000667572	27.981694	3.57412505149841
27.998032	0.144124999642372	28.004272	3.57300019264221
28.020588	0.142500013113022	28.02682	3.57200026512146
28.043145	0.142625004053116	28.049378	3.5715000629425
28.065697	0.143625006079674	28.07193	3.57275009155273
28.08825	0.14300000667572	28.094483	3.57375025749207
28.110807	0.143625006079674	28.11704	3.57512521743774
28.133359	0.143250003457069	28.139592	3.57575011253357
28.155911	0.143125012516975	28.162148	3.57375025749207
28.17848	0.142875000834465	28.184713	3.57325005531311
28.201033	0.141375005245209	28.207265	3.57237505912781
28.223603	0.142625004053116	28.22984	3.57275009155273
28.246159	0.143750011920929	28.252397	3.57375025749207
28.268729	0.143375009298325	28.274961	3.57412505149841
28.291286	0.144000008702278	28.297518	3.57562518119812
28.31384	0.142750009894371	28.320078	3.5758752822876
28.336399	0.146999999880791	28.342636	3.57475018501282
28.358957	0.139750003814697	28.36519	3.57412505149841
28.381515	0.141625002026558	28.387742	3.57225012779236
28.404084	0.146625012159348	28.410322	3.57362508773804
28.426642	0.143125012516975	28.432879	3.57437515258789
28.449216	0.144124999642372	28.455449	3.57575011253357
28.471774	0.144375011324883	28.478012	3.57600021362305
28.494333	0.143375009298325	28.500571	3.5758752822876
28.516891	0.142875000834465	28.523128	3.57525014877319
28.539448	0.142125010490417	28.545686	3.57412505149841
28.562007	0.142750009894371	28.56824	3.57337522506714
28.584561	0.142750009894371	28.590793	3.57412505149841
28.607146	0.143375009298325	28.613429	3.57487511634827
28.629768	0.144124999642372	28.636008	3.57637524604797
28.652337	0.142250001430511	28.65857	3.5767502784729
28.674895	0.142625004053116	28.681128	3.57637524604797
28.697448	0.143750011920929	28.703693	3.57562518119812
28.720023	0.141750007867813	28.726256	3.57412505149841
28.74258	0.143375009298325	28.748822	3.57400012016296
28.765144	0.144250005483627	28.771382	3.57437515258789
28.787701	0.143875002861023	28.79394	3.5758752822876
28.810266	0.144625008106232	28.816498	3.57712507247925
28.832822	0.143250003457069	28.839056	3.57725024223328
28.855376	0.142875000834465	28.861613	3.57687520980835
28.877936	0.143750011920929	28.884181	3.57525014877319
28.900505	0.142250001430511	28.906738	3.57475018501282
28.923062	0.143125012516975	28.929305	3.57450008392334
28.945625	0.142875000834465	28.951862	3.57575011253357
28.968182	0.143250003457069	28.974432	3.57687520980835
28.990762	0.145750001072884	28.996995	3.5776252746582
29.013315	0.144250005483627	29.019548	3.57775020599365
29.035869	0.142875000834465	29.042106	3.57712507247925
29.058425	0.142750009894371	29.064664	3.57562518119812
29.081006	0.14300000667572	29.087238	3.57550024986267
29.103558	0.143875002861023	29.109791	3.57500028610229
29.126111	0.143125012516975	29.132348	3.5758752822876
29.148666	0.143125012516975	29.154899	3.57725024223328
29.171224	0.144250005483627	29.177456	3.57862520217896
29.193771	0.144000008702278	29.200009	3.57812523841858
29.216329	0.143875002861023	29.222567	3.57750010490417
29.238886	0.143875002861023	29.245119	3.57600021362305
29.261445	0.142750009894371	29.267678	3.57562518119812
29.283997	0.143875002861023	29.290234	3.57562518119812
29.306555	0.142250001430511	29.312792	3.57650017738342
29.329112	0.145250007510185	29.335345	3.57837510108948
29.351666	0.145875006914139	29.357898	3.5787501335144
29.374219	0.143250003457069	29.380456	3.57850027084351
29.396775	0.143125012516975	29.403012	3.5776252746582
29.419331	0.14300000667572	29.425558	3.5761251449585
29.441885	0.143125012516975	29.448118	3.57575011253357
29.464471	0.143125012516975	29.470708	3.57687520980835
29.48703	0.143875002861023	29.493263	3.57737517356873
29.509593	0.145000010728836	29.515825	3.57837510108948
29.532149	0.146125003695488	29.538381	3.57912516593933
29.554702	0.143125012516975	29.56094	3.57887506484985
29.577258	0.143250003457069	29.583486	3.5770001411438
29.599813	0.142875000834465	29.606065	3.57662510871887
29.62239	0.143750011920929	29.628618	3.57650017738342
29.644982	0.144250005483627	29.651215	3.5767502784729
29.667537	0.146999999880791	29.673775	3.57825016975403
29.690099	0.146000012755394	29.696331	3.57900023460388
29.712655	0.144124999642372	29.718888	3.57900023460388
29.73521	0.144500002264977	29.741442	3.57925009727478
29.757763	0.144875004887581	29.763995	3.57750010490417
29.780315	0.140625	29.786547	3.5767502784729
29.802867	0.142500013113022	29.809107	3.57625007629395
