Time_sec1	Voltage_A0TG	Time_sec2	Voltage_A1TG
0	1.09325003623962	0.006232	3.6470000743866
0.022557	1.09425008296967	0.02879	3.64800024032593
0.045114	1.09362506866455	0.051347	3.64900016784668
0.067675	1.09450006484985	0.073912	3.65012526512146
0.090233	1.09737503528595	0.096465	3.65012526512146
0.11279	1.09375	0.119024	3.65062522888184
0.135349	1.09375	0.141582	3.64900016784668
0.157902	1.09300005435944	0.164139	3.64825010299683
0.180458	1.09387505054474	0.186698	3.64775013923645
0.203023	1.09350001811981	0.209255	3.64800024032593
0.22558	1.09500002861023	0.231824	3.64912509918213
0.248144	1.09400010108948	0.254377	3.64987516403198
0.270698	1.09412503242493	0.276931	3.65075016021729
0.293253	1.09325003623962	0.299481	3.65050005912781
0.315802	1.0928750038147	0.322036	3.64912509918213
0.33836	1.0928750038147	0.344593	3.64837527275085
0.360913	1.09375	0.367141	3.64750027656555
0.383462	1.09412503242493	0.389689	3.64775013923645
0.406025	1.09325003623962	0.412258	3.64987516403198
0.428595	1.09337508678436	0.434832	3.65025019645691
0.451152	1.09437501430511	0.457386	3.65075016021729
0.473711	1.0928750038147	0.479944	3.65025019645691
0.496262	1.09350001811981	0.5025	3.6487500667572
0.518819	1.09325003623962	0.525057	3.64812517166138
0.541376	1.09112501144409	0.547604	3.647625207901
0.563936	1.0928750038147	0.570169	3.64812517166138
0.586505	1.09325003623962	0.592742	3.6496250629425
0.609087	1.09450006484985	0.615323	3.65112519264221
0.631654	1.09350001811981	0.637895	3.65062522888184
0.654227	1.09387505054474	0.660459	3.64975023269653
0.676793	1.09275007247925	0.683031	3.6485002040863
0.699352	1.09325003623962	0.705589	3.647625207901
0.721914	1.09300005435944	0.728152	3.64775013923645
0.744483	1.09012508392334	0.750715	3.64887523651123
0.767052	1.09412503242493	0.77329	3.65000009536743
0.789611	1.09312510490417	0.795849	3.65075016021729
0.812171	1.09312510490417	0.818404	3.65062522888184
0.834729	1.09375	0.840961	3.64925026893616
0.857281	1.09250009059906	0.863519	3.64812517166138
0.879838	1.09375	0.88607	3.64775013923645
0.902401	1.09437501430511	0.908633	3.64750027656555
0.924957	1.09400010108948	0.93119	3.64912509918213
0.947512	1.09325003623962	0.953749	3.65000009536743
0.970068	1.09387505054474	0.976318	3.65037512779236
0.992655	1.09400010108948	0.998888	3.64987516403198
1.015214	1.09275007247925	1.021446	3.64387512207031
1.03777	0.960625052452087	1.044007	3.57625007629395
1.060327	0.832000017166138	1.06656	3.34150004386902
1.082885	0.728250026702881	1.089117	3.02662515640259
1.105441	0.630625009536743	1.111675	2.68350005149841
1.127995	0.550999999046326	1.134234	2.39462518692017
1.150568	0.476375013589859	1.1568	2.15225005149841
1.173115	0.410625010728836	1.179348	1.97950005531311
1.195673	0.348875015974045	1.201916	1.84787511825562
1.218237	0.293125003576279	1.224474	1.75625002384186
1.240802	0.240875005722046	1.247035	1.69675004482269
1.263358	0.199375003576279	1.269592	1.65612506866455
1.285915	0.160625010728836	1.292148	1.63412511348724
1.30847	0.130375012755394	1.314703	1.62200009822845
1.331024	0.101125001907349	1.337271	1.61600005626678
1.353593	0.0745000019669533	1.359826	1.61300003528595
1.376146	0.0490000024437904	1.38238	1.61187505722046
1.398702	0.0242500007152557	1.404935	1.61050009727478
1.421255	0.002125000115484	1.427488	1.60875010490417
1.443806	0.00362500012852252	1.450039	1.60550010204315
1.466362	0.0020000000949949	1.472595	1.60050010681152
1.488914	0.00387500016950071	1.495146	1.59362506866455
1.511467	0.002125000115484	1.5177	1.5845000743866
1.534023	0.0022500001359731	1.540255	1.57312512397766
1.556575	0.00525000039488077	1.562813	1.56125009059906
1.579132	0.000625000044237822	1.585369	1.55025005340576
1.601691	0.000375000003259629	1.607944	1.5402500629425
1.624275	0.000500000023748726	1.630503	1.53112506866455
1.646839	0.00262500019744039	1.653077	1.52437508106232
1.669388	0.00387500016950071	1.675626	1.51775002479553
1.691949	0.0022500001359731	1.698182	1.51075005531311
1.714508	0.00150000001303852	1.72074	1.50412511825562
1.737081	0.000125000005937181	1.743319	1.49837505817413
1.759639	-0.00262500019744039	1.765877	1.49325001239777
1.782196	0.00137500010896474	1.788428	1.49100005626678
1.804753	0.000125000005937181	1.810986	1.48912501335144
1.827307	0.00662500038743019	1.833545	1.48812508583069
1.849867	0.00400000018998981	1.856119	1.48737502098083
1.87244	0.00362500012852252	1.878673	1.48562502861023
1.894997	0.00162500003352761	1.90123	1.48437511920929
1.917567	0.000250000011874363	1.923804	1.48387503623962
1.940123	0.000750000006519258	1.946356	1.48425006866455
1.96268	0.000875000027008355	1.968911	1.48587512969971
1.985256	0.00100000004749745	1.991489	1.48987507820129
2.007787	0.00262500019744039	2.014025	1.4962500333786
2.030361	0.00312500004656613	2.036594	1.5017501115799
2.052913	0.0022500001359731	2.059145	1.51025009155273
2.075471	0.00137500010896474	2.081705	1.52087509632111
2.098024	-0.000250000011874363	2.104261	1.53462505340576
2.12058	0.000750000006519258	2.126813	1.55062508583069
2.143137	0.000750000006519258	2.149369	1.572625041008
2.165693	0.00112500006798655	2.171926	1.59775006771088
2.188246	0.00362500012852252	2.194484	1.63087511062622
2.210806	0.00737500051036477	2.217038	1.6736251115799
2.233365	0.00112500006798655	2.239598	1.73187506198883
2.255924	0	2.262156	1.8032500743866
2.278477	-0.00187500007450581	2.284715	1.89362514019012
2.301035	0.00325000006705523	2.307273	1.98687505722046
2.32361	0.000750000006519258	2.329843	2.08737516403198
2.346163	0.00162500003352761	2.352406	2.17512512207031
2.368726	0.00337500008754432	2.374962	2.25550007820129
2.391283	0.00250000017695129	2.397521	2.31850004196167
2.413844	0.00137500010896474	2.420077	2.37362504005432
2.43648	0	2.442719	2.41775012016296
2.45904	0.000750000006519258	2.465277	2.45337510108948
2.481599	0.00150000001303852	2.487832	2.48487520217896
2.504153	0.000500000023748726	2.510381	2.51250004768372
2.526712	0.00112500006798655	2.532949	2.53600001335144
2.549272	0.00300000002607703	2.55551	2.55450010299683
2.571847	0.00187500007450581	2.57808	2.5697500705719
2.594405	0.00250000017695129	2.600638	2.58287501335144
2.61702	0.000875000027008355	2.623254	2.59462523460388
2.639589	-0.000500000023748726	2.645828	2.60437512397766
2.662151	-0.000250000011874363	2.668384	2.61475014686584
2.684709	0.00100000004749745	2.690942	2.62075018882751
2.707277	0.00187500007450581	2.713515	2.63775014877319
2.729846	0.00350000010803342	2.736079	2.64412522315979
2.752401	0.00287500023841858	2.758633	2.65162515640259
2.774964	0.0061250003054738	2.781197	2.66000008583069
2.797517	0.00725000025704503	2.803755	2.67000007629395
2.820074	0.00887500029057264	2.826306	2.68075013160706
2.84263	0.0100000007078052	2.848863	2.69375014305115
2.865187	0.0110000008717179	2.87142	2.70600008964539
2.887764	0.0152500011026859	2.894001	2.71862506866455
2.910323	0.016499999910593	2.916556	2.72975015640259
2.932881	0.0145000005140901	2.939113	2.73975014686584
2.955432	0.017875000834465	2.961664	2.74875020980835
2.977995	0.0187500007450581	2.98424	2.7578752040863
3.000562	0.0202500000596046	3.006795	2.76825022697449
3.023119	0.0210000015795231	3.029352	2.77875018119812
3.045676	0.0230000019073486	3.051911	2.78962516784668
3.06823	0.0258750021457672	3.074468	2.80012512207031
3.090786	0.0253750011324883	3.097019	2.81000018119812
3.113354	0.0261250007897615	3.119587	2.82012510299683
3.135907	0.0266250018030405	3.14214	2.82950019836426
3.158462	0.0285000018775463	3.164699	2.84050011634827
3.181018	0.0288750007748604	3.187271	2.85212516784668
3.203594	0.0315000005066395	3.209826	2.866375207901
3.22615	0.0318750031292439	3.232401	2.88087511062622
3.24872	0.0346250012516975	3.254957	2.89500021934509
3.271276	0.0345000028610229	3.27751	2.90950012207031
3.293833	0.0350000001490116	3.300065	2.92362523078918
3.316406	0.0366250015795231	3.322644	2.9381251335144
3.338964	0.0361250005662441	3.345202	2.9528751373291
3.361538	0.0373750030994415	3.367771	2.9693751335144
3.384096	0.038500003516674	3.390328	2.98587512969971
3.406648	0.0398750007152557	3.412886	3.00375008583069
3.429204	0.0417500026524067	3.435443	3.01950025558472
3.451762	0.0417500026524067	3.457994	3.03500008583069
3.474317	0.0422500036656857	3.480549	3.04887509346008
3.496891	0.0421250015497208	3.503124	3.06400012969971
3.519445	0.0438750013709068	3.525677	3.07725024223328
3.542016	0.0452500022947788	3.548243	3.09300017356873
3.564563	0.0455000028014183	3.570798	3.10662508010864
3.587119	0.048250000923872	3.593352	3.12175011634827
3.609699	0.0481250025331974	3.615935	3.13500022888184
3.632257	0.0477500036358833	3.63849	3.14662504196167
3.65483	0.0490000024437904	3.661063	3.15712523460388
3.677387	0.0511250011622906	3.68362	3.16762518882751
3.699942	0.0495000034570694	3.706175	3.17862510681152
3.7225	0.0522500015795231	3.728738	3.18937516212463
3.745064	0.0512500032782555	3.751292	3.2011251449585
3.767614	0.0528750009834766	3.773852	3.21075010299683
3.790172	0.0570000037550926	3.796409	3.21987509727478
3.812735	0.0552500039339066	3.818967	3.22800016403198
3.835291	0.0520000010728836	3.841536	3.23475027084351
3.857869	0.0533750019967556	3.864107	3.24237513542175
3.880426	0.0542500019073486	3.886659	3.25000023841858
3.902984	0.0551250018179417	3.909216	3.25825023651123
3.92554	0.0565000027418137	3.931773	3.26675009727478
3.948092	0.0581250041723251	3.954329	3.2746250629425
3.970647	0.0615000016987324	3.976907	3.28087520599365
3.993237	0.0575000010430813	3.999469	3.28637504577637
4.015795	0.0591250024735928	4.022028	3.29137516021729
4.038362	0.0580000020563602	4.044599	3.29675006866455
4.060919	0.0592500045895576	4.067165	3.30275011062622
4.08349	0.0567500032484531	4.089722	3.30875015258789
4.106041	0.0620000027120113	4.112274	3.31575012207031
4.128593	0.0620000027120113	4.134831	3.32087516784668
4.15115	0.0620000027120113	4.157383	3.32600021362305
4.173708	0.0612500011920929	4.179941	3.32975006103516
4.196259	0.0632500052452087	4.202497	3.33287525177002
4.218817	0.0617500022053719	4.225049	3.33675026893616
4.241384	0.063000001013279	4.247617	3.34225010871887
4.263932	0.063000001013279	4.270165	3.34850025177002
4.2865	0.065250001847744	4.292738	3.35325026512146
4.309058	0.0677500069141388	4.315295	3.35762524604797
4.331627	0.0650000050663948	4.33786	3.36187505722046
4.354184	0.064750000834465	4.360417	3.36512517929077
4.376736	0.0635000020265579	4.382974	3.36762523651123
4.399294	0.0643750056624413	4.405532	3.37175011634827
4.421852	0.0656250044703484	4.428085	3.37650012969971
4.444409	0.0662500038743019	4.450642	3.38162517547607
4.466961	0.0685000047087669	4.473198	3.38650012016296
4.489518	0.0677500069141388	4.495756	3.39062523841858
4.512075	0.0672500059008598	4.518307	3.39400005340576
4.534632	0.0676250010728836	4.540864	3.39575004577637
4.557179	0.0672500059008598	4.563417	3.39937520027161
4.579735	0.068000003695488	4.585973	3.40337514877319
4.602311	0.0671250000596046	4.608563	3.40750026702881
4.624888	0.0667500048875809	4.631117	3.41250014305115
4.647448	0.0703750029206276	4.653687	3.41725015640259
4.670007	0.0696250051259995	4.676245	3.42062520980835
4.692571	0.0687500014901161	4.698804	3.42350006103516
4.715126	0.0676250010728836	4.721361	3.42537522315979
4.737695	0.0692500025033951	4.743927	3.42812514305115
4.760248	0.0693750008940697	4.766501	3.43200016021729
4.78283	0.068000003695488	4.789057	3.4363751411438
4.805386	0.0717500001192093	4.811625	3.44100022315979
4.827944	0.0723750069737434	4.834182	3.44487524032593
4.850503	0.0710000023245811	4.856735	3.44812512397766
4.873059	0.0703750029206276	4.879292	3.45062518119812
4.895616	0.0701250061392784	4.901849	3.45225024223328
4.918167	0.070250004529953	4.924405	3.45462512969971
4.940723	0.0706249997019768	4.946956	3.45850014686584
4.963281	0.0712500065565109	4.969513	3.46300005912781
4.985874	0.0723750069737434	4.992113	3.4667501449585
5.008434	0.0736250057816505	5.014671	3.47012519836426
5.030994	0.0763750001788139	5.037227	3.47312521934509
5.053551	0.0727500021457672	5.059783	3.47425007820129
5.07612	0.0708750039339066	5.082354	3.47637510299683
5.098673	0.0717500001192093	5.104911	3.47825026512146
5.121228	0.0732500031590462	5.127461	3.48225021362305
5.143783	0.0723750069737434	5.150016	3.48700022697449
5.16634	0.0738750025629997	5.172578	3.4905002117157
5.188911	0.0743750035762787	5.195149	3.49325013160706
5.211468	0.0732500031590462	5.217701	3.49575018882751
5.234082	0.0734999999403954	5.240342	3.49612522125244
5.256753	0.0722500011324883	5.263013	3.4977502822876
5.279398	0.0734999999403954	5.285658	3.50100016593933
5.301987	0.0748750045895576	5.308221	3.50450015068054
5.324545	0.0747500061988831	5.330777	3.5078752040863
5.347097	0.0762500017881393	5.353334	3.51112508773804
5.369653	0.0736250057816505	5.37589	3.51350021362305
5.392215	0.0746250003576279	5.398447	3.5142502784729
5.414772	0.0728750005364418	5.421004	3.51587510108948
5.437328	0.0736250057816505	5.443566	3.51725006103516
5.459886	0.0745000019669533	5.46612	3.52050018310547
5.48244	0.0751250013709068	5.488673	3.52325010299683
5.504998	0.0763750001788139	5.51123	3.52675008773804
5.527567	0.0796250030398369	5.533805	3.5298752784729
5.550124	0.0746250003576279	5.556356	3.53125023841858
5.57268	0.0751250013709068	5.578912	3.53237509727478
5.595242	0.0747500061988831	5.601475	3.53350019454956
5.617837	0.0751250013709068	5.62407	3.53450012207031
5.640386	0.075250007212162	5.646625	3.53675007820129
5.662952	0.0760000050067902	5.669184	3.54012513160706
5.685509	0.0771250054240227	5.691742	3.54262518882751
5.708062	0.0766250044107437	5.714299	3.54500007629395
5.730623	0.0760000050067902	5.736863	3.54612517356873
5.753187	0.0761250033974648	5.75942	3.5457501411438
5.775746	0.0751250013709068	5.781979	3.54687523841858
5.798302	0.0762500017881393	5.804534	3.54825019836426
5.820854	0.0783750042319298	5.827088	3.55050015449524
5.843411	0.0753750056028366	5.849645	3.5532500743866
5.865966	0.0778750032186508	5.8722	3.55600023269653
5.88852	0.078125	5.894752	3.55750012397766
5.911072	0.0770000070333481	5.917305	3.55812525749207
5.933645	0.0772500038146973	5.939878	3.55837512016296
5.956209	0.078625001013279	5.962441	3.55812525749207
5.978772	0.0738750025629997	5.985017	3.55987524986267
6.001339	0.0773750022053719	6.007572	3.56175017356873
6.023898	0.0777500048279762	6.030131	3.56450009346008
6.046451	0.0792500004172325	6.052689	3.56637525558472
6.069008	0.0767500028014183	6.075246	3.56762528419495
6.091571	0.0775000005960464	6.097804	3.56762528419495
6.114143	0.0771250054240227	6.120376	3.56762528419495
6.136699	0.0760000050067902	6.142936	3.56787514686584
6.159257	0.0783750042319298	6.165495	3.56875014305115
6.181826	0.0782500058412552	6.188058	3.57100009918213
6.204383	0.0787500068545341	6.210616	3.57275009155273
6.226941	0.0793750062584877	6.233184	3.57475018501282
6.249519	0.0762500017881393	6.255751	3.57550024986267
6.272091	0.0773750022053719	6.27833	3.57525014877319
6.294669	0.0766250044107437	6.300913	3.57500028610229
6.317241	0.0776250064373016	6.323479	3.57525014877319
6.3398	0.0780000016093254	6.346032	3.57625007629395
6.362352	0.0782500058412552	6.368585	3.57850027084351
6.384909	0.0788750052452087	6.391142	3.58000016212463
6.407461	0.0792500004172325	6.413698	3.58112525939941
6.430018	0.0765000060200691	6.436251	3.58162522315979
6.452578	0.0780000016093254	6.45881	3.58100008964539
6.475149	0.0777500048279762	6.481381	3.58050012588501
6.497697	0.0783750042319298	6.503935	3.58062505722046
6.520257	0.0780000016093254	6.5265	3.58187508583069
6.542824	0.0783750042319298	6.549057	3.58362507820129
6.565382	0.0791250020265579	6.571624	3.58525013923645
6.587943	0.0818750038743019	6.59418	3.58637523651123
6.610546	0.0815000012516975	6.616812	3.58587527275085
6.633138	0.0791250020265579	6.639372	3.58587527275085
6.655702	0.0785000026226044	6.661935	3.585125207901
6.678256	0.0788750052452087	6.684489	3.58500027656555
6.700811	0.0818750038743019	6.707043	3.58662509918213
6.72337	0.0782500058412552	6.729608	3.58812522888184
6.745934	0.0801250040531158	6.752167	3.59000015258789
6.768487	0.0788750052452087	6.774724	3.59037518501282
6.791035	0.0791250020265579	6.797296	3.59012508392334
6.813621	0.078125	6.819854	3.58950018882751
6.836183	0.0776250064373016	6.842416	3.58875012397766
6.858738	0.0783750042319298	6.864971	3.58900022506714
6.881295	0.078625001013279	6.88753	3.59075021743774
6.90385	0.0793750062584877	6.910084	3.59225010871887
6.926406	0.0846250057220459	6.932638	3.59375023841858
6.948959	0.0815000012516975	6.955191	3.5932502746582
6.971531	0.0791250020265579	6.977776	3.59312510490417
6.994113	0.0783750042319298	7.000346	3.59225010871887
7.016706	0.0782500058412552	7.022945	3.59200024604797
7.039264	0.0792500004172325	7.045502	3.59312510490417
7.061826	0.0827500075101852	7.068059	3.59400010108948
7.084383	0.0807500034570694	7.090616	3.59550023078918
7.106935	0.0805000066757202	7.113173	3.59662508964539
7.129493	0.0793750062584877	7.13573	3.59600019454956
7.152049	0.0782500058412552	7.158282	3.59562516212463
7.174606	0.0787500068545341	7.180839	3.59425020217896
7.197171	0.0787500068545341	7.203408	3.59475016593933
7.21972	0.0787500068545341	7.225958	3.59575009346008
7.242281	0.0802500024437904	7.248514	3.59662508964539
7.264839	0.0812500044703484	7.271071	3.59800028800964
7.287391	0.0805000066757202	7.293628	3.59912514686584
7.309947	0.0793750062584877	7.31618	3.59887528419495
7.332505	0.0791250020265579	7.338738	3.59837508201599
7.355062	0.0787500068545341	7.361295	3.59675025939941
7.377619	0.0785000026226044	7.383857	3.59725022315979
7.40019	0.0798750072717667	7.406418	3.59800028800964
7.422742	0.0788750052452087	7.428975	3.59937524795532
7.4453	0.0822500064969063	7.451535	3.60112524032593
7.467855	0.0796250030398369	7.474093	3.60137510299683
7.490412	0.0796250030398369	7.496644	3.600750207901
7.512969	0.0796250030398369	7.519201	3.60025024414062
7.535526	0.0793750062584877	7.541758	3.59950017929077
7.55808	0.0788750052452087	7.564318	3.59925007820129
7.580635	0.0790000036358833	7.586888	3.60050010681152
7.603216	0.0787500068545341	7.609478	3.60212516784668
7.625819	0.0812500044703484	7.632048	3.60337519645691
7.648373	0.080375000834465	7.654616	3.60362505912781
7.670937	0.0796250030398369	7.677169	3.60312509536743
7.693494	0.0790000036358833	7.699726	3.60212516784668
7.716045	0.0782500058412552	7.722278	3.60137510299683
7.7386	0.0792500004172325	7.744838	3.60200023651123
7.761164	0.0823750048875809	7.767397	3.60325026512146
7.783738	0.0796250030398369	7.789971	3.60437512397766
7.8063	0.0816250070929527	7.812538	3.60525012016296
7.82885	0.0796250030398369	7.835084	3.60525012016296
7.851404	0.0798750072717667	7.857655	3.60462522506714
7.873981	0.0790000036358833	7.880213	3.60362505912781
7.896533	0.0817500054836273	7.90277	3.60300016403198
7.919091	0.0797500014305115	7.925329	3.60375022888184
7.941648	0.0792500004172325	7.947881	3.60500025749207
7.964204	0.083625003695488	7.970436	3.60637521743774
7.986797	0.0818750038743019	7.993035	3.60725021362305
8.009359	0.0825000032782555	8.015592	3.60662508010864
8.031916	0.0800000056624413	8.03815	3.60612511634827
8.05447	0.0792500004172325	8.060703	3.60487508773804
8.077023	0.0793750062584877	8.083256	3.60487508773804
8.099575	0.0796250030398369	8.105808	3.60575008392334
8.122128	0.0796250030398369	8.12836	3.60762524604797
8.144699	0.0813750028610229	8.150931	3.6082501411438
8.167274	0.0805000066757202	8.173508	3.60862517356873
8.189829	0.080375000834465	8.196061	3.60862517356873
8.21238	0.0796250030398369	8.218612	3.60700011253357
8.23494	0.0797500014305115	8.241172	3.60650014877319
8.257492	0.0792500004172325	8.26373	3.60675024986267
8.28005	0.0802500024437904	8.2863	3.60762524604797
8.302623	0.0797500014305115	8.308856	3.60950016975403
8.325193	0.0818750038743019	8.331426	3.61025023460388
8.34777	0.0815000012516975	8.354003	3.61062526702881
8.370323	0.0796250030398369	8.376556	3.60975027084351
8.392881	0.0796250030398369	8.399113	3.60775017738342
8.415438	0.0793750062584877	8.421671	3.60750007629395
8.437989	0.0806250050663948	8.444227	3.60775017738342
8.460547	0.0800000056624413	8.466788	3.60962510108948
8.483112	0.080875001847744	8.489345	3.61075019836426
8.50567	0.0826250016689301	8.511912	3.61187505722046
8.52823	0.0807500034570694	8.534468	3.61212515830994
8.550787	0.0806250050663948	8.55702	3.61100006103516
8.573345	0.0797500014305115	8.579577	3.60975027084351
8.595902	0.0802500024437904	8.602135	3.60937523841858
8.618471	0.0806250050663948	8.624704	3.60987520217896
8.641031	0.0800000056624413	8.647298	3.61087512969971
8.663624	0.0816250070929527	8.669856	3.61212515830994
8.686176	0.0813750028610229	8.692415	3.61325025558472
8.708748	0.0788750052452087	8.714981	3.61300015449524
8.731303	0.0806250050663948	8.737536	3.61150026321411
8.753865	0.0791250020265579	8.760097	3.61100006103516
8.776416	0.0796250030398369	8.782654	3.61112523078918
8.798976	0.0783750042319298	8.805213	3.61137509346008
8.821537	0.0805000066757202	8.827769	3.61325025558472
8.844094	0.0812500044703484	8.850326	3.61425018310547
8.866646	0.0818750038743019	8.87289	3.61450028419495
8.889213	0.0812500044703484	8.89545	3.61387515068054
8.911776	0.0806250050663948	8.918009	3.61287522315979
8.934345	0.0791250020265579	8.940578	3.61237525939941
8.956913	0.0802500024437904	8.963151	3.61212515830994
8.979476	0.0805000066757202	8.985714	3.61287522315979
9.002041	0.0791250020265579	9.008274	3.61412525177002
9.024598	0.0810000002384186	9.030831	3.61512517929077
9.047171	0.0815000012516975	9.053409	3.61625027656555
9.069728	0.0801250040531158	9.075966	3.61512517929077
9.09231	0.080375000834465	9.098543	3.61400008201599
9.114864	0.0791250020265579	9.121096	3.61312508583069
9.137419	0.0805000066757202	9.143656	3.61350011825562
9.159976	0.0797500014305115	9.166215	3.61375021934509
9.182541	0.0812500044703484	9.188775	3.61562514305115
9.205091	0.0826250016689301	9.211318	3.61650013923645
9.227658	0.0800000056624413	9.233895	3.61650013923645
9.25022	0.0800000056624413	9.256459	3.61587524414062
9.272784	0.0792500004172325	9.279016	3.6146252155304
9.295342	0.0792500004172325	9.301574	3.61387515068054
9.317894	0.080375000834465	9.324132	3.61425018310547
9.340451	0.0816250070929527	9.346698	3.6157500743866
9.363023	0.0822500064969063	9.369255	3.61712527275085
9.385579	0.0833750069141388	9.391823	3.61775016784668
9.408142	0.0820000022649765	9.414379	3.6175000667572
9.430698	0.080875001847744	9.436931	3.6157500743866
9.453269	0.0798750072717667	9.459501	3.61525011062622
9.475826	0.0820000022649765	9.482058	3.61475014686584
9.498377	0.080375000834465	9.504614	3.61537528038025
9.520933	0.0798750072717667	9.527168	3.6166250705719
9.543492	0.0815000012516975	9.549724	3.61787509918213
9.566044	0.0826250016689301	9.572276	3.61825013160706
9.588586	0.080375000834465	9.594819	3.61862516403198
9.611194	0.080375000834465	9.61743	3.61737513542175
9.633751	0.080375000834465	9.639984	3.61625027656555
9.656328	0.0801250040531158	9.662566	3.61587524414062
9.678886	0.080375000834465	9.685118	3.6166250705719
9.701443	0.0802500024437904	9.707676	3.61812520027161
9.724002	0.0816250070929527	9.730239	3.61875009536743
9.746565	0.0802500024437904	9.752804	3.61987519264221
9.769125	0.080375000834465	9.775362	3.61912512779236
9.791681	0.080375000834465	9.797914	3.61787509918213
9.814237	0.0805000066757202	9.820469	3.61687517166138
9.836791	0.0820000022649765	9.843029	3.61675024032593
9.859348	0.0805000066757202	9.865585	3.61762523651123
9.881916	0.0810000002384186	9.88815	3.61925005912781
9.904474	0.0812500044703484	9.910702	3.62112522125244
9.927023	0.0802500024437904	9.93326	3.62050008773804
9.949579	0.0798750072717667	9.955816	3.61887526512146
9.972134	0.0795000046491623	9.978385	3.61825013160706
9.994716	0.0806250050663948	10.000955	3.61675024032593
10.017279	0.0820000022649765	10.023521	3.61762523651123
10.039858	0.0813750028610229	10.046091	3.61875009536743
10.062403	0.0820000022649765	10.068636	3.61975026130676
10.08496	0.0817500054836273	10.091192	3.62050008773804
10.107512	0.080875001847744	10.113744	3.62075018882751
10.130063	0.0798750072717667	10.1363	3.61900019645691
10.152623	0.0798750072717667	10.158856	3.61887526512146
10.17518	0.080375000834465	10.181412	3.61850023269653
10.197758	0.0802500024437904	10.20399	3.61850023269653
10.220312	0.0828750059008598	10.226557	3.61975026130676
10.242886	0.0832500010728836	10.249118	3.62100028991699
10.265442	0.0816250070929527	10.271675	3.62137508392334
10.287996	0.0813750028610229	10.294229	3.62087512016296
10.31055	0.0812500044703484	10.316783	3.62025022506714
10.333103	0.0793750062584877	10.339336	3.61925005912781
10.355656	0.0796250030398369	10.361889	3.61912512779236
10.378211	0.0811250060796738	10.384449	3.61887526512146
10.400767	0.0820000022649765	10.407	3.62062525749207
10.423325	0.0843750014901161	10.429557	3.62162518501282
10.445881	0.0840000063180923	10.452113	3.62225008010864
10.468432	0.0800000056624413	10.474671	3.62162518501282
10.490991	0.0798750072717667	10.497224	3.62012505531311
10.513548	0.0795000046491623	10.519781	3.61975026130676
10.536119	0.080875001847744	10.542351	3.61900019645691
10.558669	0.0810000002384186	10.564907	3.62062525749207
10.581239	0.080875001847744	10.587472	3.62112522125244
10.60379	0.0866250023245811	10.610047	3.62237524986267
10.62641	0.0810000002384186	10.632649	3.6230001449585
10.648988	0.0811250060796738	10.655225	3.62137508392334
10.671552	0.0801250040531158	10.677786	3.62100028991699
10.69411	0.0816250070929527	10.700342	3.62000012397766
10.716662	0.0772500038146973	10.7229	3.62012505531311
10.73922	0.0798750072717667	10.745458	3.62125015258789
10.761783	0.0815000012516975	10.768016	3.6227502822876
10.784341	0.0841250047087669	10.790569	3.62312507629395
10.806899	0.0813750028610229	10.813137	3.62350010871887
10.829457	0.0800000056624413	10.835694	3.62187528610229
10.852023	0.0798750072717667	10.858255	3.62137508392334
10.874579	0.0793750062584877	10.880812	3.61987519264221
10.89713	0.0806250050663948	10.903368	3.62062525749207
10.919688	0.0805000066757202	10.925925	3.62162518501282
10.942245	0.0812500044703484	10.948473	3.6230001449585
10.964801	0.0817500054836273	10.971034	3.62350010871887
10.987397	0.080375000834465	10.993635	3.62400007247925
11.009957	0.0813750028610229	11.016207	3.62250018119812
11.032542	0.0805000066757202	11.038781	3.62150025367737
11.055109	0.0798750072717667	11.061342	3.62100028991699
11.077667	0.0806250050663948	11.083905	3.62150025367737
11.100225	0.0801250040531158	11.106458	3.62262511253357
11.122783	0.0812500044703484	11.129015	3.62287521362305
11.14534	0.0815000012516975	11.151573	3.62400007247925
11.167897	0.0812500044703484	11.174135	3.62337517738342
11.19047	0.0815000012516975	11.196702	3.6227502822876
11.213021	0.0798750072717667	11.219253	3.62162518501282
11.235579	0.0805000066757202	11.241824	3.62100028991699
11.258144	0.0810000002384186	11.264381	3.62225008010864
11.280701	0.0810000002384186	11.286933	3.62337517738342
11.303259	0.0826250016689301	11.309491	3.62412524223328
11.325814	0.0826250016689301	11.332047	3.62462520599365
11.348366	0.0806250050663948	11.354603	3.62325024604797
11.370924	0.0810000002384186	11.37717	3.62250018119812
11.393494	0.0806250050663948	11.399726	3.62175011634827
11.416084	0.080375000834465	11.422318	3.62150025367737
11.438639	0.0830000042915344	11.444877	3.62287521362305
11.461198	0.0797500014305115	11.467432	3.62425017356873
11.483757	0.0828750059008598	11.489986	3.6247501373291
11.506315	0.0810000002384186	11.512547	3.6247501373291
11.528871	0.0801250040531158	11.535109	3.62375020980835
11.551429	0.0805000066757202	11.557661	3.62287521362305
11.573988	0.0800000056624413	11.580221	3.62187528610229
11.596542	0.0847500041127205	11.602776	3.62187528610229
11.619115	0.0801250040531158	11.625348	3.62312507629395
11.641662	0.0813750028610229	11.6479	3.62412524223328
11.664224	0.0815000012516975	11.670452	3.62512516975403
11.686797	0.0805000066757202	11.693031	3.6247501373291
11.709352	0.0802500024437904	11.715599	3.6238751411438
11.731942	0.0800000056624413	11.738176	3.62225008010864
11.754491	0.0797500014305115	11.760725	3.62212514877319
11.777045	0.0802500024437904	11.783282	3.6230001449585
11.799601	0.0807500034570694	11.805839	3.6238751411438
11.822157	0.083125002682209	11.82839	3.62537527084351
11.844715	0.0818750038743019	11.850947	3.6256251335144
11.867282	0.0801250040531158	11.873519	3.62462520599365
11.889837	0.0812500044703484	11.89607	3.62400007247925
11.912402	0.0790000036358833	11.918635	3.62225008010864
11.93496	0.0805000066757202	11.941193	3.62237524986267
11.957512	0.0833750069141388	11.963749	3.62325024604797
11.980073	0.0806250050663948	11.986307	3.6247501373291
12.002637	0.0823750048875809	12.008874	3.62525010108948
12.025199	0.0813750028610229	12.031431	3.62587523460388
12.047777	0.0805000066757202	12.054015	3.62500023841858
12.070326	0.0807500034570694	12.076564	3.62425017356873
12.092889	0.0797500014305115	12.099121	3.62262511253357
12.115452	0.0771250054240227	12.121685	3.62312507629395
12.138005	0.0798750072717667	12.144242	3.6238751411438
12.160563	0.0796250030398369	12.166796	3.62487506866455
12.183121	0.0832500010728836	12.189353	3.62625026702881
12.205679	0.0812500044703484	12.211912	3.62612509727478
12.228232	0.080375000834465	12.234469	3.62512516975403
12.250789	0.0813750028610229	12.257021	3.62425017356873
12.273346	0.0801250040531158	12.279578	3.6230001449585
12.295906	0.0785000026226044	12.302139	3.6230001449585
12.318459	0.0798750072717667	12.324696	3.62437510490417
12.341017	0.0800000056624413	12.347272	3.62525010108948
12.363596	0.0822500064969063	12.369828	3.62662506103516
12.386148	0.0801250040531158	12.392404	3.62587523460388
12.408722	0.0816250070929527	12.41496	3.62500023841858
12.431278	0.0797500014305115	12.437511	3.62412524223328
12.453835	0.0791250020265579	12.460067	3.62337517738342
12.476407	0.0806250050663948	12.482645	3.62350010871887
12.498968	0.0810000002384186	12.5052	3.6245002746582
12.521536	0.0818750038743019	12.527769	3.62587523460388
12.544094	0.0825000032782555	12.550326	3.62662506103516
12.566648	0.0802500024437904	12.572881	3.62612509727478
12.589202	0.0802500024437904	12.595435	3.62525010108948
12.611845	0.0793750062584877	12.618081	3.62425017356873
12.634408	0.0798750072717667	12.640643	3.62325024604797
12.656967	0.0811250060796738	12.663205	3.62400007247925
12.679544	0.0802500024437904	12.685782	3.62462520599365
12.702111	0.0821250006556511	12.708344	3.62587523460388
12.724671	0.0821250006556511	12.730904	3.62675023078918
12.747225	0.0807500034570694	12.753463	3.62625026702881
12.769783	0.080375000834465	12.776022	3.62500023841858
12.792342	0.0813750028610229	12.798574	3.62375020980835
12.8149	0.0810000002384186	12.821132	3.62337517738342
12.837451	0.0815000012516975	12.843689	3.6245002746582
12.860021	0.0802500024437904	12.866253	3.62550020217896
12.882578	0.0822500064969063	12.888805	3.62650012969971
12.90513	0.0807500034570694	12.911362	3.6256251335144
12.927681	0.0796250030398369	12.933918	3.62587523460388
12.950236	0.0815000012516975	12.956469	3.62400007247925
12.972793	0.0801250040531158	12.979043	3.6236252784729
12.995374	0.0806250050663948	13.001625	3.62350010871887
13.017945	0.0772500038146973	13.024182	3.62462520599365
13.040512	0.0820000022649765	13.046745	3.62575006484985
13.063071	0.0823750048875809	13.069303	3.62700009346008
13.085642	0.0815000012516975	13.091875	3.62600016593933
13.108188	0.080375000834465	13.114426	3.62587523460388
13.130747	0.083125002682209	13.136988	3.62412524223328
13.153313	0.0807500034570694	13.159545	3.62375020980835
13.17587	0.080875001847744	13.182117	3.62462520599365
13.19844	0.0797500014305115	13.204677	3.62525010108948
13.220998	0.0810000002384186	13.22723	3.62650012969971
13.243557	0.0827500075101852	13.249789	3.62700009346008
13.266119	0.080875001847744	13.272352	3.62712526321411
13.288672	0.0806250050663948	13.29491	3.62600016593933
13.31123	0.0795000046491623	13.317463	3.62425017356873
13.333788	0.0805000066757202	13.34002	3.62400007247925
13.356341	0.080875001847744	13.362578	3.6236252784729
13.378898	0.0797500014305115	13.385135	3.62537527084351
13.401455	0.0818750038743019	13.407689	3.62675023078918
13.424014	0.0843750014901161	13.430247	3.62737512588501
13.446567	0.0800000056624413	13.452805	3.62687516212463
13.469125	0.0812500044703484	13.475362	3.62512516975403
13.491686	0.0807500034570694	13.497918	3.62462520599365
13.514243	0.080875001847744	13.520475	3.62350010871887
13.536794	0.0802500024437904	13.543032	3.62500023841858
13.559351	0.080375000834465	13.565584	3.62637519836426
13.581911	0.0820000022649765	13.588144	3.62725019454956
13.604473	0.0815000012516975	13.61073	3.62737512588501
13.627086	0.0810000002384186	13.633319	3.62675023078918
13.649645	0.080875001847744	13.655878	3.62512516975403
13.672201	0.0797500014305115	13.678434	3.62437510490417
13.694754	0.0791250020265579	13.700986	3.62400007247925
13.717305	0.0798750072717667	13.723542	3.6247501373291
13.739865	0.0842500030994415	13.746098	3.62675023078918
13.762417	0.0821250006556511	13.768649	3.62725019454956
13.784975	0.0821250006556511	13.791208	3.62712526321411
13.807527	0.080875001847744	13.813764	3.62662506103516
13.830082	0.0833750069141388	13.836315	3.62487506866455
13.852638	0.0798750072717667	13.858871	3.6247501373291
13.875193	0.0751250013709068	13.881426	3.62437510490417
13.897765	0.0811250060796738	13.904002	3.6256251335144
13.920334	0.0812500044703484	13.926568	3.62687516212463
13.942886	0.0832500010728836	13.949118	3.62725019454956
13.965443	0.0796250030398369	13.971676	3.62762522697449
13.988024	0.0801250040531158	13.994261	3.62700009346008
14.010584	0.0793750062584877	14.016817	3.62500023841858
14.033141	0.0802500024437904	14.039374	3.6247501373291
14.055699	0.0821250006556511	14.061931	3.6247501373291
14.078254	0.0810000002384186	14.084491	3.62650012969971
14.100816	0.0830000042915344	14.107049	3.62675023078918
14.123375	0.0826250016689301	14.129607	3.62800025939941
14.145932	0.080375000834465	14.15216	3.62712526321411
14.168481	0.078125	14.174718	3.62587523460388
14.191037	0.0797500014305115	14.197279	3.62500023841858
14.213604	0.0793750062584877	14.219837	3.62462520599365
14.236156	0.0807500034570694	14.2424	3.62487506866455
14.25872	0.0805000066757202	14.264958	3.62687516212463
14.281281	0.0818750038743019	14.287514	3.62762522697449
14.303838	0.0815000012516975	14.31007	3.62750005722046
14.326411	0.0805000066757202	14.332649	3.62737512588501
14.348968	0.0802500024437904	14.355206	3.6256251335144
14.371536	0.0787500068545341	14.377769	3.6247501373291
14.394093	0.0812500044703484	14.400326	3.62462520599365
14.416645	0.0818750038743019	14.422882	3.6256251335144
14.439202	0.0810000002384186	14.445439	3.62687516212463
14.461758	0.0825000032782555	14.467991	3.62762522697449
14.484331	0.0815000012516975	14.490563	3.62762522697449
14.506893	0.0797500014305115	14.513131	3.62737512588501
14.529451	0.0797500014305115	14.535688	3.6256251335144
14.552022	0.0793750062584877	14.558254	3.62525010108948
14.574578	0.080375000834465	14.58081	3.62500023841858
14.597129	0.0821250006556511	14.603361	3.62575006484985
14.619698	0.0822500064969063	14.625931	3.62725019454956
14.642262	0.0816250070929527	14.6485	3.62762522697449
14.664825	0.0816250070929527	14.671058	3.62800025939941
14.687378	0.080375000834465	14.693611	3.62612509727478
14.709932	0.0798750072717667	14.716164	3.62575006484985
14.732509	0.0840000063180923	14.738743	3.6247501373291
14.755065	0.0796250030398369	14.761297	3.6247501373291
14.777617	0.078625001013279	14.783849	3.62625026702881
14.800169	0.0821250006556511	14.806405	3.62725019454956
14.82273	0.0823750048875809	14.828963	3.62837505340576
14.845303	0.0823750048875809	14.851536	3.62775015830994
14.867855	0.0807500034570694	14.874093	3.62637519836426
14.890414	0.0793750062584877	14.896646	3.62587523460388
14.91297	0.0801250040531158	14.919203	3.62500023841858
14.935529	0.080875001847744	14.941763	3.62500023841858
14.958081	0.0805000066757202	14.964319	3.62675023078918
14.980642	0.0821250006556511	14.986896	3.62737512588501
15.003229	0.0821250006556511	15.009461	3.62837505340576
15.025787	0.0852500051259995	15.032021	3.62750005722046
15.048348	0.080875001847744	15.054586	3.62650012969971
15.070905	0.0805000066757202	15.077138	3.62550020217896
15.093462	0.0798750072717667	15.099695	3.62512516975403
15.116056	0.080375000834465	15.122313	3.62575006484985
15.138633	0.0800000056624413	15.144871	3.62737512588501
15.16119	0.0823750048875809	15.167423	3.62775015830994
15.183747	0.0807500034570694	15.189975	3.62825012207031
15.206308	0.083125002682209	15.212546	3.62775015830994
15.228866	0.0810000002384186	15.235104	3.62625026702881
15.251424	0.0801250040531158	15.257657	3.62537527084351
15.27398	0.0810000002384186	15.280213	3.62525010108948
15.296533	0.0807500034570694	15.302771	3.62600016593933
15.31909	0.0807500034570694	15.325327	3.62712526321411
15.341647	0.0825000032782555	15.347879	3.62812519073486
15.364203	0.0812500044703484	15.370435	3.62812519073486
15.38676	0.080375000834465	15.392997	3.62700009346008
15.409329	0.0817500054836273	15.415567	3.62550020217896
15.431888	0.0837500020861626	15.438121	3.6247501373291
15.454448	0.0817500054836273	15.46068	3.62537527084351
15.477005	0.0797500014305115	15.483243	3.62600016593933
15.499564	0.0812500044703484	15.505802	3.62737512588501
15.522121	0.0826250016689301	15.528354	3.62825012207031
15.544678	0.0815000012516975	15.550911	3.62812519073486
15.567231	0.0805000066757202	15.573468	3.62637519836426
15.58978	0.0766250044107437	15.596032	3.62600016593933
15.612378	0.0782500058412552	15.618611	3.62500023841858
15.634935	0.0838750004768372	15.641162	3.62550020217896
15.65748	0.0812500044703484	15.663718	3.62700009346008
15.680039	0.0823750048875809	15.686271	3.62750005722046
15.702595	0.0822500064969063	15.708827	3.62850022315979
15.725151	0.0796250030398369	15.731384	3.62787508964539
15.747701	0.0807500034570694	15.753939	3.62700009346008
15.770262	0.0801250040531158	15.776503	3.62625026702881
15.792824	0.0798750072717667	15.799056	3.62487506866455
15.815378	0.0807500034570694	15.821625	3.62537527084351
15.837945	0.0800000056624413	15.844179	3.62700009346008
15.860499	0.0825000032782555	15.866731	3.62775015830994
15.88305	0.0821250006556511	15.889283	3.62800025939941
15.905602	0.0801250040531158	15.911834	3.62812519073486
15.928159	0.0816250070929527	15.934397	3.62687516212463
15.950716	0.0798750072717667	15.956949	3.62537527084351
15.973274	0.080875001847744	15.979525	3.62550020217896
15.995849	0.0800000056624413	16.002083	3.6256251335144
16.018405	0.0815000012516975	16.024643	3.62725019454956
16.040964	0.0823750048875809	16.047197	3.62787508964539
16.063522	0.0810000002384186	16.069755	3.62862515449524
16.086075	0.080375000834465	16.092311	3.62725019454956
16.10864	0.0805000066757202	16.114877	3.62687516212463
16.131197	0.0802500024437904	16.137429	3.62575006484985
16.153752	0.0775000005960464	16.159986	3.62537527084351
16.176306	0.080375000834465	16.182543	3.62662506103516
16.198864	0.0806250050663948	16.205096	3.62762522697449
16.221416	0.0830000042915344	16.227651	3.62912511825562
16.243978	0.0812500044703484	16.250211	3.62850022315979
16.266537	0.0813750028610229	16.272775	3.62675023078918
16.289108	0.0805000066757202	16.295346	3.62675023078918
16.311667	0.080375000834465	16.3179	3.6247501373291
16.334226	0.0812500044703484	16.340459	3.62575006484985
16.35679	0.0813750028610229	16.363028	3.62662506103516
16.379348	0.0820000022649765	16.385586	3.62737512588501
16.401915	0.0826250016689301	16.408148	3.62837505340576
16.424471	0.0817500054836273	16.430703	3.62850022315979
16.447023	0.0807500034570694	16.45326	3.62700009346008
16.469579	0.0797500014305115	16.475818	3.62637519836426
16.492144	0.0807500034570694	16.498376	3.62525010108948
16.514715	0.0797500014305115	16.520947	3.62575006484985
16.537284	0.0813750028610229	16.543521	3.62687516212463
16.559842	0.0825000032782555	16.566075	3.62787508964539
16.582399	0.0813750028610229	16.588632	3.62875008583069
16.604971	0.0813750028610229	16.611207	3.62787508964539
16.627528	0.0805000066757202	16.633767	3.62712526321411
16.650091	0.0796250030398369	16.656324	3.62587523460388
16.67265	0.0805000066757202	16.678882	3.62587523460388
16.695205	0.0802500024437904	16.701438	3.62687516212463
16.717779	0.0812500044703484	16.724016	3.62725019454956
16.740333	0.0845000073313713	16.746567	3.62850022315979
16.762891	0.0838750004768372	16.769123	3.62887525558472
16.785446	0.0807500034570694	16.791679	3.62775015830994
16.807998	0.080875001847744	16.814234	3.62725019454956
16.830553	0.0800000056624413	16.836787	3.62587523460388
16.853111	0.0822500064969063	16.859343	3.62587523460388
16.875667	0.0811250060796738	16.881915	3.62662506103516
16.898238	0.0813750028610229	16.904471	3.62737512588501
16.920782	0.0820000022649765	16.927054	3.62850022315979
16.94338	0.0813750028610229	16.949612	3.62850022315979
16.965937	0.0810000002384186	16.97217	3.62762522697449
16.988526	0.0822500064969063	16.994767	3.62675023078918
17.011092	0.0796250030398369	17.017324	3.6256251335144
17.033652	0.0813750028610229	17.039893	3.6256251335144
17.056238	0.0816250070929527	17.062471	3.62637519836426
17.078794	0.080375000834465	17.085027	3.62737512588501
17.101349	0.0815000012516975	17.107582	3.62862515449524
17.123907	0.0806250050663948	17.13014	3.62850022315979
17.146461	0.0818750038743019	17.152699	3.62775015830994
17.169018	0.0802500024437904	17.175256	3.62662506103516
17.191567	0.0800000056624413	17.197806	3.6256251335144
17.214133	0.0820000022649765	17.220365	3.62600016593933
17.236708	0.0806250050663948	17.242947	3.62737512588501
17.259267	0.0820000022649765	17.265504	3.62837505340576
17.281829	0.0825000032782555	17.288062	3.62887525558472
17.304386	0.0806250050663948	17.310618	3.62825012207031
17.326938	0.0805000066757202	17.333176	3.62737512588501
17.349493	0.0796250030398369	17.35573	3.62625026702881
17.372048	0.0798750072717667	17.378282	3.6256251335144
17.394606	0.0807500034570694	17.400839	3.62625026702881
17.417171	0.0797500014305115	17.423409	3.62787508964539
17.439727	0.0822500064969063	17.445964	3.62887525558472
17.462314	0.0817500054836273	17.468547	3.62900018692017
17.484886	0.0805000066757202	17.491119	3.62812519073486
17.507444	0.0806250050663948	17.513681	3.62750005722046
17.530001	0.080375000834465	17.536233	3.62600016593933
17.552558	0.0801250040531158	17.55879	3.62575006484985
17.575114	0.0797500014305115	17.581347	3.62687516212463
17.597664	0.080375000834465	17.603897	3.62762522697449
17.620237	0.0827500075101852	17.626471	3.62862515449524
17.642797	0.0832500010728836	17.64903	3.62950015068054
17.665371	0.0813750028610229	17.671604	3.62825012207031
17.687925	0.080875001847744	17.694163	3.62750005722046
17.710482	0.0805000066757202	17.716715	3.62625026702881
17.73306	0.0810000002384186	17.739294	3.62612509727478
17.755614	0.0827500075101852	17.761843	3.62700009346008
17.778163	0.0815000012516975	17.7844	3.62850022315979
17.800719	0.0821250006556511	17.806952	3.62900018692017
17.823277	0.0807500034570694	17.82951	3.62875008583069
17.845834	0.0798750072717667	17.852067	3.62787508964539
17.868402	0.0810000002384186	17.874639	3.62700009346008
17.890958	0.0805000066757202	17.897191	3.62612509727478
17.913518	0.0813750028610229	17.91975	3.62675023078918
17.936069	0.080875001847744	17.942318	3.62712526321411
17.958638	0.0817500054836273	17.964876	3.62850022315979
17.98122	0.0833750069141388	17.987454	3.62937521934509
18.00378	0.080875001847744	18.010012	3.62925028800964
18.026333	0.0805000066757202	18.032566	3.62800025939941
18.048888	0.0807500034570694	18.055126	3.62650012969971
18.071439	0.0785000026226044	18.077677	3.62612509727478
18.093998	0.0806250050663948	18.10023	3.62612509727478
18.116559	0.0820000022649765	18.122792	3.62737512588501
18.139118	0.0813750028610229	18.14535	3.62862515449524
18.161672	0.083625003695488	18.167904	3.62925028800964
18.184224	0.0807500034570694	18.190456	3.62875008583069
18.206795	0.0792500004172325	18.213032	3.62812519073486
18.229343	0.0802500024437904	18.23558	3.62700009346008
18.251917	0.0801250040531158	18.25815	3.62625026702881
18.274474	0.080375000834465	18.280707	3.62662506103516
18.297027	0.0810000002384186	18.303264	3.62800025939941
18.319583	0.0820000022649765	18.325821	3.62900018692017
18.34214	0.0837500020861626	18.348372	3.62950015068054
18.364696	0.0805000066757202	18.370928	3.62887525558472
18.387274	0.0800000056624413	18.393512	3.62700009346008
18.409831	0.0802500024437904	18.416064	3.62687516212463
18.4324	0.0800000056624413	18.438633	3.6256251335144
18.454958	0.0806250050663948	18.461191	3.62675023078918
18.477521	0.0807500034570694	18.483765	3.62850022315979
18.500087	0.0832500010728836	18.506319	3.62937521934509
18.522644	0.0815000012516975	18.528878	3.62887525558472
18.545201	0.0806250050663948	18.551434	3.62862515449524
18.567771	0.0805000066757202	18.574009	3.62737512588501
18.590328	0.080375000834465	18.596561	3.62662506103516
18.612906	0.0845000073313713	18.61914	3.62637519836426
18.635464	0.0805000066757202	18.6417	3.62737512588501
18.658033	0.0813750028610229	18.664271	3.62875008583069
18.68059	0.083125002682209	18.686823	3.62937521934509
18.703147	0.0815000012516975	18.709379	3.62912511825562
18.725703	0.0805000066757202	18.731936	3.62862515449524
18.748272	0.0813750028610229	18.754509	3.62712526321411
18.770829	0.0806250050663948	18.77708	3.62675023078918
18.793405	0.0813750028610229	18.799637	3.62587523460388
18.815961	0.0788750052452087	18.822194	3.62737512588501
18.838514	0.0822500064969063	18.844751	3.62862515449524
18.86107	0.0818750038743019	18.867303	3.62987518310547
18.883628	0.0815000012516975	18.889861	3.62912511825562
18.90618	0.0793750062584877	18.912413	3.62787508964539
18.928732	0.0795000046491623	18.934969	3.62700009346008
18.951302	0.080375000834465	18.957535	3.62625026702881
18.973852	0.0802500024437904	18.980129	3.62662506103516
18.996461	0.0806250050663948	19.002698	3.62787508964539
19.019018	0.0826250016689301	19.025256	3.62875008583069
19.041576	0.0823750048875809	19.047809	3.62987518310547
19.064134	0.0805000066757202	19.070367	3.62912511825562
19.086704	0.080375000834465	19.092941	3.62712526321411
19.109252	0.0797500014305115	19.11549	3.62700009346008
19.131824	0.0801250040531158	19.138057	3.62712526321411
19.154378	0.080875001847744	19.16061	3.62687516212463
19.176931	0.0760000050067902	19.183169	3.62837505340576
19.199494	0.0816250070929527	19.205726	3.62950015068054
19.222047	0.0820000022649765	19.228279	3.62962508201599
19.2446	0.080875001847744	19.250832	3.62887525558472
19.267167	0.0801250040531158	19.273406	3.62712526321411
19.289742	0.0798750072717667	19.295975	3.62687516212463
19.312313	0.0796250030398369	19.318545	3.62662506103516
19.334872	0.0800000056624413	19.341105	3.62712526321411
19.357425	0.0802500024437904	19.363663	3.62850022315979
19.379984	0.0828750059008598	19.386217	3.62925028800964
19.402542	0.0802500024437904	19.408774	3.62937521934509
19.425099	0.0810000002384186	19.431331	3.62875008583069
19.447657	0.0795000046491623	19.453894	3.62725019454956
19.470213	0.080875001847744	19.476451	3.62675023078918
19.492784	0.0815000012516975	19.499017	3.62675023078918
19.515341	0.0796250030398369	19.521574	3.62737512588501
19.537895	0.0817500054836273	19.544134	3.62900018692017
19.560453	0.0825000032782555	19.566699	3.62975025177002
19.583023	0.0820000022649765	19.58925	3.62962508201599
19.605589	0.0812500044703484	19.611855	3.62812519073486
19.628176	0.0798750072717667	19.634409	3.62700009346008
19.650728	0.0800000056624413	19.656961	3.62650012969971
19.67329	0.0806250050663948	19.679523	3.62750005722046
19.695848	0.0796250030398369	19.70208	3.62787508964539
19.7184	0.0820000022649765	19.724638	3.62925028800964
19.740957	0.0827500075101852	19.747189	3.62987518310547
19.763514	0.0813750028610229	19.769746	3.62962508201599
19.786064	0.0802500024437904	19.792311	3.62800025939941
19.808629	0.0788750052452087	19.814867	3.62725019454956
19.831184	0.0797500014305115	19.837417	3.62650012969971
