Time_sec1	Voltage_A0TG	Time_sec2	Voltage_A1TG
0	1.09737503528595	0.006254	3.64175009727478
0.022573	1.09712505340576	0.028805	3.64200019836426
0.045124	1.09650003910065	0.051357	3.64062523841858
0.067681	1.09737503528595	0.073913	3.64087510108948
0.090252	1.09787499904633	0.096486	3.64187526702881
0.112805	1.09874999523163	0.119042	3.64312505722046
0.135361	1.09737503528595	0.141619	3.64425015449524
0.157943	1.09712505340576	0.164175	3.64400029182434
0.1805	1.09837508201599	0.186745	3.64275026321411
0.203063	1.09837508201599	0.2093	3.64162516593933
0.225618	1.0972501039505	0.231851	3.64075016975403
0.248169	1.0972501039505	0.254403	3.64112520217896
0.27076	1.0981251001358	0.277001	3.64212512969971
0.293322	1.09737503528595	0.299555	3.64337515830994
0.315875	1.0955001115799	0.322108	3.64387512207031
0.338431	1.09800004959106	0.344664	3.64375019073486
0.360985	1.09825003147125	0.367222	3.64225006103516
0.383541	1.0972501039505	0.389774	3.64137506484985
0.40614	1.09762501716614	0.412412	3.64100027084351
0.428756	1.09825003147125	0.434989	3.64112520217896
0.451318	1.09737503528595	0.457556	3.64212512969971
0.473879	1.09825003147125	0.480117	3.64412522315979
0.496437	1.09900009632111	0.502665	3.64400029182434
0.518989	1.09787499904633	0.525222	3.64325022697449
0.541541	1.09787499904633	0.547778	3.64200019836426
0.564097	1.09737503528595	0.570335	3.64075016975403
0.586654	1.09675002098083	0.592887	3.64112520217896
0.609215	1.0972501039505	0.615447	3.64062523841858
0.631766	1.09987509250641	0.638005	3.64275026321411
0.654326	1.09775006771088	0.660563	3.64325022697449
0.676886	1.0963751077652	0.683119	3.64425015449524
0.699444	1.09825003147125	0.705677	3.64225006103516
0.722002	1.09675002098083	0.72824	3.64162516593933
0.74455	1.09600007534027	0.750788	3.64087510108948
0.767125	1.09750008583069	0.773376	3.64075016975403
0.789705	1.0963751077652	0.795938	3.64175009727478
0.812295	1.09750008583069	0.818532	3.64250016212463
0.834852	1.09762501716614	0.841084	3.64375019073486
0.85741	1.09762501716614	0.863643	3.64362525939941
0.879966	1.09675002098083	0.886199	3.64262509346008
0.902522	1.09775006771088	0.90876	3.64175009727478
0.925078	1.09662508964539	0.931311	3.64100027084351
0.947636	1.09850001335144	0.953868	3.64075016975403
0.970192	1.09750008583069	0.976425	3.64187526702881
0.992756	1.09800004959106	0.998994	3.64312505722046
1.015314	1.1001250743866	1.021547	3.64387512207031
1.037871	1.09337508678436	1.044104	3.64325022697449
1.060427	1.09775006771088	1.06666	3.64262509346008
1.082981	1.09762501716614	1.089218	3.64137506484985
1.105537	1.0972501039505	1.11177	3.64075016975403
1.128093	1.09687507152557	1.134326	3.6386251449585
1.150649	1.05762505531311	1.156881	3.63250017166138
1.173214	0.930125057697296	1.179452	3.51300024986267
1.195762	0.813625037670135	1.202007	3.25175023078918
1.218331	0.711625039577484	1.224563	2.90762519836426
1.240884	0.616125047206879	1.247125	2.58737516403198
1.263444	0.533500015735626	1.269683	2.29950022697449
1.286004	0.454000025987625	1.292236	2.08575010299683
1.308555	0.390375018119812	1.314787	1.9225001335144
1.33113	0.330250024795532	1.337368	1.81212508678436
1.35369	0.282000005245209	1.359922	1.73175013065338
1.376258	0.237875014543533	1.382486	1.6791250705719
1.398808	0.19650000333786	1.405048	1.64250004291534
1.421382	0.158250004053116	1.427615	1.6212500333786
1.443941	0.119250006973743	1.450174	1.60975003242493
1.466486	0.0885000005364418	1.472725	1.60462510585785
1.489051	0.0615000016987324	1.495289	1.60437512397766
1.511624	0.0386250019073486	1.517861	1.60525012016296
1.53418	0.0215000007301569	1.540413	1.60537505149841
1.556748	0.00487500010058284	1.562981	1.60262513160706
1.579306	0.0022500001359731	1.585538	1.59687507152557
1.601857	0.00137500010896474	1.608095	1.58837509155273
1.624415	0.00150000001303852	1.630652	1.58025002479553
1.646971	0.00187500007450581	1.653204	1.56987512111664
1.669529	0.00237500015646219	1.675761	1.56125009059906
1.692092	0.00125000008847564	1.69833	1.5512501001358
1.71465	0.00525000039488077	1.720883	1.5422500371933
1.737228	0.00337500008754432	1.743461	1.53162503242493
1.759784	0.00175000005401671	1.766017	1.52175009250641
1.782355	0.00187500007450581	1.788593	1.51212501525879
1.804915	0.00125000008847564	1.811148	1.50475001335144
1.827473	0.00237500015646219	1.833706	1.49850010871887
1.850045	0.006375000346452	1.856278	1.49437510967255
1.872589	0.00262500019744039	1.878821	1.49087512493134
1.895142	0.00487500010058284	1.901375	1.48812508583069
1.917699	0.00350000010803342	1.923932	1.48462510108948
1.940255	0.00137500010896474	1.946489	1.48112511634827
1.962809	0.002125000115484	1.969047	1.47862505912781
1.985367	-0.00237500015646219	1.991615	1.47637510299683
2.007939	0.00112500006798655	2.014172	1.47550010681152
2.030508	0.00187500007450581	2.036745	1.47712504863739
2.053055	0.00262500019744039	2.059288	1.478875041008
2.075608	0.00412499997764826	2.081841	1.48050010204315
2.098165	0.00237500015646219	2.104398	1.48187506198883
2.120716	0.00137500010896474	2.126949	1.48400008678436
2.143268	0.000875000027008355	2.149506	1.48812508583069
2.165846	0.00125000008847564	2.172103	1.49500012397766
2.188431	0.00112500006798655	2.194663	1.50450003147125
2.210983	0.00175000005401671	2.217241	1.51875007152557
2.233562	0.00450000027194619	2.2398	1.53450012207031
2.256119	0.00412499997764826	2.262351	1.55262506008148
2.278679	0.00175000005401671	2.284912	1.57250010967255
2.301232	0.00100000004749745	2.307469	1.59862506389618
2.323788	0.00125000008847564	2.330026	1.6322500705719
2.346352	0.00162500003352761	2.352584	1.67925012111664
2.368906	0.00362500012852252	2.375139	1.74025011062622
2.391463	0.00137500010896474	2.397696	1.82275009155273
2.41404	0.00337500008754432	2.420273	1.9135000705719
2.436605	0.00337500008754432	2.442845	2.01250004768372
2.45917	0.00100000004749745	2.465404	2.10387516021729
2.48173	0.00175000005401671	2.487962	2.19187521934509
2.504283	-0.00362500012852252	2.510515	2.26287508010864
2.52684	0.00150000001303852	2.533072	2.32625007629395
2.549396	0.00587500026449561	2.555629	2.37750005722046
2.57195	0.0020000000949949	2.578187	2.42225003242493
2.594509	0.00487500010058284	2.600746	2.45775008201599
2.617067	0.00362500012852252	2.623299	2.48775005340576
2.639624	0.000875000027008355	2.645856	2.51125001907349
2.662175	0.00137500010896474	2.668413	2.53137516975403
2.684732	0.000750000006519258	2.690964	2.54850006103516
2.707291	0.00150000001303852	2.713524	2.56437516212463
2.729848	0.00125000008847564	2.73608	2.57850003242493
2.752403	0.00375000014901161	2.758641	2.59225010871887
2.774978	0.00587500026449561	2.781241	2.60287523269653
2.797573	0.0020000000949949	2.803806	2.61237502098083
2.820132	0.00162500003352761	2.826362	2.61887502670288
2.842688	0.000125000005937181	2.848925	2.62512516975403
2.865245	0.002125000115484	2.871478	2.63050007820129
2.887802	0.000625000044237822	2.894035	2.63587522506714
2.910366	0.00125000008847564	2.916599	2.64137506484985
2.932918	0.00275000021792948	2.939156	2.64487504959106
2.955477	0.004250000230968	2.961713	2.64687514305115
2.978038	0.00175000005401671	2.984271	2.64837503433228
3.000595	0.00162500003352761	3.006835	2.64687514305115
3.023154	0.000250000011874363	3.029391	2.6478750705719
3.045711	0.000875000027008355	3.051944	2.64687514305115
3.068267	0.002125000115484	3.074499	2.6487500667572
3.090844	0.000625000044237822	3.097077	2.65587520599365
3.113396	0.00237500015646219	3.119628	2.65712523460388
3.135948	0.00437500001862645	3.142181	2.65975022315979
3.158505	0.00325000006705523	3.164738	2.663250207901
3.181057	0.00537500018253922	3.187294	2.66950011253357
3.203613	0.00562500022351742	3.209851	2.67700004577637
3.226171	0.00712500046938658	3.232403	2.6872501373291
3.248727	0.00887500029057264	3.254959	2.69775009155273
3.271285	0.0110000008717179	3.277523	2.71175003051758
3.293842	0.0133750010281801	3.300074	2.7251250743866
3.316396	0.0141250006854534	3.322629	2.73912501335144
3.338954	0.0131250005215406	3.345186	2.75275015830994
3.361516	0.0141250006854534	3.367753	2.76700019836426
3.384064	0.0138750011101365	3.390302	2.78162503242493
3.406675	0.0166250001639128	3.412911	2.79875016212463
3.429234	0.0167500004172325	3.435467	2.81850004196167
3.451807	0.0205000005662441	3.45804	2.83662509918213
3.474363	0.0218750014901161	3.480601	2.85587525367737
3.496923	0.0217500012367964	3.503157	2.87412524223328
3.519478	0.0216250009834766	3.52571	2.89225006103516
3.542027	0.0216250009834766	3.548261	2.90950012207031
3.564581	0.0230000019073486	3.570814	2.92787504196167
3.587133	0.0252500008791685	3.593366	2.9465000629425
3.609704	0.0253750011324883	3.615936	2.96650004386902
3.632255	0.0285000018775463	3.638492	2.98487520217896
3.654812	0.0301250014454126	3.661044	3.00375008583069
3.677368	0.0280000008642673	3.6836	3.02012515068054
3.699924	0.0298750009387732	3.706157	3.03575015068054
3.722479	0.0337500013411045	3.728716	3.05025005340576
3.745034	0.0302500016987324	3.751267	3.06462526321411
3.767586	0.0320000015199184	3.773837	3.07962512969971
3.790179	0.033125001937151	3.796413	3.09475016593933
3.812734	0.0351250022649765	3.818971	3.10850024223328
3.835291	0.0375000014901161	3.841525	3.12162518501282
3.85785	0.0352500006556511	3.864078	3.13262510299683
3.880399	0.0355000011622906	3.886641	3.14212512969971
3.902962	0.0352500006556511	3.909199	3.15187525749207
3.925519	0.0363750010728836	3.931751	3.16125011444092
3.948076	0.0383750014007092	3.954308	3.17062520980835
3.970633	0.0381250008940697	3.976865	3.18150019645691
3.993199	0.0422500036656857	3.999437	3.19000005722046
4.015756	0.0366250015795231	4.022002	3.19837522506714
4.038328	0.0401250012218952	4.04456	3.20450019836426
4.060879	0.0401250012218952	4.067125	3.21025013923645
4.083445	0.0403750017285347	4.089682	3.21575021743774
4.106001	0.0437500029802322	4.112234	3.22200012207031
4.128559	0.0425000004470348	4.134792	3.22887516021729
4.151127	0.0440000034868717	4.157364	3.23575019836426
4.173684	0.0456250011920929	4.179921	3.2422502040863
4.196262	0.0485000014305115	4.202495	3.24687504768372
4.218832	0.0457500033080578	4.225064	3.25112509727478
4.241389	0.0445000007748604	4.247627	3.25500011444092
4.263938	0.0450000017881393	4.270177	3.25875020027161
4.286506	0.0457500033080578	4.29274	3.26325011253357
4.309064	0.0500000007450581	4.315297	3.26950025558472
4.33162	0.0475000031292439	4.337858	3.27500009536743
4.354182	0.0500000007450581	4.360419	3.28087520599365
4.376754	0.0485000014305115	4.382986	3.28487515449524
4.399325	0.0481250025331974	4.405572	3.288250207901
4.421903	0.0488750040531158	4.428144	3.29175019264221
4.444468	0.0486250035464764	4.4507	3.29587507247925
4.467038	0.0497500039637089	4.473271	3.30075025558472
4.489596	0.0500000007450581	4.495828	3.30650019645691
4.512157	0.0511250011622906	4.518395	3.31187510490417
4.534714	0.0530000030994415	4.540952	3.31687521934509
4.557275	0.055500004440546	4.563507	3.32187509536743
4.579832	0.0511250011622906	4.586065	3.32525014877319
4.6024	0.053250003606081	4.608634	3.32887506484985
4.624955	0.0503750033676624	4.631188	3.33312511444092
4.647499	0.0517500042915344	4.653726	3.33762526512146
4.670042	0.0535000041127205	4.676275	3.34425020217896
4.692592	0.0542500019073486	4.698831	3.34962511062622
4.715164	0.0543750040233135	4.72142	3.35475015640259
4.737739	0.051875002682209	4.743971	3.35850024223328
4.760297	0.0551250018179417	4.766548	3.36237525939941
4.782898	0.052750002592802	4.789136	3.36587524414062
4.805457	0.0546250008046627	4.81169	3.37025022506714
4.828012	0.0546250008046627	4.834245	3.37612509727478
4.85057	0.052375003695488	4.856803	3.3813750743866
4.873122	0.0550000034272671	4.87936	3.38650012016296
4.895679	0.0571250021457672	4.901912	3.39175009727478
4.918253	0.0557500012218952	4.924486	3.39525008201599
4.940804	0.055500004440546	4.94704	3.39837527275085
4.963361	0.055500004440546	4.969598	3.40187525749207
4.985917	0.0561250038444996	4.99215	3.40625023841858
5.008474	0.0590000040829182	5.014706	3.41175007820129
5.031027	0.0570000037550926	5.037264	3.41662526130676
5.053583	0.0585000030696392	5.059821	3.42212510108948
5.076139	0.0581250041723251	5.082381	3.42600011825562
5.098718	0.0571250021457672	5.10495	3.42875027656555
5.121266	0.0568750016391277	5.127504	3.43200016021729
5.143824	0.0598750039935112	5.150061	3.43437504768372
5.166381	0.0585000030696392	5.172613	3.43875026702881
5.188938	0.0573750026524067	5.19517	3.4436252117157
5.211489	0.0592500045895576	5.217727	3.44837522506714
5.234044	0.0597500018775463	5.240282	3.4528751373291
5.256601	0.0587500035762787	5.262834	3.45650005340576
5.279162	0.0596250034868717	5.285394	3.45887517929077
5.301728	0.0580000020563602	5.307965	3.4610002040863
5.324285	0.0593750029802322	5.330522	3.46425008773804
5.346844	0.0586250014603138	5.353076	3.46800017356873
5.369399	0.0590000040829182	5.375631	3.47237515449524
5.391946	0.0605000033974648	5.398178	3.47737526893616
5.414519	0.0607500039041042	5.420752	3.48087525367737
5.437072	0.0593750029802322	5.443305	3.48287510871887
5.45963	0.063000001013279	5.465862	3.48537516593933
5.482181	0.0600000023841858	5.488417	3.48687505722046
5.504741	0.0598750039935112	5.510973	3.49000024795532
5.527297	0.0617500022053719	5.53353	3.49350023269653
5.549856	0.0600000023841858	5.556088	3.49750018119812
5.572407	0.0615000016987324	5.578644	3.50150012969971
5.594963	0.0615000016987324	5.601196	3.50462508201599
5.61752	0.0602500028908253	5.623752	3.50625014305115
5.640075	0.0611250028014183	5.646308	3.50800013542175
5.662629	0.0605000033974648	5.668862	3.50850009918213
5.685182	0.0598750039935112	5.69142	3.51200008392334
5.707743	0.0606250017881393	5.71397	3.5153751373291
5.73029	0.0602500028908253	5.736523	3.51862525939941
5.752844	0.0668750032782555	5.759076	3.52187514305115
5.775402	0.0616250038146973	5.781635	3.52437520027161
5.797958	0.0612500011920929	5.80419	3.52562522888184
5.820533	0.0617500022053719	5.826765	3.52675008773804
5.843084	0.0607500039041042	5.849317	3.52725005149841
5.865629	0.0613750033080578	5.871862	3.52937507629395
5.888188	0.0615000016987324	5.894421	3.53262519836426
5.91075	0.0628750026226044	5.916982	3.53550004959106
5.933301	0.0659999996423721	5.939539	3.53837513923645
5.95586	0.0618750043213367	5.962093	3.5402500629425
5.978417	0.0625	5.984649	3.54062509536743
6.00097	0.0623750016093254	6.007202	3.54175019264221
6.023521	0.0613750033080578	6.029754	3.54237508773804
6.046073	0.0640000030398369	6.052306	3.54425024986267
6.06863	0.0627500042319298	6.074862	3.5466251373291
6.091181	0.0637500062584877	6.097419	3.54975008964539
6.113738	0.0641250014305115	6.119975	3.55175018310547
6.136294	0.0633750036358833	6.142527	3.55237507820129
6.158851	0.063000001013279	6.165083	3.55262517929077
6.181426	0.0627500042319298	6.187664	3.5530002117157
6.203982	0.0628750026226044	6.21022	3.55362510681152
6.226551	0.0623750016093254	6.232784	3.55537509918213
6.249108	0.0628750026226044	6.255341	3.55762505531311
6.271665	0.0640000030398369	6.277902	3.55975008010864
6.294221	0.0655000060796738	6.300458	3.56150007247925
6.316777	0.0635000020265579	6.323009	3.56187510490417
6.339328	0.0640000030398369	6.345561	3.56212520599365
6.361898	0.0637500062584877	6.368136	3.56162524223328
6.384456	0.0659999996423721	6.390688	3.56275010108948
6.407068	0.0637500062584877	6.413301	3.56387519836426
6.429627	0.0635000020265579	6.435862	3.56600022315979
6.452186	0.0656250044703484	6.458424	3.56837511062622
6.474744	0.0648750066757202	6.480976	3.5697500705719
6.4973	0.0637500062584877	6.503533	3.56912517547607
6.519887	0.0638750046491623	6.52612	3.56900024414062
6.542441	0.0622500032186508	6.54868	3.5688750743866
6.565001	0.0637500062584877	6.571234	3.56900024414062
6.587558	0.0642499998211861	6.593791	3.57087516784668
6.610115	0.0645000040531158	6.616348	3.57237505912781
6.632667	0.0663750022649765	6.638904	3.57425022125244
6.655224	0.068000003695488	6.661457	3.57487511634827
6.67778	0.0645000040531158	6.684012	3.57487511634827
6.700335	0.0635000020265579	6.706569	3.57450008392334
6.722889	0.0637500062584877	6.729122	3.57387518882751
6.745433	0.0638750046491623	6.751666	3.57462525367737
6.767991	0.0642499998211861	6.774255	3.57637524604797
6.79058	0.0641250014305115	6.796813	3.57825016975403
6.813132	0.0661250054836273	6.819364	3.57962512969971
6.835684	0.0653750002384186	6.841917	3.57987523078918
6.858259	0.0646250024437904	6.864491	3.57937526702881
6.88081	0.0638750046491623	6.887043	3.57837510108948
6.903355	0.0641250014305115	6.909588	3.57812523841858
6.925908	0.0646250024437904	6.932141	3.57975006103516
6.948466	0.0638750046491623	6.954699	3.58087515830994
6.971027	0.0651250034570694	6.977264	3.58212518692017
6.993587	0.0672500059008598	6.999825	3.58350014686584
7.016148	0.0658750012516975	7.022381	3.58375024795532
7.038705	0.0646250024437904	7.044937	3.58312511444092
7.061257	0.0643750056624413	7.067495	3.58175015449524
7.083814	0.0651250034570694	7.090052	3.58200025558472
7.10637	0.0655000060796738	7.112603	3.58275008201599
7.128926	0.0665000006556511	7.135158	3.58400011062622
7.151477	0.0667500048875809	7.157715	3.58562517166138
7.174033	0.0671250000596046	7.180271	3.58675026893616
7.196588	0.0638750046491623	7.202821	3.58687520027161
7.219158	0.0635000020265579	7.22539	3.58612513542175
7.241719	0.0651250034570694	7.247956	3.585125207901
7.264276	0.0650000050663948	7.270513	3.58487510681152
7.286839	0.0661250054836273	7.293071	3.58637523651123
7.309396	0.0657500028610229	7.315628	3.5871250629425
7.331947	0.0668750032782555	7.338184	3.58950018882751
7.354503	0.0665000006556511	7.360746	3.58950018882751
7.377066	0.064750000834465	7.383294	3.58900022506714
7.399631	0.0661250054836273	7.40589	3.58825016021729
7.422215	0.0645000040531158	7.428449	3.58775019645691
7.444772	0.0646250024437904	7.451027	3.58762526512146
7.467352	0.0631249994039536	7.473584	3.58887505531311
7.489908	0.0705000013113022	7.496141	3.59075021743774
7.512482	0.067500002682209	7.518719	3.59187507629395
7.535038	0.0666250064969063	7.541271	3.5917501449585
7.5576	0.0653750002384186	7.563833	3.59162521362305
7.580172	0.0656250044703484	7.586405	3.58975005149841
7.602725	0.0653750002384186	7.608958	3.58987522125244
7.625277	0.0659999996423721	7.63151	3.59050011634827
7.647833	0.0658750012516975	7.654065	3.59125018119812
7.670391	0.0663750022649765	7.676636	3.59300017356873
7.692954	0.0671250000596046	7.699191	3.59387516975403
7.71551	0.0659999996423721	7.721742	3.59425020217896
7.738066	0.0661250054836273	7.744298	3.59375023841858
7.760618	0.065250001847744	7.766852	3.5923752784729
7.783195	0.0659999996423721	7.789428	3.5923752784729
7.805752	0.0650000050663948	7.812003	3.59287524223328
7.828327	0.0665000006556511	7.83456	3.59387516975403
7.850883	0.0685000047087669	7.857122	3.59525012969971
7.873443	0.0678750053048134	7.879675	3.59650015830994
7.895995	0.0659999996423721	7.902228	3.59650015830994
7.918557	0.0663750022649765	7.92479	3.59500026702881
7.941131	0.0656250044703484	7.947359	3.59462523460388
7.963682	0.0659999996423721	7.96992	3.59425020217896
7.986255	0.0676250010728836	7.992488	3.59487509727478
8.008813	0.0657500028610229	8.015045	3.59725022315979
8.031365	0.0670000016689301	8.037603	3.59787511825562
8.053924	0.0678750053048134	8.060162	3.59887528419495
8.076482	0.067500002682209	8.082714	3.59787511825562
8.099042	0.0657500028610229	8.105274	3.59650015830994
8.121619	0.0653750002384186	8.127856	3.59637522697449
8.144178	0.0661250054836273	8.150416	3.59625005722046
8.166748	0.0665000006556511	8.17298	3.59662508964539
8.189306	0.0663750022649765	8.195538	3.59850025177002
8.211857	0.0677500069141388	8.218095	3.59950017929077
8.234415	0.0668750032782555	8.240652	3.60000014305115
8.256972	0.0658750012516975	8.263204	3.59962511062622
8.279532	0.0663750022649765	8.285765	3.59850025177002
8.302096	0.0658750012516975	8.308333	3.59775018692017
8.324653	0.0662500038743019	8.330885	3.59775018692017
8.34723	0.070250004529953	8.353462	3.59875011444092
8.369786	0.0668750032782555	8.376018	3.60050010681152
8.392337	0.0687500014901161	8.398569	3.60137510299683
8.414908	0.0648750066757202	8.421142	3.6016252040863
8.437477	0.0667500048875809	8.44371	3.60175013542175
8.460036	0.0655000060796738	8.466269	3.59975028038025
8.482589	0.0653750002384186	8.488831	3.59962511062622
8.505166	0.0659999996423721	8.511423	3.6001250743866
8.527741	0.0665000006556511	8.533974	3.6016252040863
8.550298	0.0673750042915344	8.556555	3.60225009918213
8.572873	0.068000003695488	8.579111	3.60300016403198
8.595428	0.0659999996423721	8.601661	3.60350012779236
8.617983	0.0657500028610229	8.624216	3.60237526893616
8.640534	0.0672500059008598	8.646767	3.60125017166138
8.663099	0.0657500028610229	8.669336	3.60037517547607
8.685655	0.0665000006556511	8.691893	3.6016252040863
8.708218	0.0673750042915344	8.71445	3.6027500629425
8.73077	0.067500002682209	8.737003	3.60412526130676
8.753322	0.0685000047087669	8.759559	3.60537528991699
8.775916	0.0667500048875809	8.782156	3.60475015640259
8.798484	0.0667500048875809	8.804716	3.60300016403198
8.821037	0.0658750012516975	8.827282	3.6027500629425
8.843605	0.0659999996423721	8.849836	3.60225009918213
8.866155	0.0665000006556511	8.872388	3.6027500629425
8.888713	0.0696250051259995	8.894945	3.60475015640259
8.911269	0.0681250020861626	8.917502	3.60562515258789
8.933822	0.0721250027418137	8.940055	3.60637521743774
8.956376	0.0665000006556511	8.962609	3.60600018501282
8.978942	0.0666250064969063	8.98517	3.60450005531311
9.001513	0.0663750022649765	9.00775	3.60412526130676
9.024073	0.0713750049471855	9.030311	3.60350012779236
9.04664	0.0663750022649765	9.052872	3.60462522506714
9.069193	0.0671250000596046	9.075425	3.60575008392334
9.091744	0.0687500014901161	9.097981	3.6073751449585
9.114301	0.0687500014901161	9.120538	3.60762524604797
9.136858	0.0668750032782555	9.14309	3.60662508010864
9.159413	0.0667500048875809	9.165645	3.60612511634827
9.181967	0.0655000060796738	9.188204	3.60500025749207
9.204524	0.0683750063180923	9.210756	3.60462522506714
9.227077	0.0671250000596046	9.233309	3.60600018501282
9.249633	0.0673750042915344	9.255866	3.6073751449585
9.27219	0.0688749998807907	9.278428	3.60925006866455
9.294747	0.0668750032782555	9.300981	3.60862517356873
9.317305	0.0655000060796738	9.323538	3.60775017738342
9.339866	0.0667500048875809	9.346098	3.60675024986267
9.362417	0.0665000006556511	9.368654	3.60562515258789
9.384965	0.0658750012516975	9.391198	3.60662508010864
9.407537	0.0666250064969063	9.413765	3.6080002784729
9.430078	0.0688749998807907	9.436311	3.60875010490417
9.45263	0.0673750042915344	9.458868	3.61037516593933
9.475188	0.0663750022649765	9.481431	3.60987520217896
9.497755	0.0668750032782555	9.503987	3.60837507247925
9.52031	0.0653750002384186	9.526549	3.60775017738342
9.542961	0.0666250064969063	9.549253	3.60725021362305
9.565606	0.0672500059008598	9.571845	3.60750007629395
9.588177	0.0667500048875809	9.594416	3.60850024223328
9.610757	0.0683750063180923	9.61699	3.61012506484985
9.633313	0.0705000013113022	9.639551	3.61087512969971
9.65587	0.0653750002384186	9.662103	3.60987520217896
9.678427	0.0667500048875809	9.684659	3.60962510108948
9.700977	0.0659999996423721	9.70723	3.6080002784729
9.723553	0.0668750032782555	9.729786	3.60812520980835
9.746105	0.0665000006556511	9.752338	3.6088752746582
9.768665	0.0665000006556511	9.774915	3.61050009727478
9.791238	0.069750003516674	9.797476	3.61150026321411
9.813796	0.0683750063180923	9.820033	3.61162519454956
9.836353	0.0668750032782555	9.842587	3.61087512969971
9.85891	0.0676250010728836	9.865142	3.60975027084351
9.881462	0.0640000030398369	9.8877	3.60975027084351
9.904024	0.0672500059008598	9.910256	3.60900020599365
9.926578	0.068000003695488	9.932811	3.6100001335144
9.949134	0.0672500059008598	9.955362	3.61112523078918
9.971684	0.0691250041127205	9.977918	3.61225008964539
9.994239	0.0681250020861626	10.000472	3.61262512207031
10.016783	0.0663750022649765	10.023011	3.61212515830994
10.039331	0.0658750012516975	10.045563	3.61087512969971
10.061898	0.0656250044703484	10.068135	3.60962510108948
10.08447	0.0642499998211861	10.090703	3.60962510108948
10.107046	0.0672500059008598	10.113284	3.61062526702881
10.129611	0.0678750053048134	10.135843	3.61237525939941
10.152163	0.0695000067353249	10.158401	3.61337518692017
10.17472	0.0668750032782555	10.180953	3.61337518692017
10.197277	0.0641250014305115	10.203509	3.61300015449524
10.219832	0.0636250004172325	10.226064	3.61125016212463
10.242382	0.0661250054836273	10.248615	3.61050009727478
10.264947	0.0666250064969063	10.271185	3.61087512969971
10.287502	0.0678750053048134	10.293734	3.61200022697449
10.310059	0.068000003695488	10.316292	3.61400008201599
10.332611	0.0691250041127205	10.338844	3.61375021934509
10.355164	0.0672500059008598	10.361397	3.61312508583069
10.377721	0.0678750053048134	10.383954	3.61275005340576
10.400295	0.0670000016689301	10.406589	3.61150026321411
10.422914	0.0661250054836273	10.429159	3.61112523078918
10.445501	0.0666250064969063	10.451735	3.61150026321411
10.468055	0.0658750012516975	10.474287	3.61287522315979
10.490613	0.0683750063180923	10.496845	3.61400008201599
10.513164	0.0690000057220459	10.519401	3.61450028419495
10.53572	0.067500002682209	10.541952	3.61412525177002
10.558275	0.0651250034570694	10.564507	3.61362528800964
10.580843	0.0683750063180923	10.587076	3.61200022697449
10.603394	0.0666250064969063	10.609632	3.61187505722046
10.625949	0.0673750042915344	10.632182	3.61250019073486
10.64852	0.0671250000596046	10.654753	3.61387515068054
10.671069	0.0690000057220459	10.677306	3.61475014686584
10.693626	0.067500002682209	10.699864	3.61562514305115
10.716182	0.0688749998807907	10.722414	3.6146252155304
10.738738	0.0670000016689301	10.74497	3.61312508583069
10.761289	0.0665000006556511	10.767526	3.61300015449524
10.783872	0.0667500048875809	10.79011	3.61212515830994
10.806432	0.0670000016689301	10.812665	3.61312508583069
10.828994	0.0665000006556511	10.835227	3.61450028419495
10.851547	0.0685000047087669	10.857785	3.61512517929077
10.874108	0.0682500004768372	10.880346	3.61600017547607
10.896665	0.0663750022649765	10.902893	3.61500024795532
10.919218	0.0665000006556511	10.92545	3.61375021934509
10.941769	0.0662500038743019	10.948007	3.61312508583069
10.964326	0.0658750012516975	10.970564	3.61275005340576
10.986883	0.0662500038743019	10.993116	3.61400008201599
11.009438	0.0663750022649765	11.015672	3.61537528038025
11.031999	0.0687500014901161	11.038232	3.61625027656555
11.054554	0.0687500014901161	11.060786	3.61600017547607
11.077125	0.0666250064969063	11.083358	3.61500024795532
11.09968	0.0715000033378601	11.105913	3.61375021934509
11.122233	0.0676250010728836	11.128466	3.61375021934509
11.144777	0.0671250000596046	11.151042	3.61375021934509
11.167368	0.0672500059008598	11.1736	3.61525011062622
11.189939	0.0677500069141388	11.196171	3.61600017547607
11.212491	0.0690000057220459	11.218728	3.6166250705719
11.235049	0.0678750053048134	11.241282	3.61675024032593
11.257607	0.0633750036358833	11.263839	3.6157500743866
11.280168	0.0665000006556511	11.286402	3.61437511444092
11.30272	0.0671250000596046	11.308957	3.61387515068054
11.325276	0.0672500059008598	11.331512	3.61387515068054
11.347834	0.067500002682209	11.354067	3.61525011062622
11.370385	0.0685000047087669	11.376618	3.61600017547607
11.392952	0.0685000047087669	11.399184	3.61737513542175
11.415525	0.065250001847744	11.421758	3.6172502040863
11.438086	0.0672500059008598	11.444319	3.61562514305115
11.460644	0.0665000006556511	11.466878	3.61475014686584
11.483201	0.0667500048875809	11.489439	3.6146252155304
11.505759	0.0673750042915344	11.512003	3.61512517929077
11.528327	0.0682500004768372	11.53456	3.61612510681152
11.550881	0.0690000057220459	11.557126	3.6172502040863
11.573446	0.068000003695488	11.579683	3.6172502040863
11.596005	0.0672500059008598	11.602239	3.61700010299683
11.618564	0.067500002682209	11.624796	3.61537528038025
11.641136	0.0663750022649765	11.647374	3.61500024795532
11.663693	0.068000003695488	11.669931	3.61425018310547
11.686261	0.0666250064969063	11.692494	3.61487507820129
11.708817	0.0651250034570694	11.715049	3.61687517166138
11.731368	0.0686250030994415	11.737605	3.61762523651123
11.753923	0.0673750042915344	11.760161	3.61787509918213
11.776514	0.0676250010728836	11.782748	3.6172502040863
11.79907	0.067500002682209	11.805303	3.61487507820129
11.821628	0.0667500048875809	11.827865	3.61500024795532
11.844185	0.0677500069141388	11.850422	3.61500024795532
11.866748	0.0667500048875809	11.872981	3.6157500743866
11.889305	0.068000003695488	11.895537	3.61712527275085
11.911855	0.0691250041127205	11.918093	3.61787509918213
11.934412	0.0673750042915344	11.940649	3.61812520027161
11.956973	0.0672500059008598	11.963205	3.61712527275085
11.97953	0.0657500028610229	11.985762	3.61537528038025
12.002096	0.0671250000596046	12.008334	3.61562514305115
12.024653	0.0676250010728836	12.030886	3.61512517929077
12.04723	0.067500002682209	12.053463	3.61650013923645
12.069786	0.0681250020861626	12.076018	3.61800026893616
12.092337	0.0693750008940697	12.098574	3.61862516403198
12.114897	0.0671250000596046	12.121135	3.61825013160706
12.137461	0.0668750032782555	12.143695	3.61675024032593
12.160018	0.0695000067353249	12.166261	3.61612510681152
12.182586	0.0667500048875809	12.188814	3.6155002117157
12.205137	0.067500002682209	12.21137	3.61600017547607
12.227692	0.0665000006556511	12.233925	3.61712527275085
12.250246	0.0690000057220459	12.256478	3.61787509918213
12.272802	0.0687500014901161	12.279034	3.61875009536743
12.295363	0.0670000016689301	12.301621	3.61862516403198
12.317945	0.0670000016689301	12.324177	3.61687517166138
12.340497	0.0658750012516975	12.346748	3.616375207901
12.363067	0.0663750022649765	12.369305	3.61600017547607
12.385624	0.0665000006556511	12.391857	3.61625027656555
12.408199	0.0665000006556511	12.414428	3.6172502040863
12.430777	0.0693750008940697	12.437011	3.61887526512146
12.453333	0.0685000047087669	12.459566	3.6183750629425
12.475901	0.0716250017285347	12.482133	3.61850023269653
12.498457	0.0676250010728836	12.50469	3.6172502040863
12.521025	0.0658750012516975	12.527263	3.61612510681152
12.543582	0.0668750032782555	12.54982	3.61600017547607
12.566141	0.068000003695488	12.572379	3.61675024032593
12.588703	0.0676250010728836	12.594935	3.61812520027161
12.611255	0.068000003695488	12.617492	3.61925005912781
12.633813	0.0666250064969063	12.64005	3.61925005912781
12.65637	0.0667500048875809	12.662602	3.6183750629425
12.678931	0.0659999996423721	12.685163	3.6172502040863
12.701485	0.0670000016689301	12.707723	3.61600017547607
12.724041	0.0661250054836273	12.730273	3.61612510681152
12.746593	0.0705000013113022	12.752827	3.61800026893616
12.76915	0.0683750063180923	12.775409	3.61875009536743
12.79173	0.0690000057220459	12.797968	3.6183750629425
12.814286	0.0670000016689301	12.820524	3.61912512779236
12.836847	0.0671250000596046	12.84308	3.61775016784668
12.859404	0.0705000013113022	12.865637	3.61687517166138
12.881958	0.0662500038743019	12.888196	3.6166250705719
12.904516	0.0658750012516975	12.910748	3.6166250705719
12.927067	0.072500005364418	12.9333	3.61775016784668
12.949624	0.0736250057816505	12.955857	3.61925005912781
12.972175	0.0695000067353249	12.978413	3.61887526512146
12.994732	0.0678750053048134	13.000964	3.61925005912781
13.01729	0.0670000016689301	13.023522	3.61775016784668
13.039845	0.0666250064969063	13.046078	3.61737513542175
13.062398	0.0663750022649765	13.068636	3.616375207901
13.084955	0.0678750053048134	13.091188	3.61700010299683
13.107512	0.0671250000596046	13.113745	3.61825013160706
13.130069	0.0687500014901161	13.136302	3.61925005912781
13.15257	0.0692500025033951	13.158808	3.62012505531311
13.175135	0.0671250000596046	13.181368	3.61962509155273
13.19769	0.0673750042915344	13.203923	3.61787509918213
13.220243	0.0668750032782555	13.226471	3.61712527275085
13.242792	0.0666250064969063	13.24903	3.61612510681152
13.26535	0.067500002682209	13.271595	3.61712527275085
13.28792	0.0667500048875809	13.294152	3.61862516403198
13.310474	0.0726250037550926	13.316706	3.61925005912781
13.333027	0.0676250010728836	13.339265	3.61987519264221
13.355599	0.0666250064969063	13.361832	3.61962509155273
13.378151	0.0690000057220459	13.384378	3.61787509918213
13.400721	0.0662500038743019	13.406981	3.61737513542175
13.423305	0.0671250000596046	13.429538	3.61675024032593
13.445866	0.0672500059008598	13.452099	3.61787509918213
13.468426	0.0670000016689301	13.474658	3.61912512779236
13.49098	0.0688749998807907	13.497238	3.61937522888184
13.513558	0.0668750032782555	13.519796	3.61987519264221
13.536131	0.0666250064969063	13.542381	3.61887526512146
13.558698	0.0671250000596046	13.564935	3.61762523651123
13.581255	0.0667500048875809	13.587493	3.61712527275085
13.603812	0.0651250034570694	13.610049	3.61700010299683
13.626368	0.0666250064969063	13.6326	3.6183750629425
13.648924	0.0688749998807907	13.655157	3.61925005912781
13.671477	0.0686250030994415	13.677714	3.62037515640259
13.694033	0.067500002682209	13.700271	3.62000012397766
13.716604	0.0670000016689301	13.722836	3.61900019645691
13.739155	0.0645000040531158	13.745388	3.61800026893616
13.761715	0.0656250044703484	13.767953	3.61712527275085
13.784301	0.0667500048875809	13.790539	3.6175000667572
13.806861	0.0671250000596046	13.813094	3.61875009536743
13.829418	0.0683750063180923	13.835651	3.61925005912781
13.851997	0.0693750008940697	13.858235	3.62112522125244
13.874559	0.067500002682209	13.880791	3.62050008773804
13.897124	0.0671250000596046	13.903358	3.61900019645691
13.919682	0.0656250044703484	13.925914	3.61787509918213
13.942234	0.0667500048875809	13.948471	3.61687517166138
13.96479	0.0672500059008598	13.971024	3.61737513542175
13.987348	0.0673750042915344	13.993581	3.61900019645691
14.009903	0.067500002682209	14.016136	3.61987519264221
14.032454	0.0686250030994415	14.038687	3.62062525749207
14.055019	0.0678750053048134	14.061252	3.61962509155273
14.077571	0.0672500059008598	14.083804	3.61875009536743
14.100128	0.0657500028610229	14.10636	3.61787509918213
14.122678	0.0671250000596046	14.128915	3.61700010299683
14.145234	0.0666250064969063	14.151467	3.61812520027161
14.167791	0.0670000016689301	14.174023	3.61900019645691
14.190344	0.0683750063180923	14.196577	3.61975026130676
14.212896	0.0681250020861626	14.219134	3.62050008773804
14.235456	0.0667500048875809	14.241689	3.62012505531311
14.258009	0.0663750022649765	14.264237	3.61887526512146
14.280582	0.0666250064969063	14.286815	3.61762523651123
14.30314	0.0627500042319298	14.309373	3.6172502040863
14.325695	0.0718750059604645	14.331928	3.61825013160706
14.348247	0.0676250010728836	14.35448	3.61950016021729
14.370799	0.0687500014901161	14.377036	3.62025022506714
14.393355	0.0668750032782555	14.399587	3.62087512016296
14.415941	0.0666250064969063	14.422175	3.61962509155273
14.43851	0.0666250064969063	14.444744	3.61875009536743
14.46107	0.0666250064969063	14.467308	3.61800026893616
14.483627	0.0673750042915344	14.489865	3.6175000667572
14.506185	0.0667500048875809	14.512418	3.61862516403198
14.528741	0.0682500004768372	14.534973	3.62012505531311
14.551292	0.0688749998807907	14.55753	3.62075018882751
14.573849	0.068000003695488	14.580087	3.62087512016296
14.596426	0.0671250000596046	14.602665	3.61987519264221
14.619007	0.0666250064969063	14.62524	3.61862516403198
14.641556	0.0655000060796738	14.647794	3.61775016784668
14.664114	0.0706249997019768	14.670352	3.61787509918213
14.686672	0.0670000016689301	14.692904	3.61925005912781
14.709223	0.0676250010728836	14.715455	3.62087512016296
14.731774	0.0676250010728836	14.738011	3.62100028991699
14.75433	0.0690000057220459	14.760567	3.62062525749207
14.776923	0.067500002682209	14.783163	3.61962509155273
14.799492	0.0663750022649765	14.805725	3.6183750629425
14.822061	0.070750005543232	14.828293	3.61812520027161
14.844612	0.0667500048875809	14.850845	3.6183750629425
14.867166	0.0657500028610229	14.873399	3.61975026130676
14.889724	0.0692500025033951	14.895956	3.62062525749207
14.912292	0.0683750063180923	14.918529	3.62100028991699
14.934849	0.0700000002980232	14.941081	3.62025022506714
14.957405	0.0672500059008598	14.963637	3.61950016021729
14.979961	0.0663750022649765	14.986194	3.61800026893616
15.002506	0.0655000060796738	15.008743	3.6175000667572
15.025076	0.0682500004768372	15.031309	3.61862516403198
15.047624	0.0666250064969063	15.053858	3.61962509155273
15.070175	0.0693750008940697	15.076408	3.62100028991699
15.092727	0.0682500004768372	15.098965	3.62150025367737
15.115284	0.0668750032782555	15.121517	3.62050008773804
15.137842	0.0670000016689301	15.144074	3.61900019645691
15.160398	0.0657500028610229	15.166636	3.61787509918213
15.182955	0.0667500048875809	15.189192	3.61800026893616
15.20552	0.0672500059008598	15.211753	3.61950016021729
15.22807	0.0676250010728836	15.234303	3.61987519264221
15.250635	0.0693750008940697	15.256867	3.62087512016296
15.273197	0.0677500069141388	15.279441	3.62125015258789
15.295763	0.0668750032782555	15.302	3.62025022506714
15.318326	0.067500002682209	15.324559	3.61875009536743
15.340878	0.0685000047087669	15.347129	3.61812520027161
15.363448	0.0676250010728836	15.369685	3.61787509918213
15.385995	0.0673750042915344	15.392234	3.61887526512146
15.408584	0.067500002682209	15.414837	3.62037515640259
15.431162	0.0687500014901161	15.437395	3.62112522125244
15.453709	0.0681250020861626	15.459941	3.62050008773804
15.476273	0.0666250064969063	15.482513	3.61975026130676
15.498839	0.0662500038743019	15.505072	3.61812520027161
15.521392	0.0665000006556511	15.527624	3.61825013160706
15.543949	0.0670000016689301	15.550182	3.61862516403198
15.566517	0.0672500059008598	15.572749	3.61962509155273
15.589068	0.0681250020861626	15.595301	3.62062525749207
15.611623	0.0687500014901161	15.617861	3.62162518501282
15.634181	0.0670000016689301	15.640419	3.62075018882751
15.656749	0.065250001847744	15.662981	3.62025022506714
15.679305	0.0671250000596046	15.685538	3.61862516403198
15.701857	0.0673750042915344	15.708094	3.61825013160706
15.724413	0.0668750032782555	15.73065	3.61862516403198
15.746969	0.0676250010728836	15.753202	3.61950016021729
15.769541	0.0685000047087669	15.775792	3.62087512016296
15.792123	0.0691250041127205	15.798361	3.62150025367737
15.814683	0.0681250020861626	15.820935	3.62112522125244
15.83726	0.0672500059008598	15.843492	3.61962509155273
15.859817	0.0665000006556511	15.866049	3.61862516403198
15.882382	0.0673750042915344	15.88862	3.61850023269653
15.904939	0.0662500038743019	15.911172	3.61937522888184
15.927497	0.0688749998807907	15.93373	3.62012505531311
15.950069	0.0686250030994415	15.956302	3.62125015258789
15.972621	0.0691250041127205	15.978858	3.62150025367737
15.995179	0.0676250010728836	16.001424	3.62050008773804
16.017748	0.0670000016689301	16.02398	3.61887526512146
16.040305	0.0666250064969063	16.046549	3.61850023269653
16.062867	0.0676250010728836	16.069104	3.61862516403198
16.085423	0.0677500069141388	16.091655	3.61912512779236
16.107981	0.0667500048875809	16.114213	3.62012505531311
16.130549	0.0686250030994415	16.136782	3.62150025367737
16.153092	0.0672500059008598	16.159325	3.62087512016296
16.175645	0.0670000016689301	16.181893	3.62087512016296
16.198217	0.0672500059008598	16.20445	3.61900019645691
16.22077	0.0667500048875809	16.227003	3.61875009536743
16.243321	0.0665000006556511	16.249558	3.6183750629425
16.265868	0.0661250054836273	16.272113	3.62000012397766
16.288439	0.0638750046491623	16.294672	3.62062525749207
16.311026	0.0690000057220459	16.317263	3.62150025367737
16.333583	0.0671250000596046	16.339815	3.62112522125244
16.356138	0.0668750032782555	16.362381	3.62050008773804
16.378705	0.0656250044703484	16.384938	3.61987519264221
16.401276	0.0662500038743019	16.407512	3.61887526512146
16.423832	0.0663750022649765	16.430071	3.61850023269653
16.446395	0.0656250044703484	16.452628	3.61975026130676
16.468952	0.0685000047087669	16.475184	3.62087512016296
16.491515	0.0691250041127205	16.497753	3.62150025367737
16.514074	0.0662500038743019	16.520306	3.62100028991699
16.536641	0.067500002682209	16.542874	3.61975026130676
16.559192	0.0672500059008598	16.565427	3.61875009536743
16.581747	0.0661250054836273	16.587991	3.61800026893616
16.604314	0.0681250020861626	16.610547	3.61912512779236
16.626866	0.0651250034570694	16.633098	3.62062525749207
16.649426	0.0690000057220459	16.655659	3.62075018882751
16.672001	0.0682500004768372	16.678238	3.62225008010864
16.694558	0.0673750042915344	16.700791	3.62162518501282
16.717126	0.0671250000596046	16.723358	3.61950016021729
16.739682	0.0662500038743019	16.745915	3.61875009536743
16.762233	0.0661250054836273	16.768471	3.61900019645691
16.784821	0.0677500069141388	16.791055	3.61900019645691
16.807386	0.0668750032782555	16.813618	3.62062525749207
16.829958	0.0693750008940697	16.836191	3.62162518501282
16.852511	0.068000003695488	16.858748	3.62125015258789
16.875069	0.068000003695488	16.881302	3.62150025367737
16.897626	0.0656250044703484	16.903858	3.61925005912781
16.920183	0.0666250064969063	16.926416	3.61862516403198
16.942735	0.068000003695488	16.948972	3.61862516403198
16.965291	0.0678750053048134	16.971524	3.61925005912781
16.987848	0.0676250010728836	16.994081	3.62100028991699
17.010406	0.0691250041127205	17.016639	3.62175011634827
17.032971	0.0685000047087669	17.039208	3.62150025367737
17.055528	0.067500002682209	17.061761	3.62062525749207
17.078086	0.0678750053048134	17.084318	3.61950016021729
17.100636	0.0662500038743019	17.106868	3.61862516403198
17.123188	0.0672500059008598	17.129425	3.61862516403198
17.145735	0.0671250000596046	17.151967	3.61987519264221
17.168292	0.0673750042915344	17.174524	3.62112522125244
17.190856	0.0691250041127205	17.197089	3.62200021743774
17.213407	0.067500002682209	17.219639	3.62162518501282
17.235966	0.0706249997019768	17.242199	3.62012505531311
17.258524	0.0670000016689301	17.264756	3.61937522888184
17.28108	0.0661250054836273	17.287317	3.61862516403198
17.303629	0.0636250004172325	17.309867	3.61925005912781
17.326187	0.0692500025033951	17.33242	3.62025022506714
17.348745	0.0678750053048134	17.354978	3.62137508392334
17.371297	0.069750003516674	17.377534	3.62175011634827
17.393871	0.0665000006556511	17.400128	3.62125015258789
17.416469	0.0676250010728836	17.422704	3.62012505531311
17.439028	0.0678750053048134	17.445261	3.61925005912781
17.46158	0.0673750042915344	17.467819	3.61937522888184
17.484138	0.0672500059008598	17.490376	3.61912512779236
17.506694	0.0667500048875809	17.512927	3.62062525749207
17.52925	0.0690000057220459	17.535483	3.62150025367737
17.551805	0.0673750042915344	17.558042	3.62225008010864
17.574363	0.0672500059008598	17.580597	3.62150025367737
17.59692	0.0648750066757202	17.603153	3.62025022506714
17.619474	0.0667500048875809	17.625706	3.61900019645691
17.642026	0.0678750053048134	17.648259	3.61862516403198
17.664579	0.0671250000596046	17.670812	3.61950016021729
17.687133	0.068000003695488	17.693365	3.62075018882751
17.709685	0.0686250030994415	17.715917	3.62175011634827
17.732241	0.0678750053048134	17.73848	3.62200021743774
17.754812	0.0666250064969063	17.761045	3.62187528610229
17.777396	0.0659999996423721	17.783629	3.61962509155273
17.799956	0.0666250064969063	17.806189	3.61875009536743
17.822516	0.0666250064969063	17.828755	3.61925005912781
17.845076	0.0671250000596046	17.851309	3.62050008773804
17.867633	0.0673750042915344	17.873865	3.62112522125244
17.890189	0.0685000047087669	17.896422	3.62250018119812
17.912741	0.0670000016689301	17.918979	3.62225008010864
17.9353	0.0670000016689301	17.941533	3.62025022506714
17.957871	0.0661250054836273	17.964104	3.62012505531311
17.980422	0.0665000006556511	17.986656	3.61875009536743
18.002975	0.0667500048875809	18.009213	3.61925005912781
18.025533	0.0683750063180923	18.031766	3.62025022506714
18.04809	0.0681250020861626	18.054322	3.62100028991699
18.070646	0.0691250041127205	18.076879	3.62212514877319
18.093198	0.0705000013113022	18.099435	3.62237524986267
18.115755	0.0705000013113022	18.122002	3.62062525749207
18.138327	0.0670000016689301	18.14456	3.61937522888184
18.160892	0.0653750002384186	18.167129	3.61887526512146
18.183448	0.0618750043213367	18.189686	3.61962509155273
18.206006	0.0678750053048134	18.212239	3.62075018882751
18.228564	0.068000003695488	18.234796	3.62125015258789
18.251134	0.0687500014901161	18.257372	3.62250018119812
18.273692	0.0708750039339066	18.27993	3.62175011634827
18.296261	0.0681250020861626	18.302494	3.62062525749207
18.318818	0.0661250054836273	18.325051	3.61950016021729
18.341384	0.0677500069141388	18.347617	3.61875009536743
18.363938	0.0671250000596046	18.370171	3.61937522888184
18.386492	0.068000003695488	18.392724	3.62100028991699
18.409074	0.0691250041127205	18.415303	3.62175011634827
18.431661	0.068000003695488	18.4379	3.62200021743774
18.454221	0.0668750032782555	18.460459	3.62125015258789
18.476777	0.0676250010728836	18.48301	3.62025022506714
18.499342	0.0666250064969063	18.505575	3.61912512779236
18.521898	0.0670000016689301	18.528135	3.61912512779236
18.544453	0.0676250010728836	18.55069	3.62050008773804
18.567009	0.067500002682209	18.573242	3.62137508392334
18.589559	0.0692500025033951	18.595792	3.62125015258789
18.612111	0.0678750053048134	18.618348	3.62225008010864
18.634667	0.0672500059008598	18.640899	3.62137508392334
18.657222	0.0671250000596046	18.663454	3.62025022506714
18.679777	0.0663750022649765	18.68601	3.61937522888184
18.702331	0.0671250000596046	18.708563	3.61925005912781
18.724883	0.0668750032782555	18.731133	3.62087512016296
18.747458	0.0676250010728836	18.75369	3.62137508392334
18.770015	0.0688749998807907	18.776264	3.62200021743774
18.792584	0.0666250064969063	18.798817	3.62250018119812
18.815139	0.0678750053048134	18.821372	3.62100028991699
18.837691	0.0671250000596046	18.843924	3.62025022506714
18.860266	0.0671250000596046	18.866499	3.61925005912781
18.882818	0.0670000016689301	18.889051	3.61912512779236
18.905371	0.0673750042915344	18.911614	3.62062525749207
18.927938	0.0677500069141388	18.934171	3.62162518501282
18.950494	0.0690000057220459	18.956746	3.62237524986267
18.973064	0.0670000016689301	18.979301	3.62200021743774
18.99562	0.0663750022649765	19.001852	3.62062525749207
19.018175	0.0677500069141388	19.024407	3.61987519264221
19.040745	0.0678750053048134	19.046978	3.61962509155273
19.06331	0.0672500059008598	19.069548	3.61987519264221
19.085858	0.0661250054836273	19.092095	3.62087512016296
19.108418	0.0691250041127205	19.114651	3.62250018119812
19.130969	0.0685000047087669	19.137202	3.62225008010864
19.153521	0.0676250010728836	19.159758	3.62175011634827
19.176075	0.0678750053048134	19.182308	3.62100028991699
19.198632	0.0711250007152557	19.204865	3.61925005912781
19.221184	0.0663750022649765	19.227417	3.61950016021729
19.243737	0.0676250010728836	19.249974	3.61987519264221
19.266295	0.0667500048875809	19.272528	3.62112522125244
19.288853	0.0687500014901161	19.295085	3.6230001449585
19.311454	0.0681250020861626	19.317692	3.6230001449585
19.33401	0.0672500059008598	19.340247	3.62175011634827
19.356566	0.0687500014901161	19.362799	3.62062525749207
19.379123	0.0666250064969063	19.38535	3.61950016021729
19.401692	0.0673750042915344	19.407928	3.61950016021729
19.424243	0.0677500069141388	19.430471	3.62050008773804
19.446797	0.0677500069141388	19.45303	3.62187528610229
19.469351	0.0710000023245811	19.475585	3.62262511253357
19.491908	0.0678750053048134	19.498146	3.62287521362305
19.514466	0.0658750012516975	19.520703	3.62137508392334
19.537037	0.0670000016689301	19.54327	3.62087512016296
19.559594	0.0698750019073486	19.565826	3.61962509155273
19.582146	0.068000003695488	19.588383	3.61962509155273
19.604718	0.0670000016689301	19.610951	3.62075018882751
19.62727	0.067500002682209	19.633503	3.62150025367737
19.649829	0.0672500059008598	19.656063	3.62262511253357
19.672381	0.067500002682209	19.678618	3.62262511253357
19.694936	0.0703750029206276	19.701169	3.62125015258789
19.717493	0.0661250054836273	19.723725	3.61975026130676
19.740048	0.0671250000596046	19.746281	3.61950016021729
19.762602	0.068000003695488	19.768834	3.62012505531311
19.785176	0.0671250000596046	19.791422	3.62112522125244
19.807747	0.0681250020861626	19.81398	3.62262511253357
19.8303	0.0687500014901161	19.836553	3.62262511253357
19.852876	0.0668750032782555	19.859109	3.62187528610229
19.875428	0.0668750032782555	19.881661	3.62100028991699
19.89798	0.0667500048875809	19.904212	3.62037515640259
19.92053	0.067500002682209	19.926764	3.61950016021729
