Time_sec1	Voltage_A0TG	Time_sec2	Voltage_A1TG
0	1.07862508296967	0.006237	3.64437508583069
0.022558	1.07887506484985	0.028791	3.64400029182434
0.045115	1.07937502861023	0.051347	3.64375019073486
0.067671	1.07887506484985	0.073908	3.64475011825562
0.090229	1.07987499237061	0.096462	3.64600014686584
0.112802	1.07937502861023	0.119035	3.6467502117157
0.135361	1.07925009727478	0.141588	3.64600014686584
0.157918	1.07925009727478	0.164156	3.64575028419495
0.180475	1.07862508296967	0.186708	3.64425015449524
0.203031	1.07925009727478	0.209264	3.64375019073486
0.225579	1.07850003242493	0.231811	3.64350008964539
0.248154	1.08112502098083	0.254389	3.64500021934509
0.270705	1.07975006103516	0.276973	3.64650011062622
0.293297	1.07887506484985	0.29953	3.64662528038025
0.315855	1.07925009727478	0.322088	3.64625024795532
0.338411	1.07925009727478	0.344644	3.6458752155304
0.360966	1.07912504673004	0.367199	3.64387512207031
0.38352	1.07912504673004	0.389754	3.64362525939941
0.406084	1.07762503623962	0.412317	3.64400029182434
0.428635	1.07850003242493	0.434873	3.64500021934509
0.451193	1.07837510108948	0.457427	3.64612507820129
0.473752	1.07887506484985	0.479984	3.64687514305115
0.496307	1.07875001430511	0.502547	3.64650011062622
0.518865	1.07875001430511	0.525102	3.64475011825562
0.54142	1.07937502861023	0.547653	3.64412522315979
0.563976	1.07787501811981	0.57021	3.64287519454956
0.586556	1.0789999961853	0.592789	3.64437508583069
0.609116	1.0789999961853	0.615357	3.64537525177002
0.63168	1.07700002193451	0.637913	3.64650011062622
0.654238	1.07937502861023	0.66047	3.64687514305115
0.67679	1.07950007915497	0.683027	3.64625024795532
0.699347	1.07887506484985	0.705581	3.64525008201599
0.721901	1.07937502861023	0.728134	3.64400029182434
0.744458	1.07862508296967	0.75069	3.64350008964539
0.767014	1.07950007915497	0.773251	3.64412522315979
0.789585	1.07925009727478	0.795823	3.64600014686584
0.812143	1.078125	0.818376	3.64650011062622
0.834705	1.07875001430511	0.840937	3.64687514305115
0.857256	1.07850003242493	0.863493	3.64575028419495
0.879814	1.07337510585785	0.886051	3.64525008201599
0.902371	1.07925009727478	0.908603	3.64400029182434
0.924928	1.07962501049042	0.93116	3.64400029182434
0.947495	1.08175003528595	0.95374	3.64450025558472
0.970065	1.07887506484985	0.976303	3.64575028419495
0.992638	1.07950007915497	0.998871	3.64637517929077
1.015196	1.07925009727478	1.021423	3.64662528038025
1.037746	1.07925009727478	1.043983	3.64537525177002
1.060302	1.07637500762939	1.066534	3.64437508583069
1.082855	1.078125	1.089088	3.64325022697449
1.105405	1.07875001430511	1.111644	3.64400029182434
1.127965	1.08187508583069	1.134203	3.64550018310547
1.150514	1.0789999961853	1.156755	3.64637517929077
1.173079	1.08312499523163	1.179307	3.64662528038025
1.195647	1.07975006103516	1.201879	3.64662528038025
1.2182	1.0789999961853	1.224438	3.64575028419495
1.240794	1.07850003242493	1.247029	3.64462518692017
1.263355	1.0789999961853	1.269589	3.64337515830994
1.285923	1.07862508296967	1.292156	3.64425015449524
1.308477	1.07787501811981	1.314715	3.64537525177002
1.331034	1.0789999961853	1.337267	3.64612507820129
1.35359	1.08087503910065	1.359823	3.64487528800964
1.376146	1.01212501525879	1.382379	3.62237524986267
1.3987	0.888000071048737	1.404932	3.45637512207031
1.421254	0.76925003528595	1.427487	3.17062520980835
1.443814	0.669250011444092	1.450046	2.82312512397766
1.466365	0.577750027179718	1.472598	2.51525020599365
1.488917	0.501000046730042	1.49515	2.24750018119812
1.511485	0.432250022888184	1.517719	2.05375003814697
1.534044	0.373250007629395	1.540277	1.90412509441376
1.556596	0.315750002861023	1.562837	1.80300009250641
1.579155	0.26350000500679	1.585393	1.7277500629425
1.601712	0.216750010848045	1.607963	1.68025004863739
1.624293	0.173250004649162	1.630526	1.64825010299683
1.646856	0.138750001788139	1.653094	1.63187503814697
1.669419	0.106750003993511	1.675657	1.62475001811981
1.691992	0.0826250016689301	1.698225	1.62262511253357
1.714545	0.0581250041723251	1.720778	1.62200009822845
1.737105	0.0360000021755695	1.743342	1.62025010585785
1.759663	0.0138750011101365	1.7659	1.61887502670288
1.78222	0.00137500010896474	1.788453	1.61437511444092
1.804778	0.0020000000949949	1.81101	1.60950005054474
1.82733	0.002125000115484	1.833568	1.60362505912781
1.849888	0.00175000005401671	1.856126	1.59625005722046
1.872461	0.00500000035390258	1.878694	1.5871250629425
1.895031	0.00262500019744039	1.901264	1.57700002193451
1.917578	0.002125000115484	1.923816	1.56537508964539
1.940137	0.00162500003352761	1.946374	1.55487501621246
1.962694	0.00112500006798655	1.968927	1.54412508010864
1.985242	0.00312500004656613	1.991475	1.53550004959106
2.007807	0.00250000017695129	2.014045	1.52887511253357
2.030364	0.00387500016950071	2.036596	1.5228750705719
2.052936	0.00362500012852252	2.059169	1.51762509346008
2.075493	0.00262500019744039	2.081726	1.51200008392334
2.098059	0.00187500007450581	2.104297	1.5063750743866
2.120611	0.00587500026449561	2.126855	1.50212502479553
2.143171	0.00125000008847564	2.149404	1.49812507629395
2.165729	0.00125000008847564	2.171971	1.49650001525879
2.188291	0.00125000008847564	2.194528	1.49600005149841
2.210847	0.0020000000949949	2.21708	1.49562501907349
2.233409	0.00350000010803342	2.239661	1.49550008773804
2.255991	0.00237500015646219	2.262219	1.49487507343292
2.278532	0.0020000000949949	2.28477	1.49412512779236
2.301091	0.00162500003352761	2.307334	1.49500012397766
2.323659	-0.000500000023748726	2.329891	1.4962500333786
2.346215	0.00237500015646219	2.352458	1.49987506866455
2.368779	0.002125000115484	2.375016	1.50587511062622
2.391336	0.00537500018253922	2.397569	1.51425004005432
2.413893	0.00350000010803342	2.420125	1.52300012111664
2.436465	0.0020000000949949	2.442698	1.53412508964539
2.459024	0.00187500007450581	2.465257	1.54762506484985
2.481578	0.000750000006519258	2.487811	1.56487512588501
2.504133	0.000875000027008355	2.510366	1.58525002002716
2.526693	0.00187500007450581	2.532945	1.61325001716614
2.549265	0.00162500003352761	2.555498	1.6487500667572
2.571818	0.00412499997764826	2.57805	1.69900012016296
2.59439	0.00300000002607703	2.600622	1.76025009155273
2.616967	0.00175000005401671	2.623205	1.84125006198883
2.639528	0.00125000008847564	2.645766	1.93075013160706
2.662085	0	2.668319	2.0301251411438
2.684643	0.0022500001359731	2.690876	2.12275004386902
2.707196	0.000750000006519258	2.713433	2.21187520027161
2.729752	0.00275000021792948	2.73599	2.28537511825562
2.752309	0.00437500001862645	2.758542	2.3490002155304
2.77487	0.00362500012852252	2.781102	2.39912509918213
2.797424	0.00150000001303852	2.803662	2.44112515449524
2.819981	0.000125000005937181	2.826218	2.47450017929077
2.84255	0.000500000023748726	2.848782	2.50375008583069
2.865106	0.000625000044237822	2.871338	2.52775001525879
2.887657	0.000875000027008355	2.893894	2.54962515830994
2.910213	0.00250000017695129	2.916462	2.56937503814697
2.932782	0.00525000039488077	2.939014	2.58412504196167
2.955337	0.002125000115484	2.961569	2.59662508964539
2.977891	0.00100000004749745	2.984128	2.60700011253357
3.000447	0.00100000004749745	3.00668	2.61675024032593
3.023008	0.00100000004749745	3.029241	2.62437510490417
3.045566	0.0020000000949949	3.051799	2.63337516784668
3.068119	0.000500000023748726	3.074357	2.6412501335144
3.090676	0.00237500015646219	3.096909	2.64837503433228
3.113237	0.00387500016950071	3.119469	2.65287518501282
3.135793	0.00237500015646219	3.142026	2.65562510490417
3.158346	0.00137500010896474	3.164583	2.65850019454956
3.180913	0.000875000027008355	3.187155	2.65962505340576
3.203474	0.000750000006519258	3.209707	2.66025018692017
3.226033	0.0020000000949949	3.232265	2.66212511062622
3.2486	0.00412499997764826	3.254833	2.66450023651123
3.271166	0.00362500012852252	3.277404	2.66675019264221
3.293732	0.00325000006705523	3.299964	2.66725015640259
3.316288	0.00125000008847564	3.322521	2.66687512397766
3.338841	0.000375000003259629	3.345078	2.66725015640259
3.361397	0.000500000023748726	3.36763	2.66850018501282
3.383959	0.000750000006519258	3.390191	2.66925001144409
3.40651	0.000250000011874363	3.412746	2.68012523651123
3.429068	0.00175000005401671	3.435305	2.68200016021729
3.451625	0.004250000230968	3.457857	2.68750023841858
3.474182	0.004250000230968	3.480414	2.694500207901
3.49674	0.00475000031292439	3.502977	2.70250010490417
3.519296	0.00462500005960464	3.525533	2.71200013160706
3.541851	0.00662500038743019	3.548091	2.72362518310547
3.564415	0.00750000029802322	3.570648	2.73712515830994
3.586973	0.0101250000298023	3.593207	2.75337505340576
3.609541	0.0123750008642673	3.615781	2.76987504959106
3.632105	0.0132500007748604	3.638343	2.7865002155304
3.654664	0.0133750010281801	3.660896	2.803875207901
3.677228	0.0130000002682209	3.683461	2.81937503814697
3.699781	0.0143750002607703	3.706013	2.83687520027161
3.72235	0.0153750004246831	3.728583	2.85450005531311
3.744908	0.017000000923872	3.751141	2.87412524223328
3.767477	0.0172500014305115	3.773715	2.89337515830994
3.790033	0.0187500007450581	3.796266	2.91362524032593
3.812587	0.0226250011473894	3.81882	2.93300008773804
3.835144	0.0198750011622906	3.841376	2.95212507247925
3.857717	0.0207500010728836	3.863955	2.96875023841858
3.880275	0.0216250009834766	3.886507	2.98600006103516
3.902851	0.0247500017285347	3.909095	3.00225019454956
3.925423	0.0235000010579824	3.931656	3.02037525177002
3.948002	0.025500001385808	3.95424	3.03712511062622
3.970559	0.0253750011324883	3.976792	3.05437517166138
3.993118	0.0293750017881393	3.99935	3.069500207901
4.015675	0.026375001296401	4.021907	3.08300018310547
4.038215	0.0276250019669533	4.044452	3.09537506103516
4.060762	0.0282500013709068	4.066995	3.10712504386902
4.083319	0.0300000011920929	4.089552	3.11800003051758
4.105876	0.0301250014454126	4.112115	3.13037514686584
4.128436	0.0315000005066395	4.134674	3.14137506484985
4.150992	0.0328750014305115	4.157226	3.15262508392334
4.173549	0.0346250012516975	4.179782	3.16225004196167
4.196106	0.0336250029504299	4.202354	3.17025017738342
4.218664	0.0333750024437904	4.224903	3.1771252155304
4.241271	0.0350000001490116	4.247547	3.18337512016296
4.263866	0.0375000014901161	4.270093	3.19100022315979
4.286415	0.0381250008940697	4.292649	3.19825005531311
4.308974	0.0367499999701977	4.315211	3.20662522315979
4.331549	0.0396250002086163	4.337782	3.21325016021729
4.35421	0.0378750003874302	4.36047	3.21875023841858
4.376797	0.0378750003874302	4.383031	3.22312521934509
4.399354	0.0377500019967556	4.405587	3.2277500629425
4.42191	0.0382500030100346	4.428143	3.2323751449585
4.444468	0.0391250029206276	4.4507	3.23825025558472
4.467019	0.0395000018179417	4.473257	3.24325013160706
4.489577	0.0415000021457672	4.495814	3.24962520599365
4.51214	0.0433750003576279	4.518373	3.25475025177002
4.534697	0.0415000021457672	4.540929	3.25950026512146
4.557252	0.0418750010430813	4.563489	3.2636251449585
4.579809	0.0410000011324883	4.586046	3.26712512969971
4.602367	0.0422500036656857	4.608617	3.27150011062622
4.624948	0.0441250018775463	4.631181	3.27687525749207
4.647514	0.0420000031590462	4.653752	3.28287506103516
4.670072	0.0455000028014183	4.676309	3.2885000705719
4.69263	0.0470000021159649	4.698869	3.29387521743774
4.715198	0.0463750027120113	4.721431	3.29850006103516
4.737793	0.0443750023841858	4.744026	3.30250024795532
4.76035	0.0445000007748604	4.766584	3.30625009536743
4.782905	0.0445000007748604	4.789138	3.31087517738342
4.805457	0.0471250005066395	4.811689	3.31662511825562
4.828014	0.0462500005960464	4.834251	3.32312512397766
4.85057	0.0515000037848949	4.856802	3.32900023460388
4.873127	0.0493750013411045	4.87936	3.33387517929077
4.895685	0.0477500036358833	4.901917	3.33912515640259
4.918213	0.0478750020265579	4.92445	3.3417501449585
4.94077	0.0467500016093254	4.947002	3.34662508964539
4.963327	0.0490000024437904	4.96956	3.35150027275085
4.985885	0.0486250035464764	4.992118	3.35712504386902
5.008437	0.0495000034570694	5.014675	3.36362504959106
5.03101	0.0508750006556511	5.037243	3.36900019645691
5.053559	0.0508750006556511	5.059808	3.3745002746582
5.076139	0.0521250031888485	5.082373	3.37825012207031
5.098692	0.0521250031888485	5.104924	3.38150024414062
5.121267	0.049625001847744	5.127524	3.38587522506714
5.14385	0.050500001758337	5.150082	3.39025020599365
5.166406	0.0537500008940697	5.172639	3.39562511444092
5.188958	0.0521250031888485	5.195195	3.40150022506714
5.211519	0.052375003695488	5.217753	3.40662527084351
5.234092	0.0511250011622906	5.240355	3.41100025177002
5.256703	0.0506250038743019	5.262976	3.41337513923645
5.279315	0.0515000037848949	5.285553	3.41712522506714
5.301874	0.0511250011622906	5.308108	3.42012524604797
5.324433	0.0512500032782555	5.330666	3.42512512207031
5.346987	0.0522500015795231	5.353224	3.43025016784668
5.369544	0.053250003606081	5.375782	3.43512511253357
5.3921	0.0545000024139881	5.398333	3.43962526321411
5.414655	0.0535000041127205	5.420888	3.44312524795532
5.437235	0.0535000041127205	5.443472	3.44550013542175
5.459808	0.0531250014901161	5.466045	3.44862508773804
5.482365	0.0567500032484531	5.488598	3.45212507247925
5.504925	0.0540000014007092	5.511157	3.45562505722046
5.527475	0.0522500015795231	5.533713	3.46062517166138
5.550032	0.0558750033378601	5.556269	3.46500015258789
5.572587	0.0561250038444996	5.57882	3.46887516975403
5.595142	0.0548750013113022	5.601374	3.47162508964539
5.617725	0.0542500019073486	5.623964	3.47362518310547
5.640302	0.0545000024139881	5.646555	3.4760000705719
5.662875	0.0561250038444996	5.669102	3.47875022888184
5.685428	0.0551250018179417	5.691661	3.48225021362305
5.708	0.0551250018179417	5.714238	3.48650026321411
5.730557	0.0571250021457672	5.736789	3.49112510681152
5.753112	0.0563750043511391	5.759345	3.49450016021729
5.775669	0.0581250041723251	5.781901	3.49662518501282
5.798222	0.0551250018179417	5.80446	3.49812507629395
5.820778	0.0545000024139881	5.827012	3.50050020217896
5.843332	0.0553750023245811	5.849565	3.50262522697449
5.865884	0.0557500012218952	5.872116	3.50625014305115
5.888436	0.0552500039339066	5.894673	3.50987505912781
5.910994	0.0575000010430813	5.917227	3.51375007629395
5.933547	0.0562500022351742	5.93978	3.51600027084351
5.956098	0.0557500012218952	5.96233	3.51637506484985
5.978649	0.0575000010430813	5.984881	3.51875019073486
6.001215	0.0557500012218952	6.007447	3.52000021934509
6.023766	0.0570000037550926	6.029998	3.52250027656555
6.046323	0.055500004440546	6.052555	3.52637505531311
6.068873	0.0577500015497208	6.075105	3.5292501449585
6.091422	0.0583750009536743	6.097655	3.53287506103516
6.113993	0.0567500032484531	6.120226	3.53425025939941
6.136561	0.0546250008046627	6.142788	3.53487515449524
6.159107	0.0561250038444996	6.165344	3.53600025177002
6.181665	0.0572500042617321	6.187898	3.53637528419495
6.204222	0.0571250021457672	6.210454	3.53887510299683
6.226773	0.0570000037550926	6.23301	3.54150009155273
6.249346	0.0577500015497208	6.25558	3.54425024986267
6.271897	0.0590000040829182	6.278131	3.54700016975403
6.294456	0.0570000037550926	6.300683	3.54825019836426
6.317006	0.0565000027418137	6.323244	3.54850006103516
6.339564	0.0586250014603138	6.345802	3.54912519454956
6.362122	0.0560000017285347	6.36836	3.55025005340576
6.384697	0.0580000020563602	6.39093	3.55187511444092
6.407252	0.0568750016391277	6.413484	3.55450010299683
6.429806	0.0586250014603138	6.436043	3.55650019645691
6.452362	0.0605000033974648	6.458596	3.55912518501282
6.474921	0.0576250031590462	6.481154	3.55912518501282
6.497474	0.0583750009536743	6.503711	3.55950021743774
6.520031	0.0582500025629997	6.526268	3.55900025367737
6.542587	0.0591250024735928	6.548819	3.5602502822876
6.565145	0.0591250024735928	6.571378	3.5622501373291
6.587715	0.0586250014603138	6.593952	3.56462526321411
6.61029	0.0613750033080578	6.616524	3.56662511825562
6.632847	0.0592500045895576	6.63908	3.56812524795532
6.655404	0.0585000030696392	6.661637	3.56750011444092
6.677956	0.0585000030696392	6.684188	3.56800007820129
6.700507	0.0581250041723251	6.70674	3.56675028800964
6.723063	0.0576250031590462	6.729296	3.5688750743866
6.74562	0.0595000013709068	6.751853	3.5703752040863
6.76821	0.0601250045001507	6.774447	3.57212519645691
6.790765	0.0618750043213367	6.796998	3.57425022125244
6.813322	0.0598750039935112	6.819554	3.57475018501282
6.835877	0.0586250014603138	6.84211	3.57425022125244
6.858429	0.0586250014603138	6.864666	3.57425022125244
6.880991	0.0592500045895576	6.887228	3.57400012016296
6.903552	0.0592500045895576	6.909784	3.57437515258789
6.926107	0.0586250014603138	6.93235	3.57650017738342
6.948672	0.0607500039041042	6.954904	3.5778751373291
6.971225	0.0615000016987324	6.977458	3.57962512969971
6.993782	0.0605000033974648	7.000014	3.58025026321411
7.016336	0.0596250034868717	7.022569	3.57975006103516
7.038889	0.0585000030696392	7.045122	3.57937526702881
7.061441	0.0597500018775463	7.067674	3.5787501335144
7.083992	0.0597500018775463	7.090224	3.57962512969971
7.10656	0.0583750009536743	7.112793	3.58137512207031
7.129112	0.0608750022947788	7.135344	3.58375024795532
7.151665	0.0611250028014183	7.157898	3.58412528038025
7.174221	0.0591250024735928	7.180454	3.58400011062622
7.196773	0.0603750012814999	7.203011	3.58375024795532
7.21933	0.0571250021457672	7.225567	3.58287525177002
7.24201	0.0596250034868717	7.248298	3.58262515068054
7.264676	0.0601250045001507	7.270918	3.58412528038025
7.287287	0.0595000013709068	7.293551	3.58562517166138
7.309996	0.0611250028014183	7.316285	3.5871250629425
7.332696	0.0617500022053719	7.338987	3.58775019645691
7.35539	0.0593750029802322	7.361642	3.58725023269653
7.378041	0.0607500039041042	7.384299	3.58637523651123
7.400745	0.0592500045895576	7.407046	3.58575010299683
7.423453	0.0592500045895576	7.429735	3.58637523651123
7.446145	0.0591250024735928	7.452422	3.58787512779236
7.468821	0.0610000044107437	7.4751	3.58937525749207
7.491519	0.0622500032186508	7.497777	3.59037518501282
7.514138	0.0597500018775463	7.520407	3.59062528610229
7.53685	0.0606250017881393	7.543148	3.58975005149841
7.55962	0.0596250034868717	7.565897	3.58900022506714
7.582292	0.0611250028014183	7.588532	3.58912515640259
7.604947	0.0610000044107437	7.611263	3.58975005149841
7.627842	0.0607500039041042	7.634136	3.5917501449585
7.650545	0.0620000027120113	7.656871	3.5932502746582
7.673282	0.0605000033974648	7.679568	3.59337520599365
7.695978	0.0605000033974648	7.702223	3.5923752784729
7.718558	0.0602500028908253	7.724816	3.59137511253357
7.7413	0.0590000040829182	7.747714	3.59087514877319
7.764117	0.0612500011920929	7.770375	3.59187507629395
7.786761	0.0606250017881393	7.793029	3.59337520599365
7.809496	0.0623750016093254	7.815795	3.59500026702881
7.832165	0.0626250058412552	7.838406	3.59537506103516
7.854839	0.0605000033974648	7.861131	3.59512519836426
7.877551	0.0638750046491623	7.883839	3.59400010108948
7.900308	0.0597500018775463	7.906635	3.59312510490417
7.923075	0.0601250045001507	7.929365	3.59337520599365
7.945778	0.0610000044107437	7.952201	3.59525012969971
7.968633	0.0613750033080578	7.974941	3.59650015830994
7.99139	0.0631249994039536	7.997759	3.59800028800964
8.014263	0.0607500039041042	8.020536	3.59762525558472
8.037011	0.0603750012814999	8.043301	3.59637522697449
8.059677	0.0582500025629997	8.065937	3.59550023078918
8.082402	0.0615000016987324	8.088707	3.59550023078918
8.10513	0.0588750019669533	8.111452	3.59687519073486
8.127873	0.0612500011920929	8.13411	3.59837508201599
8.150435	0.0628750026226044	8.156669	3.59912514686584
8.17306	0.0615000016987324	8.1793	3.5990002155304
8.19566	0.0621250011026859	8.201888	3.59937524795532
8.218233	0.0612500011920929	8.224465	3.59737515449524
8.240826	0.0611250028014183	8.247063	3.59725022315979
8.26339	0.0605000033974648	8.269618	3.59762525558472
8.285946	0.0616250038146973	8.292179	3.59887528419495
8.308501	0.0613750033080578	8.314738	3.60037517547607
8.331057	0.0627500042319298	8.33729	3.60150027275085
8.353614	0.0613750033080578	8.359846	3.60150027275085
8.37617	0.0611250028014183	8.382398	3.60037517547607
8.398738	0.0600000023841858	8.404975	3.59950017929077
8.421296	0.0601250045001507	8.42753	3.59912514686584
8.443857	0.0602500028908253	8.450089	3.5998752117157
8.466409	0.0610000044107437	8.472643	3.600750207901
8.488963	0.0626250058412552	8.495201	3.60225009918213
8.511519	0.0648750066757202	8.517752	3.60287523269653
8.534077	0.0612500011920929	8.54031	3.60337519645691
8.55665	0.0611250028014183	8.562883	3.60175013542175
8.579219	0.0610000044107437	8.585456	3.600750207901
8.601775	0.0612500011920929	8.60802	3.60050010681152
8.624358	0.0602500028908253	8.630591	3.6016252040863
8.646911	0.0582500025629997	8.653149	3.60325026512146
8.669469	0.0615000016987324	8.675707	3.60400009155273
8.692025	0.0627500042319298	8.698258	3.60450005531311
8.714582	0.0612500011920929	8.720815	3.60437512397766
8.737138	0.0611250028014183	8.743375	3.60350012779236
8.759695	0.0607500039041042	8.765928	3.60237526893616
8.782264	0.0645000040531158	8.788497	3.60237526893616
8.804822	0.0615000016987324	8.81106	3.60362505912781
8.82738	0.0612500011920929	8.833617	3.60500025749207
8.849937	0.0636250004172325	8.856174	3.60612511634827
8.872495	0.0622500032186508	8.878727	3.60637521743774
8.895052	0.0618750043213367	8.901284	3.60550022125244
8.917607	0.0612500011920929	8.923844	3.60437512397766
8.940163	0.0595000013709068	8.9464	3.60387516021729
8.962719	0.0606250017881393	8.968952	3.60387516021729
8.985289	0.0616250038146973	8.991522	3.60500025749207
9.007837	0.0615000016987324	9.014069	3.60662508010864
9.030391	0.0610000044107437	9.036624	3.60750007629395
9.052949	0.0605000033974648	9.059181	3.6073751449585
9.075506	0.0618750043213367	9.081738	3.60700011253357
9.098057	0.0601250045001507	9.104295	3.60562515258789
9.120614	0.0616250038146973	9.126847	3.60562515258789
9.14317	0.0603750012814999	9.149404	3.60562515258789
9.165732	0.0613750033080578	9.171974	3.6073751449585
9.188303	0.063000001013279	9.194542	3.60812520980835
9.210863	0.0626250058412552	9.217096	3.60900020599365
9.233419	0.0615000016987324	9.239652	3.60925006866455
9.255973	0.0611250028014183	9.262233	3.60762524604797
9.278564	0.0608750022947788	9.284797	3.60700011253357
9.301122	0.0608750022947788	9.307355	3.60625028610229
9.323702	0.0621250011026859	9.329934	3.60700011253357
9.34626	0.0612500011920929	9.352493	3.60862517356873
9.368813	0.0620000027120113	9.375051	3.60950016975403
9.39137	0.0625	9.397606	3.61012506484985
9.41393	0.0618750043213367	9.420157	3.6100001335144
9.436489	0.0613750033080578	9.442722	3.60862517356873
9.459042	0.0620000027120113	9.46528	3.60812520980835
9.481599	0.0602500028908253	9.487832	3.60725021362305
9.504157	0.063000001013279	9.51039	3.60850024223328
9.526721	0.0615000016987324	9.532954	3.61012506484985
9.549276	0.0626250058412552	9.555514	3.61087512969971
9.571834	0.0632500052452087	9.578068	3.61175012588501
9.594393	0.0625	9.600626	3.61087512969971
9.61697	0.0620000027120113	9.623209	3.60950016975403
9.63953	0.0623750016093254	9.645768	3.60875010490417
9.662088	0.0620000027120113	9.668321	3.60850024223328
9.684645	0.0613750033080578	9.690882	3.60962510108948
9.707228	0.0600000023841858	9.713465	3.61112523078918
9.729785	0.0636250004172325	9.736022	3.61212515830994
9.752351	0.0621250011026859	9.758583	3.61237525939941
9.774909	0.0607500039041042	9.781141	3.61087512969971
9.797461	0.0616250038146973	9.803698	3.61050009727478
9.820017	0.0603750012814999	9.82625	3.6100001335144
9.842569	0.0610000044107437	9.848802	3.60962510108948
9.865126	0.0617500022053719	9.871359	3.61112523078918
9.887679	0.0636250004172325	9.893917	3.61187505722046
9.910248	0.0631249994039536	9.916481	3.61387515068054
9.9328	0.0616250038146973	9.939032	3.61300015449524
9.955358	0.0621250011026859	9.96159	3.61250019073486
9.977909	0.0621250011026859	9.984147	3.61087512969971
10.000468	0.0615000016987324	10.006701	3.61025023460388
10.023025	0.0610000044107437	10.029258	3.61075019836426
10.045582	0.0617500022053719	10.051814	3.61275005340576
10.068133	0.0628750026226044	10.074371	3.61337518692017
10.09069	0.0636250004172325	10.096937	3.61387515068054
10.113266	0.0613750033080578	10.119498	3.61450028419495
10.135822	0.0615000016987324	10.142061	3.61275005340576
10.158383	0.0556250028312206	10.164621	3.61200022697449
10.180939	0.0611250028014183	10.187171	3.61112523078918
10.203496	0.0606250017881393	10.209728	3.61137509346008
10.226044	0.0613750033080578	10.232276	3.61325025558472
10.248611	0.0622500032186508	10.254844	3.61450028419495
10.271157	0.0635000020265579	10.27739	3.61537528038025
10.293713	0.0618750043213367	10.299947	3.61475014686584
10.316271	0.065250001847744	10.3225	3.61362528800964
10.338821	0.0607500039041042	10.345053	3.61225008964539
10.361376	0.0601250045001507	10.367609	3.61212515830994
10.38393	0.0616250038146973	10.390163	3.61237525939941
10.406483	0.0575000010430813	10.412716	3.61387515068054
10.429035	0.0631249994039536	10.435268	3.61512517929077
10.451604	0.0622500032186508	10.457832	3.61537528038025
10.474162	0.0616250038146973	10.480394	3.61537528038025
10.496716	0.0605000033974648	10.502954	3.61412525177002
10.519274	0.0602500028908253	10.525511	3.61287522315979
10.541822	0.0616250038146973	10.54806	3.61300015449524
10.564386	0.0615000016987324	10.570619	3.61362528800964
10.586939	0.063000001013279	10.593176	3.61512517929077
10.609513	0.063000001013279	10.615757	3.61625027656555
10.632083	0.0608750022947788	10.638316	3.6166250705719
10.654656	0.0611250028014183	10.660889	3.61525011062622
10.677224	0.0608750022947788	10.683462	3.6146252155304
10.699783	0.0622500032186508	10.706021	3.61337518692017
10.722352	0.0607500039041042	10.728586	3.61375021934509
10.74491	0.0603750012814999	10.751143	3.6146252155304
10.767461	0.0616250038146973	10.773699	3.61612510681152
10.790018	0.0633750036358833	10.796255	3.61675024032593
10.812575	0.0616250038146973	10.818808	3.61712527275085
10.835133	0.0621250011026859	10.841366	3.61587524414062
10.85771	0.0613750033080578	10.863947	3.61500024795532
10.880267	0.0616250038146973	10.8865	3.61400008201599
10.902836	0.0617500022053719	10.909068	3.61425018310547
10.925392	0.0611250028014183	10.931624	3.61625027656555
10.947943	0.0617500022053719	10.954181	3.6166250705719
10.9705	0.0642499998211861	10.976737	3.61762523651123
10.99306	0.0616250038146973	10.999292	3.61825013160706
11.015617	0.0612500011920929	11.021849	3.616375207901
11.038204	0.0613750033080578	11.044441	3.61500024795532
11.06076	0.0620000027120113	11.066994	3.6146252155304
11.083319	0.0611250028014183	11.089551	3.61525011062622
11.105876	0.0617500022053719	11.112108	3.61612510681152
11.128429	0.063000001013279	11.134667	3.6183750629425
11.150986	0.0671250000596046	11.157223	3.61825013160706
11.173547	0.0612500011920929	11.179779	3.61737513542175
11.196103	0.0621250011026859	11.202348	3.61625027656555
11.218667	0.0600000023841858	11.224904	3.61537528038025
11.241269	0.0611250028014183	11.247547	3.6155002117157
11.263896	0.0618750043213367	11.270131	3.61612510681152
11.286468	0.0608750022947788	11.292701	3.61712527275085
11.309028	0.0637500062584877	11.315265	3.61800026893616
11.331585	0.0621250011026859	11.337818	3.6183750629425
11.354144	0.0611250028014183	11.360377	3.61775016784668
11.376696	0.0615000016987324	11.382934	3.61687517166138
11.399253	0.0607500039041042	11.405491	3.61587524414062
11.421809	0.0617500022053719	11.428042	3.61562514305115
11.44437	0.0613750033080578	11.450605	3.6172502040863
11.466949	0.0621250011026859	11.473182	3.61775016784668
11.489506	0.0640000030398369	11.495744	3.61862516403198
11.512067	0.0631249994039536	11.518306	3.61900019645691
11.534629	0.0613750033080578	11.540862	3.61800026893616
11.557183	0.0611250028014183	11.563416	3.6166250705719
11.579727	0.0616250038146973	11.585965	3.61600017547607
11.602291	0.0617500022053719	11.608543	3.61587524414062
11.624874	0.0612500011920929	11.631107	3.61737513542175
11.647439	0.0618750043213367	11.653677	3.61900019645691
11.669997	0.0628750026226044	11.676235	3.61950016021729
11.692556	0.0627500042319298	11.698788	3.61900019645691
11.715113	0.0661250054836273	11.721345	3.61850023269653
11.737665	0.0615000016987324	11.743902	3.61675024032593
11.760222	0.0606250017881393	11.766459	3.61650013923645
11.782782	0.0618750043213367	11.789015	3.616375207901
11.805341	0.0617500022053719	11.811573	3.61800026893616
11.827895	0.0635000020265579	11.834133	3.61912512779236
11.850453	0.0646250024437904	11.856685	3.62012505531311
11.873011	0.0618750043213367	11.879244	3.61925005912781
11.895567	0.0622500032186508	11.9018	3.61825013160706
11.91812	0.0620000027120113	11.924358	3.61700010299683
11.940678	0.0617500022053719	11.946911	3.61687517166138
11.963239	0.0616250038146973	11.969471	3.61700010299683
11.985808	0.0618750043213367	11.992041	3.61850023269653
12.00836	0.0635000020265579	12.014598	3.62025022506714
12.030918	0.0626250058412552	12.037151	3.62012505531311
12.053476	0.0615000016987324	12.059708	3.61962509155273
12.076032	0.0615000016987324	12.082265	3.61887526512146
12.098584	0.0612500011920929	12.104821	3.61737513542175
12.121144	0.0617500022053719	12.127377	3.61687517166138
12.143703	0.0623750016093254	12.149935	3.61812520027161
12.166261	0.0618750043213367	12.172494	3.61912512779236
12.188814	0.0641250014305115	12.195051	3.62062525749207
12.21137	0.0628750026226044	12.2176	3.62075018882751
12.23392	0.0618750043213367	12.240172	3.61975026130676
12.256502	0.0613750033080578	12.262748	3.61787509918213
12.279077	0.0615000016987324	12.285315	3.61775016784668
12.301635	0.0611250028014183	12.307868	3.61812520027161
12.324192	0.0617500022053719	12.330424	3.61862516403198
12.346749	0.0616250038146973	12.352987	3.61937522888184
12.369328	0.0625	12.375566	3.62012505531311
12.391886	0.0626250058412552	12.398119	3.62062525749207
12.414446	0.0615000016987324	12.420679	3.61987519264221
12.436999	0.0617500022053719	12.443236	3.61812520027161
12.459548	0.0610000044107437	12.465791	3.61787509918213
12.482122	0.0615000016987324	12.488355	3.61787509918213
12.504679	0.0615000016987324	12.510911	3.61875009536743
12.527231	0.0635000020265579	12.533468	3.62012505531311
12.549796	0.0636250004172325	12.556035	3.62062525749207
12.572359	0.0626250058412552	12.578592	3.62025022506714
12.594918	0.063000001013279	12.601151	3.62000012397766
12.617491	0.0635000020265579	12.62373	3.61887526512146
12.640057	0.0613750033080578	12.64629	3.61812520027161
12.662613	0.0617500022053719	12.668845	3.61825013160706
12.685164	0.0615000016987324	12.691397	3.61937522888184
12.707726	0.067500002682209	12.713964	3.62087512016296
12.730299	0.0645000040531158	12.736532	3.62125015258789
12.752852	0.0662500038743019	12.759084	3.62100028991699
12.775411	0.0631249994039536	12.781643	3.62012505531311
12.797964	0.0626250058412552	12.804201	3.61900019645691
12.820521	0.0618750043213367	12.826754	3.61900019645691
12.843078	0.0617500022053719	12.84931	3.61887526512146
12.865633	0.0628750026226044	12.871865	3.62062525749207
12.888206	0.0636250004172325	12.894443	3.62100028991699
12.910762	0.0642499998211861	12.916995	3.62150025367737
12.933322	0.0618750043213367	12.93955	3.62125015258789
12.955893	0.0623750016093254	12.962127	3.61950016021729
12.978457	0.0648750066757202	12.984695	3.61912512779236
13.001015	0.0611250028014183	13.007248	3.61800026893616
13.023575	0.0638750046491623	13.029807	3.61900019645691
13.046133	0.0613750033080578	13.052366	3.62025022506714
13.068685	0.0645000040531158	13.074922	3.62150025367737
13.091241	0.0627500042319298	13.097473	3.62162518501282
13.113803	0.0618750043213367	13.120035	3.62125015258789
13.13636	0.0612500011920929	13.142593	3.61900019645691
13.158916	0.0610000044107437	13.165154	3.61887526512146
13.181473	0.0613750033080578	13.187715	3.6183750629425
13.204039	0.0613750033080578	13.210272	3.61937522888184
13.226591	0.0615000016987324	13.232837	3.62075018882751
13.249175	0.0638750046491623	13.255409	3.62137508392334
13.271758	0.0617500022053719	13.278041	3.62162518501282
13.29437	0.0626250058412552	13.300603	3.62087512016296
13.316944	0.0610000044107437	13.323181	3.61937522888184
13.339492	0.0580000020563602	13.345725	3.61850023269653
13.36207	0.0618750043213367	13.368304	3.61912512779236
13.384629	0.0617500022053719	13.390862	3.62062525749207
13.407182	0.0635000020265579	13.41342	3.62112522125244
13.429739	0.0638750046491623	13.435976	3.62112522125244
13.452295	0.0621250011026859	13.458528	3.62200021743774
13.474852	0.0617500022053719	13.481084	3.62037515640259
13.497408	0.0623750016093254	13.503646	3.61950016021729
13.519986	0.0620000027120113	13.526224	3.61887526512146
13.542555	0.0616250038146973	13.548787	3.61912512779236
13.565113	0.0620000027120113	13.571346	3.62050008773804
13.587661	0.0632500052452087	13.593898	3.62150025367737
13.610249	0.0636250004172325	13.616483	3.62237524986267
13.632804	0.0617500022053719	13.639036	3.62200021743774
13.65536	0.0613750033080578	13.661588	3.62062525749207
13.67791	0.0611250028014183	13.684147	3.61975026130676
13.700466	0.0610000044107437	13.706699	3.61925005912781
13.723023	0.0621250011026859	13.729256	3.61937522888184
13.745577	0.065250001847744	13.75181	3.62112522125244
13.768133	0.0627500042319298	13.774371	3.62200021743774
13.790691	0.0640000030398369	13.796938	3.62237524986267
13.813258	0.0613750033080578	13.819491	3.62225008010864
13.835812	0.0618750043213367	13.842062	3.62037515640259
13.858381	0.0602500028908253	13.864614	3.61987519264221
13.880951	0.0621250011026859	13.887184	3.61925005912781
13.903502	0.0617500022053719	13.909734	3.61962509155273
13.926061	0.0622500032186508	13.932293	3.62112522125244
13.948613	0.0637500062584877	13.954851	3.62237524986267
13.971171	0.0623750016093254	13.977424	3.62262511253357
13.993748	0.0623750016093254	13.999981	3.62162518501282
14.016306	0.0603750012814999	14.022546	3.62050008773804
14.038865	0.0610000044107437	14.045102	3.61975026130676
14.061423	0.0606250017881393	14.067656	3.62000012397766
14.08398	0.0585000030696392	14.090213	3.62000012397766
14.106539	0.0606250017881393	14.112772	3.62187528610229
14.129091	0.0633750036358833	14.135329	3.62225008010864
14.151652	0.0642499998211861	14.157885	3.62262511253357
14.17421	0.0618750043213367	14.180442	3.62112522125244
14.196761	0.0593750029802322	14.202998	3.62050008773804
14.219308	0.0607500039041042	14.225541	3.61975026130676
14.24191	0.0575000010430813	14.248146	3.61975026130676
14.264471	0.0628750026226044	14.270699	3.62075018882751
14.287028	0.0628750026226044	14.293265	3.62200021743774
14.309595	0.0632500052452087	14.315833	3.62200021743774
14.332152	0.063000001013279	14.338385	3.62262511253357
14.354712	0.0617500022053719	14.360944	3.62100028991699
14.377264	0.0605000033974648	14.383502	3.62025022506714
14.399821	0.0607500039041042	14.406059	3.61950016021729
14.422378	0.0598750039935112	14.428611	3.61987519264221
14.444939	0.0623750016093254	14.451171	3.62112522125244
14.467527	0.0613750033080578	14.473764	3.62237524986267
14.490085	0.0632500052452087	14.496322	3.62312507629395
14.512643	0.0621250011026859	14.518877	3.62237524986267
14.535196	0.0626250058412552	14.541428	3.62087512016296
14.557748	0.0605000033974648	14.563986	3.62050008773804
14.580306	0.0611250028014183	14.586556	3.62012505531311
14.602876	0.0625	14.609126	3.62087512016296
14.625452	0.0618750043213367	14.631686	3.62150025367737
14.648024	0.0632500052452087	14.654262	3.62287521362305
14.67058	0.0627500042319298	14.676837	3.6230001449585
14.693162	0.0638750046491623	14.69939	3.6227502822876
14.715718	0.0620000027120113	14.721971	3.62112522125244
14.738292	0.0606250017881393	14.744529	3.61950016021729
14.760849	0.0616250038146973	14.767083	3.61987519264221
14.783402	0.0617500022053719	14.789635	3.62087512016296
14.805958	0.0612500011920929	14.812191	3.62187528610229
14.82851	0.0637500062584877	14.834747	3.62287521362305
14.851075	0.0627500042319298	14.857328	3.6230001449585
14.873656	0.0625	14.879889	3.62162518501282
14.896215	0.0621250011026859	14.902463	3.62087512016296
14.918783	0.0616250038146973	14.925016	3.61962509155273
14.941338	0.0665000006556511	14.947571	3.62012505531311
14.963894	0.0617500022053719	14.970126	3.62112522125244
14.986461	0.0616250038146973	14.992694	3.62187528610229
15.009013	0.0636250004172325	15.015246	3.6227502822876
15.03158	0.0621250011026859	15.037813	3.62325024604797
15.054133	0.0612500011920929	15.060366	3.62200021743774
15.076693	0.0618750043213367	15.08295	3.62087512016296
15.099273	0.0625	15.105506	3.62050008773804
15.121834	0.063000001013279	15.128066	3.62062525749207
15.14439	0.0620000027120113	15.150623	3.62162518501282
15.166942	0.0626250058412552	15.17318	3.62250018119812
15.189499	0.0641250014305115	15.195736	3.62350010871887
15.212071	0.0621250011026859	15.218304	3.62237524986267
15.234625	0.0618750043213367	15.240882	3.62200021743774
15.257235	0.0612500011920929	15.263481	3.62050008773804
15.279811	0.0617500022053719	15.286049	3.62025022506714
15.302371	0.0631249994039536	15.308604	3.62062525749207
15.324928	0.0613750033080578	15.331161	3.62162518501282
15.347481	0.063000001013279	15.353718	3.6227502822876
15.370036	0.0646250024437904	15.376274	3.6230001449585
15.392593	0.0651250034570694	15.398825	3.6227502822876
15.415156	0.0612500011920929	15.421384	3.62175011634827
15.437716	0.0607500039041042	15.443953	3.62037515640259
15.460275	0.0626250058412552	15.466508	3.62025022506714
15.482836	0.0657500028610229	15.489069	3.62062525749207
15.505402	0.0618750043213367	15.511661	3.62200021743774
15.528021	0.0659999996423721	15.53426	3.6227502822876
15.550592	0.0633750036358833	15.556858	3.62337517738342
15.573188	0.0617500022053719	15.579427	3.6227502822876
15.595758	0.0627500042319298	15.601998	3.62112522125244
15.618349	0.0615000016987324	15.624589	3.62050008773804
15.640921	0.0618750043213367	15.64716	3.62062525749207
15.66349	0.0611250028014183	15.669731	3.62125015258789
15.686063	0.0621250011026859	15.692302	3.62212514877319
15.708633	0.0617500022053719	15.714872	3.62337517738342
15.731198	0.0636250004172325	15.737432	3.62350010871887
15.753766	0.0623750016093254	15.760005	3.62262511253357
15.776333	0.0622500032186508	15.782567	3.62150025367737
15.798901	0.0608750022947788	15.805139	3.62075018882751
15.821468	0.0616250038146973	15.827721	3.62037515640259
15.844047	0.0625	15.850286	3.62100028991699
15.866624	0.0626250058412552	15.872863	3.62287521362305
15.889192	0.0640000030398369	15.895431	3.62375020980835
15.911754	0.0620000027120113	15.918005	3.62312507629395
15.934328	0.0617500022053719	15.94056	3.62237524986267
15.956878	0.0611250028014183	15.963115	3.62125015258789
15.979438	0.0610000044107437	15.985671	3.62100028991699
16.001991	0.0623750016093254	16.008224	3.62075018882751
16.024551	0.0618750043213367	16.030784	3.62212514877319
16.047102	0.0641250014305115	16.053336	3.6227502822876
16.069656	0.0635000020265579	16.075889	3.62350010871887
16.092208	0.0618750043213367	16.09844	3.62312507629395
16.114779	0.0623750016093254	16.121012	3.62162518501282
16.13735	0.0608750022947788	16.143582	3.62125015258789
16.159901	0.0612500011920929	16.166134	3.62062525749207
16.18246	0.0627500042319298	16.188693	3.62112522125244
16.205018	0.0622500032186508	16.21125	3.62212514877319
16.227567	0.0638750046491623	16.2338	3.6230001449585
16.250139	0.0632500052452087	16.256373	3.62350010871887
16.272686	0.0620000027120113	16.278918	3.62312507629395
16.295256	0.0657500028610229	16.301489	3.62187528610229
16.31783	0.0611250028014183	16.324067	3.62112522125244
16.340392	0.0617500022053719	16.346625	3.62075018882751
16.362951	0.0621250011026859	16.369183	3.62112522125244
16.385503	0.0623750016093254	16.391736	3.62287521362305
16.408055	0.0637500062584877	16.414293	3.62337517738342
16.430611	0.0637500062584877	16.436846	3.6236252784729
16.45317	0.0605000033974648	16.459403	3.6230001449585
16.475727	0.0621250011026859	16.481971	3.62150025367737
16.498293	0.0637500062584877	16.50453	3.62100028991699
16.520849	0.0615000016987324	16.527082	3.62112522125244
16.543399	0.0616250038146973	16.549631	3.62150025367737
16.565954	0.0622500032186508	16.572187	3.62287521362305
16.588507	0.063000001013279	16.594744	3.62325024604797
16.61108	0.0650000050663948	16.61734	3.62337517738342
16.633668	0.0617500022053719	16.6399	3.62325024604797
16.656225	0.0612500011920929	16.662458	3.62137508392334
16.678783	0.0620000027120113	16.685021	3.62062525749207
16.701346	0.0633750036358833	16.707579	3.62087512016296
16.7239	0.0618750043213367	16.730132	3.62200021743774
16.746464	0.0641250014305115	16.752697	3.62312507629395
16.769017	0.0646250024437904	16.775254	3.6236252784729
16.791576	0.0626250058412552	16.797809	3.62400007247925
16.814134	0.0628750026226044	16.820367	3.62262511253357
16.836687	0.0616250038146973	16.842939	3.62150025367737
16.859284	0.0617500022053719	16.865545	3.62062525749207
16.881926	0.0591250024735928	16.888192	3.62087512016296
16.904588	0.0617500022053719	16.910853	3.62237524986267
16.92721	0.0635000020265579	16.93345	3.62350010871887
16.949766	0.0635000020265579	16.955999	3.62425017356873
16.972313	0.0621250011026859	16.978552	3.62375020980835
16.994878	0.0615000016987324	17.001111	3.62262511253357
17.01743	0.0606250017881393	17.023668	3.62150025367737
17.039988	0.063000001013279	17.046226	3.62087512016296
17.06255	0.063000001013279	17.068788	3.62150025367737
17.085116	0.0618750043213367	17.091348	3.6227502822876
17.107681	0.0637500062584877	17.113921	3.62375020980835
17.130243	0.0641250014305115	17.136481	3.62437510490417
17.152811	0.0631249994039536	17.159044	3.62325024604797
17.175369	0.0615000016987324	17.181602	3.62262511253357
17.197922	0.0620000027120113	17.204154	3.62062525749207
17.220473	0.0621250011026859	17.226706	3.62062525749207
17.243062	0.0625	17.249296	3.62212514877319
17.265622	0.0625	17.271856	3.62287521362305
17.28822	0.0641250014305115	17.294458	3.62412524223328
17.310778	0.0633750036358833	17.317011	3.62412524223328
17.333336	0.0620000027120113	17.339569	3.62325024604797
17.355893	0.0616250038146973	17.362126	3.62212514877319
17.378445	0.0612500011920929	17.384682	3.62137508392334
17.401002	0.0608750022947788	17.40724	3.62062525749207
17.42358	0.0625	17.429812	3.62225008010864
17.446136	0.0623750016093254	17.452368	3.62287521362305
17.468689	0.0642499998211861	17.474926	3.62425017356873
17.491245	0.0625	17.497472	3.62412524223328
17.513802	0.0616250038146973	17.520034	3.62250018119812
17.536359	0.0610000044107437	17.542592	3.62200021743774
17.558911	0.0611250028014183	17.565149	3.62125015258789
17.581467	0.0621250011026859	17.587715	3.62125015258789
17.604043	0.0608750022947788	17.610294	3.62237524986267
17.626625	0.0625	17.632859	3.6236252784729
17.649181	0.0641250014305115	17.655419	3.62425017356873
17.671737	0.0618750043213367	17.677971	3.62325024604797
17.694296	0.0621250011026859	17.700528	3.6227502822876
17.716848	0.0616250038146973	17.723086	3.62162518501282
17.739396	0.0606250017881393	17.745629	3.62125015258789
17.761967	0.0623750016093254	17.7682	3.62175011634827
17.784539	0.0615000016987324	17.790771	3.62250018119812
17.807092	0.0668750032782555	17.813325	3.6236252784729
17.829649	0.0641250014305115	17.835887	3.62412524223328
17.852206	0.0623750016093254	17.858438	3.62337517738342
17.874763	0.0618750043213367	17.880996	3.62262511253357
17.89733	0.0607500039041042	17.903568	3.62062525749207
17.919886	0.0616250038146973	17.926124	3.62100028991699
17.942459	0.0616250038146973	17.948692	3.62187528610229
17.965017	0.0607500039041042	17.971251	3.6230001449585
17.987584	0.0633750036358833	17.993822	3.62400007247925
18.010131	0.0631249994039536	18.016363	3.62462520599365
18.032683	0.0622500032186508	18.038916	3.62350010871887
18.055241	0.0622500032186508	18.061474	3.62250018119812
18.077803	0.063000001013279	18.084041	3.62162518501282
18.100361	0.0611250028014183	18.106598	3.62087512016296
18.122944	0.063000001013279	18.129176	3.62200021743774
18.1455	0.0622500032186508	18.151733	3.62325024604797
18.168057	0.0640000030398369	18.17429	3.62437510490417
18.190612	0.0648750066757202	18.196846	3.62487506866455
18.213163	0.0612500011920929	18.219395	3.62337517738342
18.235739	0.0618750043213367	18.242001	3.62175011634827
18.258325	0.0616250038146973	18.264558	3.62150025367737
18.280873	0.0616250038146973	18.287107	3.62062525749207
18.303436	0.0620000027120113	18.309675	3.62212514877319
18.326012	0.0628750026226044	18.332263	3.62350010871887
18.348583	0.0635000020265579	18.35482	3.62437510490417
18.371142	0.0625	18.377375	3.62400007247925
18.393699	0.0621250011026859	18.399932	3.62337517738342
18.416258	0.0601250045001507	18.422491	3.62225008010864
18.43881	0.0610000044107437	18.445048	3.62137508392334
18.461366	0.0623750016093254	18.467605	3.62137508392334
18.48393	0.0621250011026859	18.490162	3.6227502822876
18.506475	0.0621250011026859	18.512704	3.62375020980835
18.529026	0.0662500038743019	18.535263	3.6247501373291
18.551584	0.0622500032186508	18.557817	3.62425017356873
18.574141	0.0612500011920929	18.580373	3.62337517738342
18.596692	0.0601250045001507	18.602955	3.62175011634827
18.619312	0.0611250028014183	18.62555	3.62150025367737
18.641872	0.0616250038146973	18.648105	3.62162518501282
18.66443	0.0631249994039536	18.670663	3.62312507629395
18.686982	0.0621250011026859	18.693219	3.62400007247925
18.709538	0.0643750056624413	18.715776	3.6245002746582
18.732113	0.0617500022053719	18.738346	3.6238751411438
18.754671	0.0600000023841858	18.760898	3.62262511253357
18.777228	0.0612500011920929	18.783462	3.62175011634827
18.799783	0.0613750033080578	18.80602	3.62187528610229
18.822351	0.0615000016987324	18.828584	3.62200021743774
18.844909	0.0635000020265579	18.851142	3.62312507629395
18.867462	0.0638750046491623	18.8737	3.62462520599365
18.89002	0.0621250011026859	18.896258	3.62462520599365
18.912577	0.0626250058412552	18.91881	3.62412524223328
18.935147	0.0613750033080578	18.941379	3.62250018119812
18.957714	0.0610000044107437	18.963951	3.62162518501282
18.980272	0.0627500042319298	18.986504	3.62150025367737
19.002836	0.0622500032186508	19.009069	3.62225008010864
19.025392	0.0618750043213367	19.031625	3.6238751411438
19.047945	0.0645000040531158	19.054183	3.6247501373291
19.070501	0.0637500062584877	19.076736	3.6245002746582
19.093061	0.0626250058412552	19.099294	3.62400007247925
19.115622	0.0621250011026859	19.121855	3.62262511253357
19.138199	0.0616250038146973	19.144437	3.62162518501282
19.160756	0.0625	19.16699	3.62125015258789
19.183314	0.0616250038146973	19.189547	3.62237524986267
19.205872	0.0616250038146973	19.212105	3.62437510490417
19.228424	0.0633750036358833	19.234657	3.62437510490417
19.251006	0.0631249994039536	19.257239	3.62425017356873
19.273581	0.0618750043213367	19.279815	3.6238751411438
19.296134	0.0610000044107437	19.302369	3.6227502822876
19.318689	0.0613750033080578	19.324928	3.62150025367737
19.341251	0.0617500022053719	19.347484	3.62187528610229
19.363814	0.0668750032782555	19.370046	3.6230001449585
19.386371	0.0636250004172325	19.392605	3.62425017356873
19.408925	0.0650000050663948	19.415163	3.6247501373291
19.431486	0.0618750043213367	19.437721	3.6245002746582
19.454046	0.0620000027120113	19.460279	3.62350010871887
19.476604	0.0610000044107437	19.482837	3.62237524986267
19.499156	0.0613750033080578	19.505393	3.62137508392334
19.521715	0.0656250044703484	19.527948	3.62212514877319
19.544273	0.0623750016093254	19.550505	3.62375020980835
19.566846	0.0631249994039536	19.573084	3.62412524223328
19.589402	0.0640000030398369	19.59564	3.6245002746582
19.611985	0.0621250011026859	19.618224	3.62437510490417
19.63455	0.0622500032186508	19.640782	3.6236252784729
19.657107	0.0622500032186508	19.663345	3.62225008010864
19.679668	0.0617500022053719	19.685905	3.62175011634827
19.702225	0.0623750016093254	19.708458	3.62225008010864
19.724784	0.0658750012516975	19.731017	3.6236252784729
19.747336	0.0645000040531158	19.753574	3.6247501373291
19.769895	0.0637500062584877	19.776132	3.62462520599365
19.79246	0.0620000027120113	19.798692	3.6245002746582
19.815017	0.0618750043213367	19.821244	3.62287521362305
19.837567	0.0613750033080578	19.843804	3.62212514877319
