Time_sec1	Voltage_A0TG	Time_sec2	Voltage_A1TG
0	1.09425008296967	0.006233	3.65225028991699
0.022556	1.09537506103516	0.028789	3.65162515640259
0.045112	1.09562504291534	0.051344	3.65087509155273
0.067661	1.0963751077652	0.073899	3.65237522125244
0.090234	1.09475004673004	0.096474	3.65337514877319
0.11279	1.09650003910065	0.119022	3.65437507629395
0.135348	1.09587502479553	0.141598	3.65475010871887
0.157917	1.09612500667572	0.164155	3.65325021743774
0.180474	1.0955001115799	0.186707	3.65162515640259
0.20303	1.09487509727478	0.209263	3.65137505531311
0.225585	1.09575009346008	0.231818	3.65125012397766
0.248137	1.09587502479553	0.254374	3.65287518501282
0.270692	1.09512507915497	0.276931	3.65387511253357
0.293252	1.09650003910065	0.299484	3.65450024604797
0.31582	1.09612500667572	0.322054	3.65412521362305
0.338377	1.09600007534027	0.34461	3.65300011634827
0.360932	1.09800004959106	0.367165	3.65187525749207
0.383486	1.09587502479553	0.389718	3.65087509155273
0.406038	1.09425008296967	0.412275	3.65137505531311
0.428598	1.09125006198883	0.434836	3.65262508392334
0.451177	1.09612500667572	0.457411	3.6540002822876
0.473742	1.09575009346008	0.479976	3.6540002822876
0.4963	1.09600007534027	0.502538	3.6540002822876
0.518858	1.0955001115799	0.52509	3.65175008773804
0.54141	1.09525001049042	0.547642	3.65137505531311
0.563967	1.09487509727478	0.570199	3.65112519264221
0.586519	1.0963751077652	0.592756	3.65175008773804
0.609078	1.09575009346008	0.615315	3.65312528610229
0.631634	1.0955001115799	0.637867	3.65387511253357
0.654193	1.0963751077652	0.660425	3.65412521362305
0.676768	1.09587502479553	0.683005	3.65387511253357
0.699324	1.10087502002716	0.705563	3.65200018882751
0.721884	1.09562504291534	0.728116	3.65162515640259
0.74444	1.09475004673004	0.750673	3.65162515640259
0.766991	1.09525001049042	0.773229	3.65212512016296
0.789548	1.09600007534027	0.795781	3.65325021743774
0.8121	1.09587502479553	0.81835	3.65437507629395
0.834689	1.09612500667572	0.840921	3.65412521362305
0.857258	1.09200000762939	0.863496	3.65337514877319
0.879818	1.09600007534027	0.886051	3.65187525749207
0.902376	1.0955001115799	0.908608	3.65162515640259
0.924932	1.09450006484985	0.931164	3.65150022506714
0.947458	1.09487509727478	0.953696	3.65200018882751
0.970015	1.09600007534027	0.976248	3.65325021743774
0.992576	1.09562504291534	0.998808	3.6540002822876
1.015132	1.09587502479553	1.021365	3.6542501449585
1.037686	1.09525001049042	1.043924	3.65300011634827
1.060243	1.09562504291534	1.066476	3.65200018882751
1.0828	1.09525001049042	1.089032	3.65125012397766
1.105355	1.09537506103516	1.111623	3.65087509155273
1.127945	1.09475004673004	1.134183	3.65262508392334
1.150501	1.09650003910065	1.156734	3.65362524986267
1.173059	1.09600007534027	1.179291	3.65375018119812
1.195628	1.09525001049042	1.201861	3.6540002822876
1.21818	1.09512507915497	1.224417	3.65275025367737
1.240736	1.09512507915497	1.246969	3.65187525749207
1.263293	1.09625005722046	1.269525	3.65100026130676
1.285844	1.09562504291534	1.292087	3.65137505531311
1.308405	1.09512507915497	1.314643	3.65325021743774
1.330967	1.09612500667572	1.337199	3.65362524986267
1.353524	1.09625005722046	1.359756	3.65387511253357
1.376095	1.09575009346008	1.382327	3.65375018119812
1.398647	1.0928750038147	1.40488	3.65250015258789
1.421218	1.09500002861023	1.427446	3.65175008773804
1.443766	1.09525001049042	1.450005	3.65112519264221
1.466332	1.09600007534027	1.472565	3.65162515640259
1.488912	1.09525001049042	1.495146	3.65262508392334
1.51146	1.09687507152557	1.517699	3.65375018119812
1.534031	1.09612500667572	1.540265	3.65387511253357
1.556584	1.09612500667572	1.562821	3.65412521362305
1.579198	1.0946249961853	1.585453	3.64687514305115
1.601849	0.960375070571899	1.608109	3.57050013542175
1.624484	0.833375036716461	1.630719	3.34250020980835
1.647113	0.728875041007996	1.653346	3.00975012779236
1.669671	0.631375014781952	1.675904	2.68237519264221
1.69223	0.552000045776367	1.698463	2.37925004959106
1.714804	0.47687503695488	1.721036	2.14925003051758
1.737351	0.41100001335144	1.743589	1.96837508678436
1.759907	0.34850001335144	1.76614	1.84475004673004
1.782464	0.293000012636185	1.788696	1.75337505340576
1.805021	0.24125000834465	1.811253	1.69487512111664
1.827602	0.199750006198883	1.83384	1.65562510490417
1.850161	0.16100001335144	1.856395	1.6331250667572
1.872719	0.131125003099442	1.878951	1.62087512016296
1.895292	0.101500004529953	1.901526	1.61525011062622
1.917847	0.0732500031590462	1.92408	1.61250007152557
1.940401	0.0483750030398369	1.946634	1.61162507534027
1.962958	0.0213750004768372	1.96919	1.6100001335144
1.985515	0.0020000000949949	1.991743	1.60812509059906
2.008066	0.00137500010896474	2.014304	1.60450005531311
2.030624	0.00125000008847564	2.036857	1.59925007820129
2.05318	0.00475000031292439	2.059412	1.59212505817413
2.075736	0.00350000010803342	2.081968	1.58212506771088
2.098301	0.00487500010058284	2.104538	1.57175004482269
2.120858	0.000125000005937181	2.127091	1.55987513065338
2.143416	0.000875000027008355	2.149648	1.5495001077652
2.165987	0.00125000008847564	2.172225	1.53950011730194
2.188544	0.0020000000949949	2.194782	1.53137505054474
2.2111	0.00275000021792948	2.217342	1.52450013160706
2.233665	0.00400000018998981	2.239898	1.51687502861023
2.25623	0.00325000006705523	2.262468	1.50950002670288
2.278786	0.00262500019744039	2.285019	1.50375008583069
2.301339	0.000750000006519258	2.307572	1.49675011634827
2.323907	0.000125000005937181	2.33014	1.4933750629425
2.346474	0.000875000027008355	2.352712	1.49012506008148
2.369032	0.000375000003259629	2.375269	1.48887503147125
2.391601	0.00300000002607703	2.397834	1.48850011825562
2.414157	0.004250000230968	2.420389	1.48725008964539
2.436712	0.00400000018998981	2.442944	1.48625004291534
2.459265	0.00150000001303852	2.465504	1.48437511920929
2.481848	0.000875000027008355	2.488081	1.48475003242493
2.504408	0.00125000008847564	2.510641	1.48462510108948
2.526965	0.000875000027008355	2.533204	1.48750007152557
2.549526	0.000750000006519258	2.555758	1.49062502384186
2.572088	0.00375000014901161	2.578321	1.49687504768372
2.594645	0.00262500019744039	2.600878	1.50200009346008
2.617219	0.00187500007450581	2.623457	1.50975012779236
2.639778	0.000125000005937181	2.646011	1.5200001001358
2.662338	0.000875000027008355	2.668571	1.53312504291534
2.684895	-0.000250000011874363	2.691127	1.54975008964539
2.707451	0.000375000003259629	2.713689	1.56987512111664
2.730008	0.00250000017695129	2.736241	1.59625005722046
2.752565	0.0061250003054738	2.758798	1.6285001039505
2.775123	0.00325000006705523	2.781355	1.6725001335144
2.797677	0.000500000023748726	2.803914	1.7277500629425
2.820239	0.00437500001862645	2.826482	1.80375003814697
2.842811	0.000500000023748726	2.849044	1.89112508296967
2.865368	-0.000625000044237822	2.871601	1.99187505245209
2.88792	-0.000125000005937181	2.894156	2.08800005912781
2.910476	0.00125000008847564	2.916709	2.18274998664856
2.933034	0.00337500008754432	2.939266	2.26025009155273
2.955587	0.00137500010896474	2.96182	2.32687520980835
2.97814	0.000500000023748726	2.984377	2.37987518310547
3.000711	0.000500000023748726	3.006965	2.42537522315979
3.023285	0.00287500023841858	3.029512	2.46162509918213
3.045838	-0.000125000005937181	3.052087	2.4933750629425
3.068407	0.000750000006519258	3.074644	2.51962518692017
3.090963	0.00137500010896474	3.097196	2.54337501525879
3.11352	0.00287500023841858	3.119752	2.56237506866455
3.136088	0.00137500010896474	3.142326	2.57775020599365
3.158645	0.000125000005937181	3.164882	2.58812522888184
3.181224	-0.000500000023748726	3.187457	2.60612511634827
3.203781	0.00100000004749745	3.210013	2.61700010299683
3.226336	0.00400000018998981	3.232574	2.62975001335144
3.248894	0.0061250003054738	3.255131	2.64375019073486
3.271452	0.0115000009536743	3.277685	2.66050004959106
3.294009	0.0110000008717179	3.300241	2.67675018310547
3.316586	0.0112500004470348	3.322824	2.69125008583069
3.339145	0.0121250003576279	3.345382	2.70462512969971
3.361709	0.0141250006854534	3.367942	2.7185001373291
3.384267	0.0150000005960464	3.3905	2.73175001144409
3.40682	0.017000000923872	3.413057	2.74462509155273
3.429368	0.0185000002384186	3.4356	2.7578752040863
3.451945	0.0222500003874302	3.458178	2.76987504959106
3.474492	0.0236250013113022	3.48072	2.78037524223328
3.497059	0.0222500003874302	3.503297	2.78925013542175
3.519626	0.0240000002086163	3.525859	2.79712510108948
3.542186	0.0231250002980232	3.548423	2.80462503433228
3.564744	0.0262500010430813	3.570976	2.8131251335144
3.587306	0.0276250019669533	3.593539	2.82100009918213
3.609858	0.0291250012814999	3.616093	2.83075022697449
3.632415	0.0336250029504299	3.638647	2.83900022506714
3.654976	0.0329999998211861	3.661223	2.84837508201599
3.677543	0.033125001937151	3.683781	2.85637521743774
3.700102	0.0341250002384186	3.706335	2.86437511444092
3.72266	0.0346250012516975	3.728892	2.87412524223328
3.745217	0.0361250005662441	3.75145	2.88437509536743
3.767769	0.0365000031888485	3.774006	2.89625024795532
3.790325	0.0381250008940697	3.796578	2.90987515449524
3.812902	0.0410000011324883	3.81914	2.92350006103516
3.835469	0.0408750027418137	3.841708	2.93787503242493
3.858043	0.0406250022351742	3.864281	2.9511251449585
3.880591	0.0417500026524067	3.886823	2.96512508392334
3.903148	0.0428750030696392	3.90938	2.98012518882751
3.92571	0.0443750023841858	3.931944	2.99562525749207
3.948262	0.0447500012814999	3.954499	3.01387524604797
3.970818	0.0475000031292439	3.977054	3.03025007247925
3.993374	0.0485000014305115	3.999607	3.04825019836426
4.015932	0.0488750040531158	4.02219	3.06275010108948
4.038512	0.048750001937151	4.04475	3.0778751373291
4.061069	0.0481250025331974	4.067301	3.09187507629395
4.083641	0.049125000834465	4.089874	3.10675024986267
4.1062	0.0508750006556511	4.112438	3.12087512016296
4.128759	0.0525000020861626	4.134997	3.13612508773804
4.151316	0.0537500008940697	4.15755	3.15037512779236
4.173874	0.0580000020563602	4.180106	3.16375017166138
4.196426	0.053250003606081	4.202664	3.17625021934509
4.218999	0.0546250008046627	4.225237	3.18687510490417
4.241556	0.0550000034272671	4.247784	3.1965000629425
4.26411	0.0552500039339066	4.270342	3.20662522315979
4.286674	0.0572500042617321	4.292912	3.21737504005432
4.309229	0.0576250031590462	4.315479	3.22900009155273
4.33182	0.0591250024735928	4.338053	3.23887515068054
4.354378	0.0595000013709068	4.360611	3.2480001449585
4.37693	0.0597500018775463	4.383168	3.25587511062622
4.399489	0.0593750029802322	4.405721	3.26312518119812
4.422045	0.0593750029802322	4.428277	3.26962518692017
4.44462	0.0605000033974648	4.450889	3.27712512016296
4.467274	0.0618750043213367	4.473514	3.28500008583069
4.489837	0.0598750039935112	4.496085	3.29262518882751
4.512414	0.0621250011026859	4.518647	3.30025005340576
4.534972	0.0638750046491623	4.541221	3.30725026130676
4.557542	0.0633750036358833	4.563779	3.31262516975403
4.580099	0.0631249994039536	4.586332	3.31762504577637
4.602654	0.0635000020265579	4.608887	3.32175016403198
4.625211	0.0650000050663948	4.631445	3.3276252746582
4.647765	0.0663750022649765	4.653998	3.33412504196167
4.670317	0.0666250064969063	4.67655	3.34012508392334
4.69287	0.068000003695488	4.699102	3.34612512588501
4.715421	0.0667500048875809	4.721654	3.35112524032593
4.737991	0.0676250010728836	4.744228	3.35500025749207
4.760547	0.0681250020861626	4.76678	3.3588752746582
4.783105	0.0672500059008598	4.789338	3.36225008964539
4.80566	0.0682500004768372	4.811893	3.36687517166138
4.828256	0.0693750008940697	4.834495	3.37225008010864
4.850818	0.0700000002980232	4.857057	3.37737512588501
4.873374	0.0710000023245811	4.879606	3.3831250667572
4.895926	0.0706249997019768	4.902158	3.38675022125244
4.918477	0.0710000023245811	4.924715	3.39000010490417
4.941051	0.070750005543232	4.947284	3.39262509346008
4.963609	0.069750003516674	4.969841	3.39575004577637
4.986164	0.0716250017285347	4.992401	3.39975023269653
5.00872	0.0705000013113022	5.014958	3.4042501449585
5.03127	0.0717500001192093	5.037508	3.40987515449524
5.053833	0.0740000009536743	5.060066	3.41375017166138
5.076388	0.0722500011324883	5.082626	3.41712522506714
5.098945	0.0731250047683716	5.105182	3.41925024986267
5.121516	0.0717500001192093	5.127748	3.4207501411438
5.144072	0.0733750015497208	5.150305	3.42387509346008
5.166624	0.0740000009536743	5.172862	3.42762517929077
5.189181	0.0742500051856041	5.195419	3.43125009536743
5.211739	0.0760000050067902	5.217971	3.43600010871887
5.234295	0.0758750066161156	5.240527	3.43937516212463
5.256858	0.0747500061988831	5.263095	3.44187521934509
5.279413	0.0762500017881393	5.28565	3.44375014305115
5.301972	0.0742500051856041	5.308206	3.44587516784668
5.324547	0.0748750045895576	5.330779	3.44800019264221
5.347107	0.0757500007748604	5.353346	3.45162510871887
5.369665	0.0768750011920929	5.375898	3.45512509346008
5.392223	0.0780000016093254	5.398455	3.45937514305115
5.414781	0.0773750022053719	5.421013	3.46237516403198
5.437348	0.0765000060200691	5.443581	3.46500015258789
5.459926	0.0766250044107437	5.46616	3.4665002822876
5.482481	0.0766250044107437	5.488714	3.46800017356873
5.505043	0.0770000070333481	5.511275	3.47075009346008
5.527594	0.0751250013709068	5.533831	3.47375011444092
5.550151	0.0775000005960464	5.556386	3.4766252040863
5.572711	0.0823750048875809	5.578943	3.48112511634827
5.595266	0.0790000036358833	5.60151	3.4838752746582
5.617827	0.0770000070333481	5.624065	3.48550009727478
5.64039	0.0775000005960464	5.64663	3.48687505722046
5.662963	0.0770000070333481	5.669196	3.48850011825562
5.685521	0.0775000005960464	5.691754	3.49025011062622
5.708074	0.078625001013279	5.714312	3.49387526512146
5.730635	0.0778750032186508	5.736868	3.4977502822876
5.753189	0.0828750059008598	5.759422	3.50100016593933
5.775742	0.0790000036358833	5.781995	3.50337505340576
5.798316	0.0788750052452087	5.804548	3.5052502155304
5.820893	0.0790000036358833	5.827126	3.50575017929077
5.843454	0.0793750062584877	5.849687	3.50762510299683
5.866015	0.0795000046491623	5.872252	3.51012516021729
5.888573	0.0801250040531158	5.894811	3.51275014877319
5.91113	0.0796250030398369	5.917363	3.51637506484985
5.933688	0.0816250070929527	5.93992	3.51950025558472
5.95624	0.0807500034570694	5.962477	3.52250027656555
5.978797	0.0797500014305115	5.985034	3.52337527275085
6.001357	0.0800000056624413	6.00759	3.52362513542175
6.023916	0.0797500014305115	6.030148	3.52475023269653
6.046473	0.0811250060796738	6.05271	3.52725005149841
6.06902	0.0807500034570694	6.075253	3.53025007247925
6.091574	0.0801250040531158	6.097807	3.53412508964539
6.114131	0.0822500064969063	6.120364	3.53612518310547
6.136683	0.0810000002384186	6.142921	3.53775024414062
6.159245	0.0821250006556511	6.165483	3.53900027275085
6.181817	0.0810000002384186	6.188049	3.5393750667572
6.204369	0.0826250016689301	6.210602	3.54037523269653
6.226923	0.0807500034570694	6.23316	3.54275012016296
6.249479	0.0810000002384186	6.255712	3.54512524604797
6.272032	0.0833750069141388	6.278264	3.54862523078918
6.294589	0.083125002682209	6.300821	3.55062508583069
6.317152	0.0806250050663948	6.323396	3.55175018310547
6.339717	0.0810000002384186	6.345949	3.55175018310547
6.362276	0.0798750072717667	6.368509	3.55275011062622
6.384832	0.0816250070929527	6.391064	3.5532500743866
6.407385	0.0815000012516975	6.413622	3.55562520027161
6.429942	0.0825000032782555	6.436186	3.55862522125244
6.452526	0.0832500010728836	6.458761	3.56100010871887
6.475086	0.0835000053048134	6.481335	3.56262516975403
6.497659	0.0830000042915344	6.503897	3.56337523460388
6.520216	0.0832500010728836	6.526449	3.56325006484985
6.542784	0.0825000032782555	6.549017	3.56400012969971
6.565358	0.0818750038743019	6.571607	3.56425023078918
6.587926	0.0823750048875809	6.594163	3.56625008583069
6.610482	0.0830000042915344	6.616715	3.56900024414062
6.633039	0.0823750048875809	6.639272	3.57100009918213
6.655598	0.0840000063180923	6.661831	3.57200026512146
6.678154	0.0826250016689301	6.684391	3.57275009155273
6.70071	0.083625003695488	6.706958	3.57212519645691
6.723279	0.0810000002384186	6.729512	3.57275009155273
6.745831	0.0841250047087669	6.752064	3.57350015640259
6.768384	0.0823750048875809	6.774622	3.57500028610229
6.790943	0.083625003695488	6.797176	3.57687520980835
6.813496	0.0845000073313713	6.819747	3.57925009727478
6.836097	0.0838750004768372	6.842335	3.58000016212463
6.858656	0.083625003695488	6.864893	3.57925009727478
6.881238	0.0822500064969063	6.887471	3.57950019836426
6.903797	0.0856250077486038	6.910029	3.57925009727478
6.926352	0.0837500020861626	6.93259	3.58025026321411
6.9489	0.0833750069141388	6.955133	3.58200025558472
6.971454	0.0841250047087669	6.977686	3.58387517929077
6.994011	0.0840000063180923	7.000243	3.58562517166138
7.016583	0.0838750004768372	7.022821	3.58662509918213
7.039145	0.083125002682209	7.045382	3.58562517166138
7.061714	0.0825000032782555	7.067947	3.585125207901
7.084268	0.0835000053048134	7.090501	3.58500027656555
7.106816	0.0833750069141388	7.113048	3.58587527275085
7.129369	0.0838750004768372	7.135606	3.58775019645691
7.151925	0.0850000008940697	7.158158	3.58925008773804
7.174483	0.085375003516674	7.180716	3.59075021743774
7.197037	0.0832500010728836	7.203275	3.59100008010864
7.219607	0.0857500061392784	7.22584	3.59012508392334
7.242159	0.0827500075101852	7.248392	3.58962512016296
7.264718	0.083625003695488	7.270951	3.58937525749207
7.287271	0.0840000063180923	7.293508	3.59025025367737
7.309829	0.0825000032782555	7.316066	3.59200024604797
7.332391	0.085375003516674	7.338623	3.59400010108948
7.354948	0.0857500061392784	7.36118	3.59500026702881
7.37752	0.0840000063180923	7.383758	3.59487509727478
7.40008	0.0843750014901161	7.406313	3.59412527084351
7.422636	0.083625003695488	7.428863	3.5935001373291
7.445216	0.0835000053048134	7.451475	3.5932502746582
7.467799	0.0817500054836273	7.474032	3.59400010108948
7.490358	0.0838750004768372	7.496591	3.59562516212463
7.512916	0.0850000008940697	7.519149	3.59737515449524
7.535473	0.0847500041127205	7.541707	3.59800028800964
7.558026	0.0845000073313713	7.564263	3.59775018692017
7.580586	0.0845000073313713	7.586818	3.59737515449524
7.603144	0.0841250047087669	7.609377	3.59687519073486
7.625715	0.0846250057220459	7.631947	3.59650015830994
7.648266	0.0847500041127205	7.654504	3.59775018692017
7.670824	0.0841250047087669	7.677057	3.59912514686584
7.693381	0.0875000059604645	7.699614	3.59962511062622
7.715932	0.0842500030994415	7.722166	3.6010000705719
7.738484	0.0841250047087669	7.744722	3.60037517547607
7.761043	0.0841250047087669	7.767276	3.59975028038025
7.783599	0.0801250040531158	7.789832	3.5990002155304
7.806151	0.0843750014901161	7.812389	3.59912514686584
7.828738	0.0847500041127205	7.834971	3.60050010681152
7.851311	0.0848750025033951	7.857544	3.6016252040863
7.873865	0.086375005543232	7.880097	3.60337519645691
7.896417	0.0850000008940697	7.902655	3.60350012779236
7.918978	0.0855000019073486	7.925215	3.60237526893616
7.941534	0.0842500030994415	7.947767	3.60212516784668
7.964094	0.0848750025033951	7.970326	3.6018750667572
7.986646	0.0835000053048134	7.992884	3.60150027275085
8.009204	0.0856250077486038	8.015441	3.60337519645691
8.031761	0.085875004529953	8.037993	3.60450005531311
8.054317	0.0872500017285347	8.060549	3.60575008392334
8.076884	0.085875004529953	8.083121	3.60575008392334
8.099441	0.0841250047087669	8.105674	3.60487508773804
8.121999	0.0841250047087669	8.128231	3.60375022888184
8.144556	0.086375005543232	8.150783	3.60350012779236
8.167107	0.0850000008940697	8.173344	3.60400009155273
8.189664	0.0852500051259995	8.195896	3.60587525367737
8.21222	0.0871250033378601	8.218452	3.60725021362305
8.234773	0.0872500017285347	8.241005	3.60762524604797
8.257342	0.0851250067353249	8.26358	3.60775017738342
8.279899	0.0846250057220459	8.286131	3.60675024986267
8.302457	0.0823750048875809	8.30869	3.60600018501282
8.325019	0.085375003516674	8.331252	3.60550022125244
8.34757	0.0855000019073486	8.353808	3.60587525367737
8.370126	0.0862500071525574	8.376358	3.60725021362305
8.392682	0.0875000059604645	8.398914	3.60850024223328
8.415238	0.0866250023245811	8.421471	3.60937523841858
8.43779	0.0852500051259995	8.444038	3.60925006866455
8.460397	0.085375003516674	8.466632	3.60850024223328
8.482965	0.0842500030994415	8.489204	3.60725021362305
8.50553	0.0856250077486038	8.511763	3.60725021362305
8.528083	0.0857500061392784	8.53432	3.60812520980835
8.55064	0.0852500051259995	8.556872	3.60937523841858
8.573196	0.0866250023245811	8.579429	3.61037516593933
8.595746	0.0866250023245811	8.601999	3.61150026321411
8.618317	0.0872500017285347	8.624555	3.61087512969971
8.640877	0.0851250067353249	8.647109	3.61012506484985
8.663433	0.0845000073313713	8.669666	3.60875010490417
8.68599	0.0851250067353249	8.692228	3.6088752746582
8.708547	0.0843750014901161	8.714784	3.60962510108948
8.731102	0.0857500061392784	8.737342	3.61125016212463
8.753666	0.0868750065565109	8.759899	3.61237525939941
8.776218	0.0872500017285347	8.782455	3.61262512207031
8.798774	0.0876250043511391	8.805012	3.61187505722046
8.821357	0.0855000019073486	8.827591	3.61062526702881
8.843916	0.0850000008940697	8.850149	3.61025023460388
8.86649	0.0855000019073486	8.872722	3.61037516593933
8.889042	0.0856250077486038	8.895275	3.61162519454956
8.911597	0.0861250013113022	8.91783	3.61300015449524
8.934151	0.0875000059604645	8.940383	3.61412525177002
8.956703	0.0861250013113022	8.96294	3.61450028419495
8.97926	0.0865000039339066	8.985498	3.61362528800964
9.001833	0.085375003516674	9.008066	3.61250019073486
9.024385	0.0847500041127205	9.030613	3.61187505722046
9.046957	0.0857500061392784	9.053195	3.61137509346008
9.069514	0.0906250029802322	9.075746	3.61312508583069
9.092067	0.085875004529953	9.098299	3.61475014686584
9.114624	0.0873750075697899	9.120856	3.6155002117157
9.137176	0.0837500020861626	9.143409	3.6155002117157
9.159729	0.085875004529953	9.165962	3.61487507820129
9.182289	0.0846250057220459	9.188516	3.61375021934509
9.204843	0.085375003516674	9.211075	3.61325025558472
9.227396	0.0855000019073486	9.233633	3.61350011825562
9.249951	0.0856250077486038	9.256186	3.61450028419495
9.272501	0.0862500071525574	9.278734	3.6166250705719
9.295058	0.0876250043511391	9.301291	3.61712527275085
9.317621	0.0860000029206276	9.323864	3.6166250705719
9.340186	0.085875004529953	9.346419	3.61612510681152
9.362748	0.0842500030994415	9.36898	3.6146252155304
9.385304	0.0855000019073486	9.391537	3.61437511444092
9.407856	0.0856250077486038	9.414093	3.61475014686584
9.430404	0.0852500051259995	9.436637	3.61625027656555
9.45298	0.0898750051856041	9.459214	3.6175000667572
9.475532	0.0876250043511391	9.481761	3.61800026893616
9.498081	0.0852500051259995	9.504318	3.61787509918213
9.520649	0.086375005543232	9.526883	3.61650013923645
9.543213	0.0843750014901161	9.549446	3.61587524414062
9.565765	0.0845000073313713	9.571999	3.61537528038025
9.588319	0.0860000029206276	9.594558	3.616375207901
9.610877	0.0857500061392784	9.61711	3.61787509918213
9.633434	0.0873750075697899	9.639666	3.61875009536743
9.655986	0.0887500047683716	9.662224	3.61925005912781
9.678542	0.0855000019073486	9.68478	3.61875009536743
9.701097	0.0856250077486038	9.707342	3.6172502040863
9.723665	0.0852500051259995	9.729898	3.61687517166138
9.746231	0.085875004529953	9.752468	3.616375207901
9.768787	0.0867500007152557	9.775025	3.6172502040863
9.791345	0.0872500017285347	9.797578	3.61900019645691
9.8139	0.0852500051259995	9.820151	3.61950016021729
9.83651	0.086375005543232	9.842748	3.62025022506714
9.859071	0.0857500061392784	9.865308	3.61975026130676
9.881628	0.0856250077486038	9.887861	3.61825013160706
9.904185	0.0852500051259995	9.910418	3.61800026893616
9.926745	0.0860000029206276	9.932978	3.61762523651123
9.949299	0.086375005543232	9.955532	3.61850023269653
9.971855	0.0865000039339066	9.978087	3.62037515640259
9.994412	0.088125005364418	10.000645	3.62125015258789
10.016965	0.086375005543232	10.023198	3.62087512016296
10.039517	0.0900000035762787	10.04575	3.62062525749207
10.062085	0.0855000019073486	10.068318	3.61900019645691
10.084641	0.0856250077486038	10.090873	3.61787509918213
10.107192	0.0870000049471855	10.113425	3.61862516403198
10.129748	0.0850000008940697	10.135987	3.62025022506714
10.152311	0.0875000059604645	10.158543	3.62075018882751
10.174867	0.0876250043511391	10.1811	3.62187528610229
10.197443	0.0848750025033951	10.203681	3.62200021743774
10.22	0.0850000008940697	10.226227	3.62050008773804
10.242553	0.0861250013113022	10.248786	3.62012505531311
10.265112	0.0851250067353249	10.271344	3.61950016021729
10.287663	0.0865000039339066	10.2939	3.61937522888184
10.31021	0.0866250023245811	10.316454	3.62100028991699
10.33278	0.0875000059604645	10.339012	3.62200021743774
10.355336	0.0878750011324883	10.361569	3.62212514877319
10.377886	0.085875004529953	10.384123	3.62250018119812
10.400441	0.0866250023245811	10.406674	3.62112522125244
10.422993	0.0847500041127205	10.429225	3.62050008773804
10.445586	0.0852500051259995	10.451841	3.61987519264221
10.468164	0.0857500061392784	10.474403	3.62012505531311
10.490736	0.0865000039339066	10.496969	3.62237524986267
10.513294	0.0876250043511391	10.519527	3.6227502822876
10.535846	0.0868750065565109	10.542095	3.62400007247925
10.558415	0.0860000029206276	10.564652	3.62350010871887
10.580971	0.0820000022649765	10.587204	3.62200021743774
10.603527	0.0857500061392784	10.609759	3.62100028991699
10.626103	0.0915000066161156	10.632336	3.62050008773804
10.648671	0.0867500007152557	10.654908	3.62150025367737
10.671227	0.0865000039339066	10.677459	3.6230001449585
10.693785	0.0873750075697899	10.700017	3.62400007247925
10.716337	0.0850000008940697	10.722574	3.62437510490417
10.738894	0.0861250013113022	10.745131	3.62325024604797
10.76145	0.0857500061392784	10.767682	3.62250018119812
10.784006	0.085375003516674	10.790239	3.62125015258789
10.80658	0.085375003516674	10.812817	3.62150025367737
10.829174	0.0862500071525574	10.835412	3.62287521362305
10.85174	0.0860000029206276	10.857972	3.62325024604797
10.874297	0.0876250043511391	10.880529	3.6247501373291
10.896855	0.0865000039339066	10.903093	3.62525010108948
10.919412	0.0868750065565109	10.925649	3.62337517738342
10.941968	0.085375003516674	10.9482	3.62312507629395
10.964524	0.085875004529953	10.970756	3.62212514877319
10.987081	0.0868750065565109	10.993314	3.62200021743774
11.009637	0.0912500023841858	11.015869	3.6236252784729
11.032266	0.0865000039339066	11.038504	3.6245002746582
11.054829	0.0868750065565109	11.061064	3.62575006484985
11.077386	0.0875000059604645	11.083619	3.6256251335144
11.099931	0.0862500071525574	11.106165	3.62462520599365
11.122485	0.0860000029206276	11.128718	3.62350010871887
11.145041	0.0875000059604645	11.151274	3.62237524986267
11.167593	0.0856250077486038	11.17383	3.62287521362305
11.190164	0.0865000039339066	11.196397	3.62400007247925
11.212716	0.0862500071525574	11.218948	3.62612509727478
11.235275	0.0867500007152557	11.24151	3.62587523460388
11.257828	0.0897500067949295	11.264065	3.62550020217896
11.280387	0.0862500071525574	11.28662	3.62462520599365
11.302943	0.0862500071525574	11.309175	3.62250018119812
11.325502	0.0857500061392784	11.331735	3.62325024604797
11.348045	0.0857500061392784	11.354283	3.6236252784729
11.370603	0.0862500071525574	11.376855	3.62462520599365
11.393182	0.0877500027418137	11.399414	3.62587523460388
11.415734	0.0877500027418137	11.421966	3.62650012969971
11.438287	0.086375005543232	11.444537	3.62600016593933
11.460879	0.0862500071525574	11.467113	3.62487506866455
11.48344	0.0856250077486038	11.489673	3.62350010871887
11.505993	0.085875004529953	11.512227	3.62337517738342
11.528551	0.085875004529953	11.534788	3.62425017356873
11.551108	0.0862500071525574	11.557343	3.62525010108948
11.573686	0.0876250043511391	11.579919	3.62650012969971
11.596243	0.0876250043511391	11.602476	3.62700009346008
11.618798	0.0862500071525574	11.625035	3.62612509727478
11.641356	0.085875004529953	11.647589	3.62537527084351
11.663914	0.0865000039339066	11.670146	3.62462520599365
11.686478	0.0870000049471855	11.692715	3.62350010871887
11.709033	0.0866250023245811	11.715271	3.62487506866455
11.731601	0.0867500007152557	11.737833	3.62587523460388
11.754158	0.0880000069737434	11.760391	3.62675023078918
11.776723	0.0865000039339066	11.78296	3.62725019454956
11.799271	0.0861250013113022	11.805504	3.62637519836426
11.821849	0.0870000049471855	11.828081	3.62462520599365
11.844409	0.085875004529953	11.850646	3.62425017356873
11.866967	0.0865000039339066	11.873205	3.62462520599365
11.889524	0.0868750065565109	11.895757	3.62550020217896
11.912087	0.086375005543232	11.918319	3.62700009346008
11.934644	0.0880000069737434	11.940876	3.62737512588501
11.957211	0.0867500007152557	11.963448	3.62825012207031
11.979769	0.0865000039339066	11.986001	3.62687516212463
12.002327	0.085375003516674	12.00856	3.62512516975403
12.024885	0.0862500071525574	12.031117	3.62462520599365
12.04746	0.0870000049471855	12.053698	3.62487506866455
12.070016	0.0862500071525574	12.076249	3.62537527084351
12.092573	0.0872500017285347	12.098805	3.62687516212463
12.11513	0.0873750075697899	12.121362	3.62762522697449
12.137683	0.086375005543232	12.143917	3.62775015830994
12.160237	0.0862500071525574	12.16647	3.62650012969971
12.182792	0.0856250077486038	12.189025	3.62537527084351
12.205346	0.086375005543232	12.211581	3.62462520599365
12.227904	0.0862500071525574	12.234136	3.62525010108948
12.250457	0.0868750065565109	12.256691	3.62650012969971
12.273011	0.0862500071525574	12.279243	3.62750005722046
12.295568	0.0872500017285347	12.301806	3.62862515449524
12.318147	0.0862500071525574	12.324384	3.62800025939941
12.340705	0.0898750051856041	12.346956	3.62650012969971
12.363281	0.0855000019073486	12.369513	3.6256251335144
12.385828	0.085875004529953	12.392056	3.62550020217896
12.408381	0.0861250013113022	12.414619	3.62550020217896
12.430937	0.0862500071525574	12.437169	3.62712526321411
12.453512	0.0880000069737434	12.45974	3.62837505340576
12.47607	0.0866250023245811	12.48231	3.62912511825562
12.498636	0.0862500071525574	12.504874	3.62775015830994
12.521226	0.0861250013113022	12.527459	3.62662506103516
12.543778	0.0845000073313713	12.550011	3.6256251335144
12.566334	0.0851250067353249	12.572571	3.62550020217896
12.588891	0.0865000039339066	12.595128	3.62637519836426
12.611447	0.0901250019669533	12.61768	3.62787508964539
12.634003	0.0877500027418137	12.640235	3.62825012207031
12.65658	0.0875000059604645	12.662817	3.62900018692017
12.679136	0.0866250023245811	12.685374	3.62800025939941
12.70171	0.0867500007152557	12.707943	3.62687516212463
12.72428	0.0830000042915344	12.730512	3.62600016593933
12.746831	0.085375003516674	12.753063	3.62587523460388
12.769382	0.0850000008940697	12.77562	3.62637519836426
12.791939	0.0865000039339066	12.798172	3.62825012207031
12.814497	0.088125005364418	12.820736	3.62912511825562
12.83706	0.0870000049471855	12.843298	3.62912511825562
12.859617	0.0857500061392784	12.86585	3.62812519073486
12.882194	0.0857500061392784	12.888426	3.62700009346008
12.904753	0.085875004529953	12.910986	3.62612509727478
12.927306	0.086375005543232	12.933543	3.6256251335144
12.949865	0.0860000029206276	12.956098	3.62662506103516
12.972422	0.0876250043511391	12.978654	3.62787508964539
12.994978	0.0887500047683716	13.00122	3.62912511825562
13.01754	0.0883750021457672	13.023778	3.62912511825562
13.040097	0.0856250077486038	13.046329	3.62875008583069
13.062655	0.0866250023245811	13.068887	3.62700009346008
13.085212	0.0860000029206276	13.091445	3.62637519836426
13.107764	0.0877500027418137	13.114002	3.62650012969971
13.13032	0.0866250023245811	13.136578	3.62725019454956
13.152903	0.0875000059604645	13.159135	3.62887525558472
13.175459	0.0880000069737434	13.181705	3.62900018692017
13.198024	0.085875004529953	13.204261	3.62950015068054
13.22058	0.0860000029206276	13.226813	3.62787508964539
13.243134	0.085875004529953	13.249367	3.62675023078918
13.265717	0.086375005543232	13.27195	3.62612509727478
13.288271	0.0856250077486038	13.294509	3.62675023078918
13.310827	0.0868750065565109	13.317073	3.62825012207031
13.333404	0.088125005364418	13.339636	3.62912511825562
13.355959	0.0882500037550926	13.362198	3.62912511825562
13.378517	0.086375005543232	13.38475	3.62937521934509
13.401071	0.0861250013113022	13.407305	3.62787508964539
13.42363	0.0852500051259995	13.429857	3.62725019454956
13.446215	0.0856250077486038	13.452464	3.62612509727478
13.468787	0.0866250023245811	13.475015	3.62700009346008
13.491343	0.0862500071525574	13.497576	3.62812519073486
13.513901	0.0885000005364418	13.520134	3.62950015068054
13.536478	0.0870000049471855	13.542716	3.62987518310547
13.559035	0.0873750075697899	13.565274	3.62912511825562
13.581608	0.0861250013113022	13.587841	3.62825012207031
13.60418	0.0846250057220459	13.610412	3.62662506103516
13.626732	0.0856250077486038	13.63297	3.62700009346008
13.649291	0.0860000029206276	13.655528	3.62750005722046
13.671849	0.0868750065565109	13.678081	3.62862515449524
13.694405	0.0871250033378601	13.700637	3.62962508201599
13.716964	0.0898750051856041	13.723202	3.6302502155304
13.739521	0.0860000029206276	13.745754	3.62950015068054
13.762087	0.0857500061392784	13.768319	3.62850022315979
13.784659	0.0850000008940697	13.790891	3.62637519836426
13.80721	0.0867500007152557	13.813443	3.62700009346008
13.829794	0.0861250013113022	13.836032	3.62825012207031
13.852358	0.0867500007152557	13.85859	3.62875008583069
13.874917	0.0883750021457672	13.881149	3.63012528419495
13.897473	0.0871250033378601	13.90371	3.63012528419495
13.920029	0.0842500030994415	13.926262	3.62887525558472
13.942587	0.089125007390976	13.948819	3.62800025939941
13.965148	0.0850000008940697	13.97138	3.62700009346008
13.987701	0.0862500071525574	13.993938	3.62712526321411
14.010261	0.0872500017285347	14.016494	3.62825012207031
14.032817	0.0875000059604645	14.03905	3.62937521934509
14.055376	0.0920000076293945	14.061609	3.63050007820129
14.077929	0.0865000039339066	14.084167	3.63000011444092
14.100486	0.085375003516674	14.106718	3.62837505340576
14.123042	0.0862500071525574	14.129274	3.62762522697449
14.1456	0.0865000039339066	14.151833	3.62662506103516
14.168151	0.0866250023245811	14.174388	3.62737512588501
14.190708	0.0856250077486038	14.196958	3.62862515449524
14.213283	0.0876250043511391	14.219515	3.62975025177002
14.235834	0.0875000059604645	14.242067	3.63050007820129
14.258387	0.0861250013113022	14.264624	3.62950015068054
14.280944	0.0861250013113022	14.287177	3.62900018692017
14.303501	0.0851250067353249	14.309734	3.62750005722046
14.326061	0.0838750004768372	14.332299	3.62737512588501
14.348621	0.0867500007152557	14.354854	3.62825012207031
14.371176	0.0861250013113022	14.377408	3.62887525558472
14.393732	0.0878750011324883	14.399965	3.63000011444092
14.416286	0.0865000039339066	14.422524	3.63062524795532
14.438836	0.0865000039339066	14.445069	3.63000011444092
14.461413	0.0856250077486038	14.467646	3.62862515449524
14.48398	0.0828750059008598	14.490213	3.62712526321411
14.506548	0.083625003695488	14.512787	3.62725019454956
14.529122	0.0865000039339066	14.535359	3.62837505340576
14.551706	0.085875004529953	14.55794	3.62912511825562
14.574265	0.0882500037550926	14.580498	3.63012528419495
14.596818	0.0868750065565109	14.603056	3.63075017929077
14.619374	0.0871250033378601	14.625611	3.62962508201599
14.641935	0.0861250013113022	14.648167	3.62875008583069
14.664492	0.0861250013113022	14.670725	3.62787508964539
14.68706	0.085375003516674	14.693297	3.62675023078918
14.70963	0.0868750065565109	14.715863	3.62850022315979
14.732182	0.0870000049471855	14.738415	3.62937521934509
14.75474	0.0888750031590462	14.760973	3.63062524795532
14.777291	0.0871250033378601	14.783529	3.63062524795532
14.799848	0.085875004529953	14.806097	3.62962508201599
14.822437	0.0867500007152557	14.82867	3.62850022315979
14.844996	0.0865000039339066	14.85123	3.62750005722046
14.86755	0.085875004529953	14.873787	3.62775015830994
14.890111	0.0856250077486038	14.896344	3.62862515449524
14.91267	0.0903750061988831	14.918902	3.63000011444092
14.935228	0.0862500071525574	14.941461	3.63075017929077
14.957781	0.0862500071525574	14.964017	3.63050007820129
14.980337	0.0866250023245811	14.98658	3.62950015068054
15.002905	0.0845000073313713	15.009137	3.62787508964539
15.025461	0.0857500061392784	15.031707	3.62750005722046
15.048027	0.0865000039339066	15.054264	3.62762522697449
15.070586	0.0861250013113022	15.076819	3.62875008583069
15.093144	0.0866250023245811	15.099376	3.6302502155304
15.115711	0.088125005364418	15.121944	3.63075017929077
15.138264	0.0862500071525574	15.144501	3.63012528419495
15.16082	0.083625003695488	15.167054	3.62937521934509
15.183378	0.0855000019073486	15.18961	3.62837505340576
15.20593	0.0866250023245811	15.212163	3.62762522697449
15.228483	0.0866250023245811	15.23472	3.62800025939941
15.251039	0.0868750065565109	15.257272	3.62875008583069
15.27359	0.0876250043511391	15.279822	3.63037514686584
15.296143	0.0871250033378601	15.302375	3.63087511062622
15.318701	0.088125005364418	15.324938	3.63000011444092
15.341259	0.0865000039339066	15.347492	3.62950015068054
15.363816	0.0838750004768372	15.370049	3.62800025939941
15.386391	0.0860000029206276	15.392628	3.62787508964539
15.408947	0.0856250077486038	15.415185	3.62837505340576
15.431534	0.0868750065565109	15.437779	3.62912511825562
15.454124	0.0877500027418137	15.460358	3.63037514686584
15.476688	0.0882500037550926	15.482915	3.6311252117157
15.499241	0.0871250033378601	15.505473	3.63037514686584
15.521804	0.0857500061392784	15.528044	3.62837505340576
15.544367	0.0856250077486038	15.550599	3.62787508964539
15.56692	0.0856250077486038	15.573153	3.62800025939941
15.589473	0.086375005543232	15.59571	3.62837505340576
15.612033	0.0860000029206276	15.618265	3.63037514686584
15.634589	0.0882500037550926	15.640822	3.63050007820129
15.657143	0.0870000049471855	15.663382	3.63075017929077
15.679702	0.0871250033378601	15.685934	3.63012528419495
15.702259	0.0865000039339066	15.708492	3.62837505340576
15.724816	0.0850000008940697	15.731048	3.62787508964539
15.747367	0.086375005543232	15.753604	3.62775015830994
15.769923	0.0872500017285347	15.776156	3.62900018692017
15.792485	0.0861250013113022	15.798718	3.62950015068054
15.815053	0.0893750041723251	15.821292	3.63037514686584
15.837632	0.0868750065565109	15.843871	3.63062524795532
15.860196	0.0856250077486038	15.866429	3.63012528419495
15.882754	0.0867500007152557	15.888987	3.62912511825562
15.90531	0.0892500057816505	15.911543	3.62825012207031
15.927863	0.0866250023245811	15.9341	3.62812519073486
15.950418	0.0862500071525574	15.956651	3.62900018692017
15.972975	0.0876250043511391	15.979207	3.63037514686584
15.995534	0.089125007390976	16.001767	3.63075017929077
16.018101	0.0861250013113022	16.024339	3.63062524795532
16.040659	0.0865000039339066	16.046891	3.63000011444092
16.063217	0.085875004529953	16.06945	3.62875008583069
16.08577	0.0861250013113022	16.092005	3.62812519073486
16.108326	0.085875004529953	16.114563	3.62850022315979
16.130882	0.0871250033378601	16.137115	3.62925028800964
16.153438	0.0885000005364418	16.15967	3.63075017929077
16.175989	0.0875000059604645	16.182227	3.63037514686584
16.198545	0.085875004529953	16.204783	3.63075017929077
16.221116	0.0865000039339066	16.227349	3.62987518310547
16.243669	0.0861250013113022	16.249901	3.62850022315979
16.266221	0.0860000029206276	16.272458	3.62737512588501
16.288779	0.0902500078082085	16.295016	3.62837505340576
16.311336	0.0867500007152557	16.317574	3.62975025177002
16.3339	0.0911250039935112	16.340131	3.6302502155304
16.35645	0.0885000005364418	16.362688	3.6311252117157
16.379006	0.085875004529953	16.385243	3.63062524795532
16.401562	0.0868750065565109	16.407795	3.62925028800964
16.424122	0.0867500007152557	16.430354	3.62825012207031
16.446704	0.086375005543232	16.452953	3.62800025939941
16.469282	0.0868750065565109	16.475522	3.62862515449524
16.491854	0.0847500041127205	16.498087	3.62987518310547
16.514414	0.0883750021457672	16.520647	3.63075017929077
16.536968	0.088625006377697	16.543205	3.6311252117157
16.559527	0.0860000029206276	16.56576	3.63050007820129
16.582087	0.0866250023245811	16.588319	3.62900018692017
16.604646	0.085875004529953	16.61088	3.62850022315979
16.627203	0.0882500037550926	16.633435	3.62812519073486
16.649757	0.0900000035762787	16.65599	3.62862515449524
16.672316	0.0865000039339066	16.678549	3.6302502155304
16.69487	0.0865000039339066	16.701103	3.63100028038025
16.717444	0.0870000049471855	16.723676	3.6313750743866
16.739996	0.0877500027418137	16.746228	3.62975025177002
16.762552	0.0865000039339066	16.768785	3.62912511825562
16.785109	0.0856250077486038	16.791342	3.62762522697449
16.807663	0.0861250013113022	16.813901	3.62825012207031
16.830258	0.0870000049471855	16.836497	3.62925028800964
16.852826	0.0841250047087669	16.85906	3.6302502155304
16.875385	0.0875000059604645	16.881618	3.63125014305115
16.897937	0.0900000035762787	16.904175	3.63125014305115
16.920494	0.0862500071525574	16.926727	3.6302502155304
16.943057	0.0865000039339066	16.94929	3.62912511825562
16.965615	0.086375005543232	16.971849	3.62812519073486
16.98817	0.0855000019073486	16.994407	3.62837505340576
17.010727	0.0868750065565109	17.016965	3.62887525558472
17.033289	0.0880000069737434	17.039521	3.63037514686584
17.055841	0.0880000069737434	17.062087	3.63162517547607
17.078406	0.0876250043511391	17.084644	3.6311252117157
17.100962	0.086375005543232	17.107194	3.63012528419495
17.123522	0.085875004529953	17.129754	3.62925028800964
17.1461	0.0857500061392784	17.152337	3.62787508964539
17.168657	0.0866250023245811	17.174889	3.62850022315979
17.191223	0.0867500007152557	17.197456	3.62962508201599
17.21378	0.0887500047683716	17.220013	3.63075017929077
17.236333	0.0882500037550926	17.24257	3.63175010681152
17.258888	0.0862500071525574	17.265125	3.6313750743866
17.281445	0.0861250013113022	17.287678	3.62962508201599
17.304001	0.0855000019073486	17.310234	3.62925028800964
17.326581	0.0873750075697899	17.332819	3.62825012207031
17.349129	0.0860000029206276	17.355361	3.62887525558472
17.371705	0.0868750065565109	17.377938	3.63000011444092
17.394263	0.0887500047683716	17.400495	3.6313750743866
17.416814	0.0902500078082085	17.423051	3.63150024414062
17.439374	0.0876250043511391	17.445626	3.62987518310547
17.461953	0.086375005543232	17.468186	3.62975025177002
17.484506	0.0855000019073486	17.490739	3.62850022315979
17.507064	0.0847500041127205	17.513303	3.62850022315979
17.529629	0.086375005543232	17.535862	3.62925028800964
17.552188	0.085375003516674	17.558421	3.63037514686584
17.574745	0.0868750065565109	17.580978	3.63187527656555
17.597298	0.0872500017285347	17.603536	3.63187527656555
17.619856	0.0867500007152557	17.626096	3.6302502155304
17.64242	0.086375005543232	17.648653	3.62950015068054
17.664977	0.085375003516674	17.671226	3.62850022315979
17.687549	0.0868750065565109	17.693788	3.62837505340576
17.7101	0.0872500017285347	17.716333	3.62937521934509
17.732654	0.0865000039339066	17.738886	3.63062524795532
17.755206	0.0872500017285347	17.76144	3.63187527656555
17.77776	0.0867500007152557	17.783993	3.6313750743866
17.800304	0.0866250023245811	17.806537	3.6302502155304
17.822887	0.0860000029206276	17.82912	3.62950015068054
17.845456	0.0866250023245811	17.851705	3.62925028800964
17.868026	0.085875004529953	17.874264	3.62887525558472
17.890585	0.0867500007152557	17.896817	3.63000011444092
17.913142	0.0866250023245811	17.919375	3.63075017929077
17.935713	0.0880000069737434	17.941946	3.63150024414062
17.958265	0.0871250033378601	17.964504	3.63037514686584
17.980823	0.0867500007152557	17.987056	3.63075017929077
18.00338	0.0841250047087669	18.009614	3.62937521934509
18.025948	0.085375003516674	18.032186	3.62887525558472
18.048496	0.085875004529953	18.054729	3.62850022315979
18.071048	0.086375005543232	18.07728	3.62987518310547
18.093604	0.0880000069737434	18.099836	3.63125014305115
18.116156	0.0851250067353249	18.122393	3.632000207901
18.138713	0.0866250023245811	18.144951	3.63125014305115
18.16127	0.0870000049471855	18.167503	3.63037514686584
18.183826	0.0841250047087669	18.190058	3.62837505340576
18.206386	0.0865000039339066	18.212623	3.62875008583069
18.228944	0.0857500061392784	18.235181	3.62875008583069
18.251513	0.0860000029206276	18.257745	3.63000011444092
18.27407	0.0867500007152557	18.280302	3.63150024414062
18.296621	0.0875000059604645	18.302859	3.63187527656555
18.319184	0.0868750065565109	18.325422	3.63162517547607
18.34174	0.0865000039339066	18.347972	3.63075017929077
18.364297	0.0883750021457672	18.370529	3.62900018692017
18.386858	0.085875004529953	18.393095	3.62862515449524
18.409417	0.0857500061392784	18.415655	3.62950015068054
18.431999	0.0850000008940697	18.438231	3.63075017929077
18.454589	0.0876250043511391	18.460822	3.6313750743866
18.477149	0.0871250033378601	18.483383	3.63175010681152
18.499713	0.0861250013113022	18.505946	3.6313750743866
18.522273	0.0860000029206276	18.528506	3.63012528419495
18.54483	0.085375003516674	18.551057	3.62900018692017
18.567378	0.0860000029206276	18.573615	3.62862515449524
18.589936	0.0856250077486038	18.596187	3.62950015068054
18.612516	0.0910000056028366	18.618748	3.63100028038025
18.635068	0.0878750011324883	18.641312	3.63162517547607
18.657633	0.0875000059604645	18.663871	3.63150024414062
18.68019	0.085875004529953	18.686422	3.63125014305115
18.702747	0.086375005543232	18.708979	3.62962508201599
18.725303	0.0865000039339066	18.731536	3.62900018692017
18.747855	0.0862500071525574	18.754092	3.62937521934509
18.770412	0.0861250013113022	18.776644	3.62950015068054
18.792965	0.0865000039339066	18.799198	3.63150024414062
18.815536	0.0872500017285347	18.821787	3.63162517547607
18.838114	0.0866250023245811	18.844346	3.63175010681152
18.860669	0.0861250013113022	18.866902	3.63125014305115
18.883223	0.0872500017285347	18.88945	3.63000011444092
18.905771	0.0830000042915344	18.912008	3.62912511825562
18.928327	0.086375005543232	18.93457	3.62875008583069
18.950904	0.0876250043511391	18.957137	3.62975025177002
18.973457	0.0862500071525574	18.979689	3.6313750743866
18.996009	0.0885000005364418	19.002247	3.63212513923645
19.018566	0.0871250033378601	19.024799	3.6313750743866
19.041118	0.0867500007152557	19.04735	3.6311252117157
19.063675	0.0850000008940697	19.069907	3.63000011444092
19.086227	0.085875004529953	19.092464	3.62887525558472
19.108783	0.0862500071525574	19.115017	3.62937521934509
19.131349	0.0872500017285347	19.137582	3.62987518310547
19.153906	0.0885000005364418	19.160139	3.63125014305115
19.176476	0.0883750021457672	19.182713	3.63187527656555
19.199033	0.0868750065565109	19.20527	3.63175010681152
19.221601	0.086375005543232	19.227834	3.6311252117157
19.244158	0.0860000029206276	19.25039	3.62937521934509
19.266709	0.0830000042915344	19.272946	3.62875008583069
19.289266	0.0868750065565109	19.295503	3.62950015068054
19.311824	0.0865000039339066	19.318062	3.6302502155304
19.3344	0.0876250043511391	19.340633	3.63162517547607
19.356969	0.0880000069737434	19.363206	3.6313750743866
19.379526	0.0865000039339066	19.385758	3.632000207901
19.402088	0.0860000029206276	19.40832	3.6302502155304
19.424644	0.0855000019073486	19.43087	3.62975025177002
19.447215	0.0855000019073486	19.453452	3.62900018692017
19.469768	0.0857500061392784	19.475995	3.62937521934509
19.492329	0.0868750065565109	19.498562	3.63087511062622
19.514902	0.088125005364418	19.521135	3.632000207901
19.537463	0.0876250043511391	19.5437	3.63237524032593
19.560022	0.086375005543232	19.566256	3.63187527656555
19.582581	0.0862500071525574	19.588809	3.63000011444092
19.605136	0.0855000019073486	19.611369	3.62987518310547
19.62769	0.0861250013113022	19.633927	3.62862515449524
19.650245	0.0868750065565109	19.656479	3.62987518310547
19.6728	0.0870000049471855	19.679033	3.63125014305115
19.695359	0.0885000005364418	19.701598	3.63237524032593
