Time_sec1	Voltage_A0TG	Time_sec2	Voltage_A1TG
0	1.10375010967255	0.006233	3.64712524414062
0.022557	1.10462510585785	0.02879	3.64837527275085
0.045108	1.10625004768372	0.051346	3.64887523651123
0.067664	1.10587501525879	0.073897	3.65037512779236
0.090235	1.10612499713898	0.096467	3.65062522888184
0.112782	1.1047500371933	0.119015	3.65125012397766
0.135335	1.10425007343292	0.141571	3.64987516403198
0.157889	1.10412502288818	0.164122	3.64900016784668
0.180445	1.10325002670288	0.186678	3.647625207901
0.203022	1.10512506961823	0.209256	3.64837527275085
0.225577	1.10400009155273	0.231815	3.64937520027161
0.248134	1.10550010204315	0.254367	3.65062522888184
0.270692	1.10425007343292	0.276924	3.65112519264221
0.293252	1.1056250333786	0.299485	3.65100026130676
0.315808	1.10500001907349	0.32204	3.64937520027161
0.338364	1.10450005531311	0.344592	3.64862513542175
0.360912	1.10462510585785	0.367146	3.64800024032593
0.383476	1.10512506961823	0.389708	3.64862513542175
0.406029	1.10425007343292	0.412262	3.64950013160706
0.428595	1.10600006580353	0.434828	3.65050005912781
0.451158	1.10487508773804	0.45739	3.65100026130676
0.473711	1.103875041008	0.479949	3.64987516403198
0.496269	1.10550010204315	0.502507	3.64912509918213
0.518828	1.103875041008	0.525061	3.64800024032593
0.541385	1.10512506961823	0.547617	3.64775013923645
0.563961	1.10462510585785	0.570199	3.64887523651123
0.586517	1.10425007343292	0.592755	3.64925026893616
0.609092	1.10437500476837	0.615325	3.65075016021729
0.631648	1.10150003433228	0.637881	3.65075016021729
0.654202	1.10500001907349	0.660439	3.64937520027161
0.676759	1.10487508773804	0.682996	3.64912509918213
0.699332	1.103875041008	0.705565	3.647625207901
0.721891	1.10400009155273	0.728123	3.64825010299683
0.744456	1.10512506961823	0.750693	3.64912509918213
0.767013	1.10462510585785	0.773246	3.64987516403198
0.789572	1.10537505149841	0.795805	3.65037512779236
0.812129	1.10400009155273	0.818361	3.65050005912781
0.834705	1.103875041008	0.840939	3.6496250629425
0.857271	1.10450005531311	0.863524	3.64862513542175
0.879851	1.10425007343292	0.886082	3.6478750705719
0.902407	1.10437500476837	0.908641	3.64750027656555
0.924968	1.10612499713898	0.931206	3.64912509918213
0.947518	1.10500001907349	0.953772	3.65025019645691
0.9701	1.10512506961823	0.976332	3.65037512779236
0.992657	1.10525000095367	0.998897	3.65062522888184
1.015218	1.10862505435944	1.021456	3.64937520027161
1.037774	1.10437500476837	1.044006	3.64737510681152
1.060329	1.10450005531311	1.066561	3.64775013923645
1.082881	1.10462510585785	1.089114	3.64862513542175
1.105445	1.10250008106232	1.111683	3.64925026893616
1.128002	1.10437500476837	1.134234	3.65012526512146
1.150558	1.10525000095367	1.15679	3.65050005912781
1.173108	1.10500001907349	1.179341	3.64987516403198
1.195676	1.1047500371933	1.201921	3.64912509918213
1.218243	1.10462510585785	1.224476	3.64387512207031
1.240801	1.07975006103516	1.247033	3.64137506484985
1.263372	0.947625041007996	1.26961	3.54300022125244
1.285932	0.824750065803528	1.292164	3.29787516593933
1.308484	0.723875045776367	1.314729	2.9583752155304
1.331049	0.630250036716461	1.337282	2.63275003433228
1.353603	0.548000037670135	1.359838	2.33562517166138
1.376159	0.470875024795532	1.382391	2.11325001716614
1.398711	0.403000026941299	1.404943	1.9401251077652
1.421268	0.338250011205673	1.4275	1.82225012779236
1.443824	0.286750018596649	1.450061	1.73637509346008
1.46638	0.238375008106232	1.472618	1.68100011348724
1.488942	0.19912500679493	1.495181	1.64462506771088
1.511505	0.163375005125999	1.517737	1.62275004386902
1.534058	0.128375008702278	1.540296	1.60987508296967
1.556616	0.0986250042915344	1.562853	1.60437512397766
1.579182	0.0658750012516975	1.585415	1.60250008106232
1.601739	0.0412500016391277	1.607971	1.60175013542175
1.62429	0.0193750001490116	1.630528	1.60125005245209
1.646861	0.0020000000949949	1.653094	1.60000002384186
1.669404	0.00412499997764826	1.675637	1.59662508964539
1.691963	0.00337500008754432	1.698202	1.58887505531311
1.714521	0.00125000008847564	1.720758	1.58050012588501
1.737077	0.00100000004749745	1.743309	1.56937503814697
1.759633	0.000250000011874363	1.765865	1.55925011634827
1.782189	0	1.788421	1.54887509346008
1.804736	0.00100000004749745	1.810968	1.53925001621246
1.82732	0.00175000005401671	1.833602	1.52975010871887
1.849923	0.00375000014901161	1.85615	1.52237510681152
1.872484	0.00325000006705523	1.878717	1.51350009441376
1.895036	0.00262500019744039	1.901274	1.50525009632111
1.917596	0.00150000001303852	1.923828	1.49725008010864
1.940154	0.00125000008847564	1.946386	1.49187505245209
1.96271	-0.000500000023748726	1.968938	1.4870001077652
1.985264	0.00387500016950071	1.991501	1.48437511920929
2.00782	0.00300000002607703	2.014057	1.48262512683868
2.030385	0.00412499997764826	2.036617	1.48025012016296
2.052933	0.00325000006705523	2.059161	1.47787511348724
2.075483	0.0020000000949949	2.08172	1.4760000705719
2.098039	0.0020000000949949	2.104272	1.47437512874603
2.120596	0.000125000005937181	2.126829	1.47337508201599
2.143149	0.000625000044237822	2.149382	1.47500002384186
2.1657	0.00162500003352761	2.171937	1.47675001621246
2.188256	0.004250000230968	2.194506	1.48087501525879
2.210837	0.00537500018253922	2.217069	1.48337507247925
2.233407	0.00187500007450581	2.239645	1.48762512207031
2.255966	0.000875000027008355	2.262204	1.49287509918213
2.278528	0.000250000011874363	2.284762	1.50075006484985
2.301087	0.00150000001303852	2.307319	1.51262509822845
2.323639	0.00125000008847564	2.329876	1.52625012397766
2.346195	0.000875000027008355	2.352433	1.54537510871887
2.368753	0.00475000031292439	2.374986	1.56625008583069
2.39131	0.00350000010803342	2.397544	1.59050011634827
2.413872	0.000500000023748726	2.420109	1.62200009822845
2.43643	0.000500000023748726	2.442663	1.66562509536743
2.458984	0.00137500010896474	2.465216	1.72262513637543
2.481538	0.00125000008847564	2.487771	1.80075013637543
2.504093	-0.000250000011874363	2.510327	1.8903751373291
2.526647	0.00137500010896474	2.532879	1.99312508106232
2.549199	0.00512500014156103	2.555431	2.09162521362305
2.57177	0.00337500008754432	2.578003	2.18587517738342
2.594341	0.00137500010896474	2.600578	2.26175022125244
2.6169	0.00112500006798655	2.623133	2.3287501335144
2.639469	0.00112500006798655	2.645701	2.37712502479553
2.662025	0.000625000044237822	2.668257	2.43212509155273
2.684576	0.00575000047683716	2.690813	2.46962523460388
2.707136	0.00412499997764826	2.713369	2.50450015068054
2.729694	0.00937500037252903	2.735926	2.53337502479553
2.752254	0.00925000011920929	2.758486	2.5613751411438
2.774831	0.0101250000298023	2.781064	2.585125207901
2.797384	0.00800000037997961	2.803617	2.60875010490417
2.819942	0.012750000692904	2.826195	2.63100004196167
2.84252	0.0147500010207295	2.84875	2.65387511253357
2.865093	0.016125001013279	2.871331	2.6771252155304
2.887651	0.0210000015795231	2.893885	2.69812512397766
2.91021	0.0221250001341105	2.916442	2.71725010871887
2.932769	0.0221250001341105	2.939002	2.73587512969971
2.955337	0.0238750018179417	2.961574	2.75137519836426
2.977893	0.0240000002086163	2.984126	2.76612520217896
3.000453	0.027750002220273	3.006681	2.78037524223328
3.023007	0.0295000020414591	3.02924	2.79337501525879
3.045561	0.0296250022947788	3.051798	2.80662512779236
3.068118	0.0345000028610229	3.074351	2.81800007820129
3.090673	0.0350000001490116	3.096905	2.82712507247925
3.113225	0.0336250029504299	3.119469	2.83462524414062
3.135788	0.0355000011622906	3.142025	2.84000015258789
3.158348	0.0367499999701977	3.16458	2.84537506103516
3.180905	0.038500003516674	3.187137	2.85062503814697
3.203494	0.0392500013113022	3.209733	2.85562515258789
3.226056	0.0407500006258488	3.232293	2.86150002479553
3.248613	0.0442500002682209	3.254846	2.86675024032593
3.271171	0.0442500002682209	3.277403	2.87200021743774
3.293722	0.0450000017881393	3.29996	2.87637519836426
3.31628	0.0457500033080578	3.322517	2.88050007820129
3.33884	0.0467500016093254	3.345073	2.88662505149841
3.361398	0.0476250015199184	3.36763	2.89350008964539
3.383961	0.049625001847744	3.390198	2.90237522125244
3.406517	0.0507500022649765	3.412754	2.91400003433228
3.429092	0.0530000030994415	3.435324	2.92487502098083
3.451647	0.0525000020861626	3.457879	2.93787503242493
3.474198	0.052375003695488	3.480435	2.95000004768372
3.496754	0.0508750006556511	3.502992	2.96362519264221
3.519315	0.053250003606081	3.525548	2.97875022888184
3.541868	0.0550000034272671	3.548101	2.99512505531311
3.564442	0.0536250025033951	3.570679	3.0145001411438
3.587012	0.0582500025629997	3.593245	3.03225016593933
3.609569	0.0617500022053719	3.615802	3.05162525177002
3.632117	0.0598750039935112	3.63835	3.06937503814697
3.654678	0.0607500039041042	3.660912	3.08662509918213
3.677232	0.0626250058412552	3.683479	3.10300016403198
3.699815	0.0608750022947788	3.706047	3.11950016021729
3.722372	0.0617500022053719	3.728605	3.13687515258789
3.744926	0.0632500052452087	3.751163	3.15437507629395
3.767481	0.0655000060796738	3.773714	3.1707501411438
3.790038	0.0676250010728836	3.79627	3.18600010871887
3.81259	0.0655000060796738	3.818828	3.19937515258789
3.83518	0.0655000060796738	3.841414	3.2112500667572
3.857726	0.0656250044703484	3.864006	3.22237515449524
3.880332	0.0665000006556511	3.886559	3.23362517356873
3.902885	0.0682500004768372	3.909117	3.24437522888184
3.925436	0.0692500025033951	3.931674	3.25650024414062
3.947994	0.0713750049471855	3.954238	3.26712512969971
3.970563	0.0708750039339066	3.976795	3.27687525749207
3.993113	0.0710000023245811	3.999345	3.28462505340576
4.01567	0.0720000043511391	4.021907	3.29137516021729
4.038226	0.0713750049471855	4.044455	3.29875016212463
4.060782	0.073000006377697	4.067014	3.30562520027161
4.083334	0.078125	4.089571	3.3131251335144
4.105891	0.0737500041723251	4.112128	3.32187509536743
4.128439	0.0783750042319298	4.134677	3.33000016212463
4.151002	0.0756250023841858	4.157235	3.3360002040863
4.173573	0.0751250013709068	4.179811	3.34087514877319
4.196147	0.0758750066161156	4.202391	3.34600019454956
4.218723	0.0755000039935112	4.224956	3.3510000705719
4.241282	0.0767500028014183	4.247515	3.35637521743774
4.263861	0.0757500007748604	4.270098	3.36325025558472
4.286418	0.0788750052452087	4.292656	3.36950016021729
4.308984	0.0805000066757202	4.315217	3.37525010108948
4.331542	0.0787500068545341	4.337774	3.3802502155304
4.354093	0.0800000056624413	4.360331	3.38387513160706
4.376657	0.0777500048279762	4.382895	3.38762521743774
4.399216	0.0787500068545341	4.405449	3.39162516593933
4.421788	0.0805000066757202	4.42802	3.39562511444092
4.444354	0.0845000073313713	4.450591	3.40075016021729
4.466912	0.0827500075101852	4.473145	3.4057502746582
4.489469	0.0826250016689301	4.495701	3.41137504577637
4.512027	0.0815000012516975	4.51826	3.4143750667572
4.53458	0.083625003695488	4.540817	3.41700005531311
4.557136	0.0817500054836273	4.563369	3.41937518119812
4.579684	0.0826250016689301	4.585916	3.42212510108948
4.602244	0.0828750059008598	4.608477	3.42475008964539
4.624799	0.0835000053048134	4.631038	3.42987513542175
4.64736	0.0847500041127205	4.653593	3.43350005149841
4.669918	0.0845000073313713	4.676152	3.43712520599365
4.692473	0.0841250047087669	4.698711	3.43937516212463
4.715033	0.0826250016689301	4.721266	3.44075012207031
4.737586	0.0835000053048134	4.743819	3.44212508201599
4.760148	0.0850000008940697	4.76638	3.4436252117157
4.782706	0.0865000039339066	4.788938	3.44712519645691
4.805259	0.0852500051259995	4.811497	3.45012521743774
4.827855	0.0873750075697899	4.83409	3.45337510108948
4.850419	0.0871250033378601	4.856652	3.45587515830994
4.872981	0.0855000019073486	4.879214	3.45675015449524
4.895535	0.0866250023245811	4.901772	3.45812511444092
4.918091	0.085875004529953	4.92434	3.45887517929077
4.940669	0.088125005364418	4.946901	3.46050024032593
4.963222	0.0875000059604645	4.969469	3.46300005912781
4.985791	0.0843750014901161	4.992028	3.46600008010864
5.008347	0.0898750051856041	5.014594	3.46887516975403
5.030928	0.088125005364418	5.037161	3.47037506103516
5.053481	0.088625006377697	5.05972	3.47200012207031
5.076039	0.0887500047683716	5.082277	3.47300004959106
5.098607	0.0901250019669533	5.104841	3.47300004959106
5.12117	0.088125005364418	5.127402	3.4748752117157
5.143723	0.0897500067949295	5.149955	3.47787523269653
5.166265	0.0887500047683716	5.172504	3.48050022125244
5.188825	0.0905000045895576	5.195076	3.48350024223328
5.211411	0.0897500067949295	5.217644	3.48550009727478
5.233964	0.0888750031590462	5.240202	3.48600006103516
5.256522	0.0895000025629997	5.26276	3.48712515830994
5.279092	0.0896250009536743	5.285325	3.48825025558472
5.301659	0.0897500067949295	5.307892	3.4905002117157
5.324213	0.0897500067949295	5.33045	3.49325013160706
5.346771	0.0913750007748604	5.353009	3.49637508392334
5.369329	0.0913750007748604	5.375561	3.49875020980835
5.391886	0.0906250029802322	5.398119	3.50075006484985
5.414439	0.0905000045895576	5.420676	3.50162506103516
5.436995	0.0903750061988831	5.443227	3.50212526321411
5.459546	0.0912500023841858	5.465779	3.50400018692017
5.482105	0.0912500023841858	5.488337	3.50575017929077
5.504657	0.0913750007748604	5.51089	3.5090000629425
5.52721	0.0927500054240227	5.533443	3.51300024986267
5.549767	0.0926250070333481	5.556	3.51525020599365
5.572325	0.0917500033974648	5.578557	3.51650023460388
5.594845	0.0913750007748604	5.601082	3.51787519454956
5.617402	0.0911250039935112	5.623634	3.51837515830994
5.639957	0.0918750017881393	5.64619	3.51987504959106
5.662522	0.0927500054240227	5.668751	3.52187514305115
5.685074	0.0921250060200691	5.691306	3.52500009536743
5.707628	0.0946250036358833	5.713863	3.52862524986267
5.730189	0.0937500074505806	5.736422	3.53037524223328
5.752741	0.0926250070333481	5.758982	3.53262519836426
5.775298	0.093125008046627	5.781531	3.53287506103516
5.797866	0.0926250070333481	5.804094	3.53325009346008
5.820416	0.0918750017881393	5.826674	3.53437519073486
5.843003	0.0928750038146973	5.849232	3.53750014305115
5.865556	0.0926250070333481	5.871794	3.53962516784668
5.888116	0.0945000052452087	5.894348	3.54325008392334
5.910673	0.0936250016093254	5.916905	3.54500007629395
5.933224	0.0928750038146973	5.939469	3.54612517356873
5.955789	0.0926250070333481	5.962027	3.54650020599365
5.978351	0.0926250070333481	5.984584	3.54712510108948
6.000908	0.093125008046627	6.00714	3.54812526702881
6.023478	0.0933750048279762	6.029716	3.55050015449524
6.046034	0.0936250016093254	6.052271	3.55400013923645
6.068606	0.0948750078678131	6.074839	3.55562520027161
6.091164	0.0957500040531158	6.097397	3.55650019645691
6.113715	0.0933750048279762	6.119953	3.55762505531311
6.136274	0.0930000022053719	6.142512	3.55775022506714
6.158845	0.096500001847744	6.165078	3.55875015258789
6.181393	0.0947500020265579	6.187626	3.55975008010864
6.203973	0.0938750058412552	6.210212	3.56162524223328
6.226534	0.0941250026226044	6.232766	3.56350016593933
6.249092	0.0952500030398369	6.255325	3.56637525558472
6.271649	0.0947500020265579	6.277881	3.56687521934509
6.294201	0.0945000052452087	6.300438	3.56787514686584
6.316757	0.0947500020265579	6.322994	3.56750011444092
6.339313	0.0941250026226044	6.345546	3.56812524795532
6.361873	0.0937500074505806	6.368106	3.56912517547607
6.384436	0.0946250036358833	6.390673	3.57100009918213
6.406995	0.0947500020265579	6.413227	3.57375025749207
6.429546	0.096000000834465	6.435778	3.57537508010864
6.452103	0.0910000056028366	6.458335	3.57600021362305
6.474654	0.0947500020265579	6.480892	3.5758752822876
6.497211	0.0958750024437904	6.503444	3.57537508010864
6.519767	0.0947500020265579	6.525999	3.57575011253357
6.542327	0.0948750078678131	6.548559	3.57662510871887
6.564847	0.0945000052452087	6.571084	3.57850027084351
6.587404	0.0962500050663948	6.593637	3.58075022697449
6.609961	0.0961250066757202	6.616193	3.58225011825562
6.632518	0.0951250046491623	6.63875	3.58187508583069
6.65507	0.0952500030398369	6.661307	3.58225011825562
6.677626	0.0951250046491623	6.683859	3.58187508583069
6.700194	0.0951250046491623	6.706422	3.58187508583069
6.722742	0.096000000834465	6.729003	3.58287525177002
6.745327	0.0957500040531158	6.751559	3.585125207901
6.767886	0.0978750064969063	6.774119	3.58662509918213
6.790443	0.0970000028610229	6.796676	3.58800005912781
6.812998	0.0956250056624413	6.819231	3.58737516403198
6.835571	0.0953750014305115	6.841806	3.58700013160706
6.858133	0.0980000048875809	6.864362	3.58675026893616
6.880701	0.0952500030398369	6.886933	3.58687520027161
6.903256	0.096000000834465	6.909488	3.58850026130676
6.925801	0.0957500040531158	6.932039	3.59037518501282
6.948359	0.0976250022649765	6.954592	3.59112524986267
6.970918	0.096500001847744	6.97715	3.59200024604797
6.993481	0.0963750034570694	6.999718	3.59250020980835
7.016037	0.096000000834465	7.022275	3.59137511253357
7.038605	0.0982500016689301	7.044838	3.59087514877319
7.061161	0.0977500081062317	7.067394	3.59087514877319
7.083726	0.0962500050663948	7.089964	3.5926251411438
7.106275	0.0950000062584877	7.112513	3.59412527084351
7.128833	0.0978750064969063	7.135066	3.59512519836426
7.15139	0.0963750034570694	7.157622	3.59575009346008
7.173974	0.096500001847744	7.180211	3.59500026702881
7.196536	0.096000000834465	7.202774	3.59425020217896
7.219096	0.0963750034570694	7.225328	3.59387516975403
7.241651	0.0961250066757202	7.247879	3.59500026702881
7.264221	0.0966250076889992	7.270458	3.59562516212463
7.286778	0.096500001847744	7.29301	3.59725022315979
7.309331	0.0947500020265579	7.315563	3.5990002155304
7.331888	0.0957500040531158	7.33812	3.5990002155304
7.35444	0.0958750024437904	7.360678	3.59837508201599
7.376998	0.096500001847744	7.38323	3.59712505340576
7.399574	0.0958750024437904	7.405807	3.59675025939941
7.422132	0.0970000028610229	7.428364	3.59725022315979
7.444686	0.0970000028610229	7.450923	3.5990002155304
7.467242	0.0982500016689301	7.473478	3.60037517547607
7.489803	0.0981250032782555	7.496035	3.60150027275085
7.512359	0.0978750064969063	7.518603	3.60112524032593
7.534922	0.0962500050663948	7.541159	3.59937524795532
7.557479	0.0955000072717667	7.563712	3.59937524795532
7.580037	0.0963750034570694	7.586269	3.59937524795532
7.602592	0.0967500060796738	7.608825	3.59975028038025
7.625144	0.0967500060796738	7.631376	3.6016252040863
7.647709	0.099250003695488	7.653962	3.60250020027161
7.670286	0.0980000048875809	7.676519	3.60287523269653
7.692847	0.0966250076889992	7.69909	3.60337519645691
7.715409	0.096500001847744	7.721647	3.60150027275085
7.737967	0.096000000834465	7.7442	3.60150027275085
7.760524	0.0970000028610229	7.766756	3.60112524032593
7.783096	0.0963750034570694	7.789328	3.6018750667572
7.805654	0.0971250012516975	7.811893	3.60387516021729
7.828238	0.098750002682209	7.834472	3.60450005531311
7.850792	0.0981250032782555	7.857019	3.60525012016296
7.87334	0.0966250076889992	7.879583	3.60512518882751
7.895913	0.0971250012516975	7.902147	3.60375022888184
7.918472	0.0957500040531158	7.924726	3.60337519645691
7.941046	0.0973750054836273	7.947278	3.60325026512146
7.963603	0.0983750075101852	7.969841	3.60425019264221
7.986178	0.0980000048875809	7.992415	3.60587525367737
8.008735	0.0986250042915344	8.014968	3.60700011253357
8.031297	0.0976250022649765	8.03753	3.6071252822876
8.053863	0.0977500081062317	8.060101	3.60625028610229
8.07642	0.0976250022649765	8.082657	3.60550022125244
8.098983	0.096500001847744	8.105216	3.60450005531311
8.121541	0.0968750044703484	8.127773	3.60487508773804
8.144091	0.0976250022649765	8.15033	3.60650014877319
8.166651	0.0966250076889992	8.172889	3.60762524604797
8.189208	0.0990000069141388	8.195453	3.6082501411438
8.211784	0.0967500060796738	8.218017	3.60862517356873
8.23435	0.0981250032782555	8.240587	3.6080002784729
8.256908	0.0967500060796738	8.263141	3.60687518119812
8.279468	0.096500001847744	8.285695	3.60637521743774
8.302022	0.0971250012516975	8.308254	3.60637521743774
8.324582	0.0943750068545341	8.33082	3.60812520980835
8.347157	0.098750002682209	8.35339	3.60950016975403
8.369716	0.0983750075101852	8.375948	3.60987520217896
8.392275	0.0967500060796738	8.398508	3.61037516593933
8.414832	0.0938750058412552	8.421069	3.60900020599365
8.437389	0.0967500060796738	8.443622	3.60862517356873
8.459945	0.0968750044703484	8.466178	3.6073751449585
8.482502	0.0975000038743019	8.488736	3.60837507247925
8.505055	0.0976250022649765	8.511292	3.60987520217896
8.527611	0.0985000059008598	8.533857	3.61025023460388
8.550193	0.0993750020861626	8.556427	3.61175012588501
8.572745	0.0977500081062317	8.578984	3.61025023460388
8.595305	0.0976250022649765	8.601542	3.60987520217896
8.617861	0.0968750044703484	8.624094	3.60925006866455
8.640418	0.0975000038743019	8.646651	3.6088752746582
8.662974	0.0976250022649765	8.669207	3.61025023460388
8.685527	0.0962500050663948	8.691764	3.61087512969971
8.708086	0.100000001490116	8.714341	3.61287522315979
8.730666	0.0985000059008598	8.736898	3.61275005340576
8.753231	0.0983750075101852	8.759469	3.61225008964539
8.775779	0.0976250022649765	8.782017	3.61112523078918
8.798336	0.0972500070929527	8.804569	3.61087512969971
8.820894	0.096000000834465	8.827152	3.61062526702881
8.843487	0.0985000059008598	8.849726	3.61162519454956
8.866055	0.0988750010728836	8.872293	3.61287522315979
8.888612	0.0990000069141388	8.894845	3.61375021934509
8.911169	0.0975000038743019	8.917402	3.61425018310547
8.933724	0.0993750020861626	8.939957	3.61275005340576
8.956275	0.0968750044703484	8.962508	3.61237525939941
8.978829	0.0973750054836273	8.985062	3.61150026321411
9.001384	0.0985000059008598	9.007617	3.61162519454956
9.023959	0.0986250042915344	9.030192	3.61287522315979
9.046512	0.0986250042915344	9.052745	3.61425018310547
9.069087	0.099250003695488	9.07532	3.61512517929077
9.09166	0.0986250042915344	9.097892	3.61525011062622
9.114212	0.0972500070929527	9.120449	3.61400008201599
9.13677	0.0978750064969063	9.143008	3.61375021934509
9.159326	0.0978750064969063	9.165558	3.61237525939941
9.181882	0.0995000079274178	9.188114	3.61300015449524
9.204457	0.0983750075101852	9.210695	3.61400008201599
9.227017	0.0998750030994415	9.23325	3.61600017547607
9.249596	0.102875001728535	9.255834	3.616375207901
9.272165	0.0978750064969063	9.278398	3.61600017547607
9.294733	0.0973750054836273	9.30097	3.61500024795532
9.317289	0.0996250063180923	9.323517	3.61425018310547
9.339854	0.0980000048875809	9.346088	3.61362528800964
9.362414	0.0966250076889992	9.368647	3.61387515068054
9.384967	0.0988750010728836	9.391205	3.61512517929077
9.407524	0.101500004529953	9.413768	3.61675024032593
9.430092	0.10037500411272	9.436324	3.6172502040863
9.452647	0.0997500047087669	9.458897	3.61650013923645
9.475218	0.0973750054836273	9.481456	3.6155002117157
9.497775	0.0981250032782555	9.504008	3.61475014686584
9.520333	0.0975000038743019	9.526565	3.61450028419495
9.542889	0.0980000048875809	9.549122	3.61512517929077
9.56544	0.0972500070929527	9.571677	3.616375207901
9.587995	0.0991250053048134	9.594238	3.61762523651123
9.610561	0.0980000048875809	9.616793	3.6183750629425
9.633112	0.0978750064969063	9.639345	3.61712527275085
9.655667	0.0988750010728836	9.661904	3.61687517166138
9.678223	0.0971250012516975	9.684456	3.61537528038025
9.700784	0.0980000048875809	9.707017	3.61562514305115
9.723336	0.0976250022649765	9.729574	3.616375207901
9.745893	0.0990000069141388	9.75213	3.61825013160706
9.768449	0.0996250063180923	9.774681	3.61900019645691
9.791004	0.0997500047087669	9.797237	3.61850023269653
9.813596	0.0982500016689301	9.819829	3.61825013160706
9.836169	0.0978750064969063	9.842403	3.6166250705719
9.858736	0.0970000028610229	9.864969	3.61625027656555
9.881285	0.0958750024437904	9.887517	3.6166250705719
9.903865	0.099250003695488	9.910102	3.6172502040863
9.926422	0.0986250042915344	9.932659	3.61937522888184
9.948983	0.100000001490116	9.955216	3.61962509155273
9.97154	0.098750002682209	9.977773	3.61912512779236
9.994093	0.0982500016689301	10.000331	3.61887526512146
10.016649	0.0980000048875809	10.022887	3.61737513542175
10.039208	0.0971250012516975	10.045441	3.61712527275085
10.061765	0.0978750064969063	10.068005	3.61762523651123
10.084359	0.0983750075101852	10.090591	3.61825013160706
10.106912	0.0996250063180923	10.113144	3.61950016021729
10.129462	0.100125007331371	10.135695	3.62062525749207
10.152016	0.0986250042915344	10.158249	3.62025022506714
10.174567	0.0988750010728836	10.1808	3.61950016021729
10.197141	0.0975000038743019	10.203386	3.61825013160706
10.219714	0.0980000048875809	10.225946	3.6175000667572
10.242276	0.0976250022649765	10.248509	3.61825013160706
10.264834	0.0991250053048134	10.271066	3.61925005912781
10.287378	0.101250007748604	10.293616	3.62075018882751
10.309943	0.0993750020861626	10.316175	3.62125015258789
10.3325	0.0993750020861626	10.338733	3.62062525749207
10.355053	0.0980000048875809	10.361291	3.61912512779236
10.377613	0.0972500070929527	10.383856	3.61887526512146
10.400186	0.101500004529953	10.406418	3.61812520027161
10.422743	0.0983750075101852	10.42898	3.61912512779236
10.445301	0.0982500016689301	10.451539	3.62025022506714
10.467857	0.100000001490116	10.47409	3.62150025367737
10.490415	0.0985000059008598	10.496647	3.62150025367737
10.512972	0.0973750054836273	10.519205	3.62125015258789
10.535524	0.102875001728535	10.541762	3.61950016021729
10.558082	0.0971250012516975	10.564339	3.61962509155273
10.580663	0.0981250032782555	10.586896	3.61937522888184
10.603235	0.0983750075101852	10.609469	3.61962509155273
10.625779	0.0986250042915344	10.632011	3.62175011634827
10.648331	0.0997500047087669	10.654564	3.62175011634827
10.670889	0.0990000069141388	10.677121	3.62150025367737
10.693445	0.0978750064969063	10.699683	3.62137508392334
10.716003	0.0978750064969063	10.72224	3.62012505531311
10.738559	0.0978750064969063	10.744792	3.61925005912781
10.761117	0.0980000048875809	10.76735	3.61975026130676
10.783683	0.0981250032782555	10.789921	3.62050008773804
10.806232	0.098750002682209	10.812464	3.62187528610229
10.828836	0.100000001490116	10.835072	3.62262511253357
10.851397	0.0982500016689301	10.857631	3.62225008010864
10.873971	0.096000000834465	10.880209	3.62225008010864
10.896529	0.101875007152557	10.902767	3.62062525749207
10.919092	0.0980000048875809	10.925325	3.62000012397766
10.941648	0.0991250053048134	10.94788	3.62025022506714
10.964203	0.0958750024437904	10.970441	3.62100028991699
10.98676	0.0996250063180923	10.992997	3.62287521362305
11.009316	0.0966250076889992	11.015549	3.62325024604797
11.031872	0.0982500016689301	11.038105	3.6227502822876
11.054437	0.0980000048875809	11.060669	3.62137508392334
11.076987	0.0972500070929527	11.08322	3.62125015258789
11.099539	0.0973750054836273	11.105771	3.62000012397766
11.122095	0.102500006556511	11.128326	3.62062525749207
11.144646	0.0962500050663948	11.150884	3.62225008010864
11.167201	0.0991250053048134	11.173434	3.62337517738342
11.189754	0.0990000069141388	11.196005	3.6238751411438
11.212336	0.0982500016689301	11.218569	3.62375020980835
11.234918	0.0977500081062317	11.241156	3.62200021743774
11.257478	0.0956250056624413	11.263713	3.62137508392334
11.280039	0.0976250022649765	11.286272	3.62100028991699
11.302593	0.0986250042915344	11.308826	3.62112522125244
11.325136	0.0982500016689301	11.331369	3.62225008010864
11.347694	0.0998750030994415	11.353927	3.62337517738342
11.370252	0.0996250063180923	11.376484	3.62462520599365
11.39281	0.0975000038743019	11.399043	3.6236252784729
11.415365	0.0990000069141388	11.421602	3.62262511253357
11.437923	0.099250003695488	11.444156	3.62137508392334
11.46048	0.0976250022649765	11.466713	3.62137508392334
11.483036	0.0983750075101852	11.489269	3.62175011634827
11.505588	0.099250003695488	11.511826	3.62312507629395
11.528144	0.0990000069141388	11.534377	3.6238751411438
11.550718	0.099250003695488	11.556951	3.62437510490417
11.573278	0.0983750075101852	11.579512	3.62375020980835
11.595832	0.0976250022649765	11.60207	3.6227502822876
11.618389	0.0968750044703484	11.624637	3.62150025367737
11.640961	0.0985000059008598	11.647194	3.62150025367737
11.663514	0.098750002682209	11.669751	3.62225008010864
11.68607	0.0996250063180923	11.692308	3.62375020980835
11.708642	0.0993750020861626	11.714877	3.62500023841858
11.731195	0.10037500411272	11.737428	3.62462520599365
11.753772	0.100125007331371	11.76001	3.62350010871887
11.776328	0.0975000038743019	11.782566	3.62262511253357
11.798895	0.0945000052452087	11.805122	3.62162518501282
11.821441	0.0985000059008598	11.827699	3.62212514877319
11.844026	0.0980000048875809	11.850254	3.6230001449585
11.866577	0.0995000079274178	11.872814	3.62437510490417
11.88914	0.0997500047087669	11.895373	3.62550020217896
11.911697	0.0972500070929527	11.917929	3.62487506866455
11.934266	0.0981250032782555	11.940504	3.6238751411438
11.956823	0.0985000059008598	11.963057	3.62262511253357
11.979382	0.0982500016689301	11.985614	3.62212514877319
12.001937	0.0990000069141388	12.00817	3.6227502822876
12.024489	0.0988750010728836	12.030727	3.62337517738342
12.047044	0.100000001490116	12.053283	3.6247501373291
12.069609	0.10037500411272	12.075842	3.62587523460388
12.092166	0.101250007748604	12.098399	3.62537527084351
12.114724	0.0986250042915344	12.120962	3.62425017356873
12.13728	0.0928750038146973	12.143513	3.62287521362305
12.159837	0.0973750054836273	12.16607	3.62237524986267
12.182394	0.0985000059008598	12.188626	3.6227502822876
12.20497	0.0980000048875809	12.211208	3.62400007247925
12.227529	0.0993750020861626	12.233769	3.62600016593933
12.250094	0.098750002682209	12.256329	3.62587523460388
12.27265	0.0985000059008598	12.278899	3.62525010108948
12.295223	0.0993750020861626	12.301455	3.6245002746582
12.317776	0.0970000028610229	12.324009	3.6227502822876
12.34033	0.0971250012516975	12.346562	3.62250018119812
12.362879	0.0985000059008598	12.369107	3.6230001449585
12.385429	0.0972500070929527	12.391667	3.62500023841858
12.407992	0.0997500047087669	12.414238	3.62550020217896
12.430563	0.0948750078678131	12.436795	3.62600016593933
12.453118	0.0975000038743019	12.459352	3.62487506866455
12.475673	0.0986250042915344	12.48191	3.62412524223328
12.49823	0.0985000059008598	12.504462	3.62312507629395
12.520787	0.0973750054836273	12.52702	3.62287521362305
12.543338	0.0988750010728836	12.549575	3.62412524223328
12.565894	0.0998750030994415	12.572131	3.62487506866455
12.588451	0.100250005722046	12.594684	3.62575006484985
12.611024	0.0986250042915344	12.617256	3.62637519836426
12.633571	0.098750002682209	12.639803	3.62512516975403
12.656123	0.0981250032782555	12.66236	3.62425017356873
12.678698	0.0980000048875809	12.68493	3.62287521362305
12.701258	0.0983750075101852	12.70749	3.62337517738342
12.72381	0.0975000038743019	12.730047	3.6245002746582
12.746366	0.0982500016689301	12.752603	3.62525010108948
12.768922	0.100875005125999	12.775155	3.62625026702881
12.791483	0.0961250066757202	12.797716	3.62637519836426
12.814059	0.0977500081062317	12.820296	3.62525010108948
12.83664	0.0973750054836273	12.842874	3.6238751411438
12.859206	0.0981250032782555	12.865441	3.62337517738342
12.881767	0.0983750075101852	12.888001	3.62412524223328
12.904344	0.0990000069141388	12.910581	3.62462520599365
12.926901	0.100000001490116	12.933133	3.62512516975403
12.94947	0.100000001490116	12.955702	3.62662506103516
12.972027	0.0995000079274178	12.97826	3.62587523460388
12.994595	0.0973750054836273	13.000833	3.6247501373291
13.017152	0.0978750064969063	13.023385	3.62400007247925
13.03971	0.098750002682209	13.045942	3.62375020980835
13.062265	0.098750002682209	13.068497	3.6247501373291
13.084839	0.0983750075101852	13.091076	3.62525010108948
13.107393	0.100750006735325	13.113626	3.62662506103516
13.12995	0.0991250053048134	13.136182	3.62712526321411
13.152506	0.0986250042915344	13.158739	3.62650012969971
13.175059	0.0970000028610229	13.181296	3.62525010108948
13.197621	0.0996250063180923	13.203866	3.62375020980835
13.220195	0.0978750064969063	13.226428	3.62337517738342
13.242753	0.0990000069141388	13.248986	3.62412524223328
13.265307	0.0983750075101852	13.271544	3.6256251335144
13.287864	0.099250003695488	13.294097	3.62662506103516
13.310421	0.0998750030994415	13.316653	3.62700009346008
13.332984	0.0990000069141388	13.339255	3.62587523460388
13.355601	0.0978750064969063	13.36184	3.62437510490417
13.378211	0.0971250012516975	13.384475	3.62375020980835
13.400799	0.0981250032782555	13.407027	3.62375020980835
13.42338	0.0982500016689301	13.429614	3.62487506866455
13.445939	0.0982500016689301	13.452172	3.62637519836426
13.468493	0.100875005125999	13.474726	3.62712526321411
13.491047	0.0988750010728836	13.49728	3.62712526321411
13.513605	0.0977500081062317	13.519843	3.62600016593933
13.53618	0.0983750075101852	13.542412	3.62437510490417
13.558733	0.0976250022649765	13.564966	3.6238751411438
13.581292	0.0976250022649765	13.587524	3.62337517738342
13.603856	0.0976250022649765	13.610093	3.62500023841858
13.626414	0.0990000069141388	13.632651	3.62675023078918
13.648983	0.0998750030994415	13.655216	3.62700009346008
13.67154	0.0985000059008598	13.677773	3.62700009346008
13.694109	0.0988750010728836	13.700354	3.62600016593933
13.716681	0.0976250022649765	13.722918	3.62500023841858
13.739239	0.0981250032782555	13.745472	3.62400007247925
13.761799	0.0988750010728836	13.768031	3.6245002746582
13.784351	0.0978750064969063	13.790588	3.62500023841858
13.806899	0.0985000059008598	13.813136	3.62675023078918
13.829505	0.0997500047087669	13.83574	3.62700009346008
13.852059	0.100000001490116	13.858286	3.62687516212463
13.874615	0.0970000028610229	13.880853	3.62550020217896
13.897178	0.0980000048875809	13.903411	3.62462520599365
13.919751	0.0980000048875809	13.925984	3.6236252784729
13.9423	0.0988750010728836	13.948532	3.6247501373291
13.964857	0.0982500016689301	13.971095	3.62625026702881
13.987432	0.0997500047087669	13.993666	3.62712526321411
14.009992	0.10037500411272	14.016226	3.62762522697449
14.032551	0.0980000048875809	14.038783	3.62687516212463
14.055104	0.101000003516674	14.061342	3.62525010108948
14.07766	0.0973750054836273	14.083893	3.6247501373291
14.100221	0.0975000038743019	14.106454	3.6245002746582
14.122778	0.0991250053048134	14.129011	3.62512516975403
14.145331	0.0981250032782555	14.151569	3.62675023078918
14.167888	0.100125007331371	14.17412	3.62712526321411
14.190443	0.0998750030994415	14.196685	3.62762522697449
14.213011	0.0983750075101852	14.219244	3.62675023078918
14.235562	0.0978750064969063	14.2418	3.62525010108948
14.258128	0.0981250032782555	14.264361	3.6245002746582
14.2807	0.10062500834465	14.286928	3.6245002746582
14.303253	0.0988750010728836	14.309487	3.62550020217896
14.325807	0.0982500016689301	14.332044	3.62662506103516
14.348363	0.100125007331371	14.354596	3.62712526321411
14.37092	0.0981250032782555	14.377153	3.62737512588501
14.393478	0.0981250032782555	14.399716	3.62650012969971
14.416036	0.0970000028610229	14.422273	3.62500023841858
14.438606	0.0980000048875809	14.444833	3.6247501373291
14.461159	0.0986250042915344	14.467393	3.62462520599365
14.483721	0.098750002682209	14.489954	3.62612509727478
14.506273	0.099250003695488	14.512506	3.62650012969971
14.528818	0.100250005722046	14.535057	3.62762522697449
14.551381	0.0978750064969063	14.557614	3.62762522697449
14.573957	0.0980000048875809	14.580189	3.62600016593933
14.596509	0.0977500081062317	14.602742	3.62512516975403
14.619088	0.0975000038743019	14.62532	3.62350010871887
14.641659	0.0980000048875809	14.647891	3.6247501373291
14.664211	0.0976250022649765	14.670448	3.62625026702881
14.686768	0.0996250063180923	14.693006	3.62700009346008
14.709326	0.0986250042915344	14.715558	3.62750005722046
14.731882	0.0983750075101852	14.738115	3.62775015830994
14.754439	0.0986250042915344	14.760677	3.62612509727478
14.776995	0.0982500016689301	14.783228	3.62525010108948
14.799547	0.10062500834465	14.805779	3.62437510490417
14.822115	0.0980000048875809	14.828363	3.62512516975403
14.844703	0.0980000048875809	14.850942	3.62687516212463
14.867266	0.0996250063180923	14.873505	3.62687516212463
14.889834	0.0995000079274178	14.896066	3.62837505340576
14.912389	0.0962500050663948	14.918621	3.62737512588501
14.934941	0.098750002682209	14.941178	3.62600016593933
14.957498	0.0986250042915344	14.963731	3.62537527084351
14.980055	0.0986250042915344	14.986288	3.62437510490417
15.002612	0.0982500016689301	15.008845	3.62500023841858
15.025164	0.0981250032782555	15.031401	3.62675023078918
15.047735	0.0998750030994415	15.053968	3.62712526321411
15.070287	0.10062500834465	15.076519	3.62800025939941
15.092845	0.0975000038743019	15.099095	3.62662506103516
15.115413	0.0983750075101852	15.12165	3.62600016593933
15.137969	0.0972500070929527	15.144202	3.62487506866455
15.160526	0.0950000062584877	15.16676	3.62462520599365
15.183093	0.0973750054836273	15.189326	3.62550020217896
15.205673	0.0986250042915344	15.211911	3.62675023078918
15.228236	0.0993750020861626	15.234469	3.62800025939941
15.2508	0.0998750030994415	15.257039	3.62800025939941
15.273379	0.0981250032782555	15.279617	3.62700009346008
15.295937	0.0977500081062317	15.302175	3.62575006484985
15.318495	0.0967500060796738	15.324728	3.62437510490417
15.341053	0.0982500016689301	15.347286	3.62462520599365
15.363605	0.0982500016689301	15.369842	3.62575006484985
15.386162	0.100750006735325	15.3924	3.62700009346008
15.408719	0.104625001549721	15.414951	3.62775015830994
15.431279	0.0978750064969063	15.437512	3.62787508964539
15.453832	0.0985000059008598	15.460071	3.62687516212463
15.476393	0.098750002682209	15.48263	3.6256251335144
15.498952	0.0975000038743019	15.505186	3.62462520599365
15.521509	0.0971250012516975	15.527742	3.62512516975403
15.544061	0.0983750075101852	15.550298	3.62650012969971
15.566609	0.0991250053048134	15.572847	3.62687516212463
15.589182	0.0996250063180923	15.595415	3.62800025939941
15.611738	0.0982500016689301	15.617971	3.62787508964539
15.634293	0.0985000059008598	15.640526	3.62650012969971
15.656847	0.0978750064969063	15.663091	3.6256251335144
15.679412	0.0968750044703484	15.685645	3.6247501373291
15.701974	0.0978750064969063	15.708206	3.62525010108948
15.724532	0.0980000048875809	15.730765	3.62650012969971
15.747078	0.0996250063180923	15.753311	3.62762522697449
15.769631	0.0983750075101852	15.775863	3.62812519073486
15.792203	0.0981250032782555	15.798435	3.62762522697449
15.814751	0.0982500016689301	15.820984	3.62637519836426
15.837328	0.0990000069141388	15.843577	3.62525010108948
15.8599	0.0976250022649765	15.866134	3.62512516975403
15.882459	0.0976250022649765	15.8887	3.62612509727478
15.90502	0.0982500016689301	15.911258	3.62650012969971
15.927576	0.100250005722046	15.933809	3.62737512588501
15.950132	0.0986250042915344	15.956364	3.62850022315979
15.972695	0.0996250063180923	15.978927	3.62800025939941
15.995248	0.098750002682209	16.00148	3.62612509727478
16.017802	0.0980000048875809	16.024035	3.62537527084351
16.04036	0.0986250042915344	16.046593	3.62512516975403
16.06293	0.0978750064969063	16.069181	3.62612509727478
16.0855	0.0985000059008598	16.091738	3.62687516212463
16.108058	0.0998750030994415	16.114291	3.62837505340576
16.130617	0.0980000048875809	16.136854	3.62825012207031
16.153189	0.0977500081062317	16.159422	3.62700009346008
16.175742	0.0991250053048134	16.181974	3.62650012969971
16.198318	0.0973750054836273	16.204552	3.62537527084351
16.220878	0.0983750075101852	16.22711	3.62500023841858
16.243433	0.0980000048875809	16.249671	3.62637519836426
16.26599	0.0990000069141388	16.272228	3.62725019454956
16.288547	0.0996250063180923	16.29478	3.62825012207031
16.311105	0.0980000048875809	16.317338	3.62800025939941
16.333667	0.0981250032782555	16.339905	3.62737512588501
16.356225	0.0980000048875809	16.362462	3.6256251335144
16.378785	0.0983750075101852	16.385018	3.62500023841858
16.401342	0.0970000028610229	16.407574	3.62487506866455
16.423894	0.0985000059008598	16.430132	3.62600016593933
16.446451	0.099250003695488	16.452688	3.62750005722046
16.469008	0.099250003695488	16.47524	3.62875008583069
16.491564	0.0996250063180923	16.497796	3.62775015830994
16.514147	0.0980000048875809	16.520384	3.62700009346008
16.536702	0.0977500081062317	16.54294	3.62550020217896
16.559262	0.0978750064969063	16.565494	3.62487506866455
16.581819	0.0985000059008598	16.588052	3.62625026702881
16.604367	0.098750002682209	16.610606	3.62662506103516
16.626926	0.0993750020861626	16.633158	3.62837505340576
16.649478	0.0986250042915344	16.655711	3.62862515449524
16.672036	0.0980000048875809	16.678269	3.62800025939941
16.694612	0.0976250022649765	16.70085	3.62675023078918
16.717172	0.0980000048875809	16.723409	3.62512516975403
16.739734	0.0967500060796738	16.745967	3.62525010108948
16.762288	0.0981250032782555	16.768521	3.62587523460388
16.784847	0.0981250032782555	16.79108	3.62700009346008
16.807401	0.100125007331371	16.813633	3.62837505340576
16.829984	0.0996250063180923	16.836217	3.62875008583069
16.852557	0.0978750064969063	16.858792	3.62812519073486
16.87512	0.0976250022649765	16.881353	3.62687516212463
16.897677	0.0983750075101852	16.90391	3.62550020217896
16.920236	0.0978750064969063	16.926468	3.62550020217896
16.942793	0.0983750075101852	16.949025	3.62625026702881
16.965345	0.0988750010728836	16.971582	3.62725019454956
16.987902	0.10062500834465	16.994147	3.62837505340576
17.010471	0.0991250053048134	17.016703	3.62875008583069
17.033027	0.0988750010728836	17.03926	3.62800025939941
17.055595	0.0991250053048134	17.061832	3.62612509727478
17.078142	0.0978750064969063	17.084375	3.6256251335144
17.100699	0.0983750075101852	17.106931	3.6256251335144
17.12325	0.0990000069141388	17.129483	3.62662506103516
17.145801	0.0982500016689301	17.152038	3.62812519073486
17.168348	0.100500002503395	17.174581	3.62850022315979
17.190906	0.0985000059008598	17.197145	3.62775015830994
17.213479	0.0991250053048134	17.219716	3.62762522697449
17.236041	0.0991250053048134	17.242279	3.62625026702881
17.258615	0.0951250046491623	17.264847	3.62537527084351
17.281162	0.0972500070929527	17.287395	3.6256251335144
17.303716	0.0981250032782555	17.309953	3.62637519836426
17.326273	0.0986250042915344	17.33251	3.62775015830994
17.34883	0.100250005722046	17.355063	3.62825012207031
17.371387	0.0981250032782555	17.37762	3.62850022315979
17.393965	0.0981250032782555	17.400202	3.62775015830994
17.416522	0.0976250022649765	17.422759	3.62587523460388
17.439092	0.101625002920628	17.445325	3.62575006484985
17.461662	0.0966250076889992	17.467895	3.62575006484985
17.484211	0.099250003695488	17.490448	3.62687516212463
17.506768	0.0976250022649765	17.513006	3.62812519073486
17.529325	0.100125007331371	17.535557	3.62862515449524
17.551881	0.0977500081062317	17.558113	3.62825012207031
17.574453	0.0976250022649765	17.580691	3.62750005722046
17.597011	0.0981250032782555	17.603243	3.62575006484985
17.619567	0.0993750020861626	17.6258	3.62662506103516
17.642124	0.0976250022649765	17.648351	3.62625026702881
17.664673	0.0990000069141388	17.670906	3.62737512588501
17.687225	0.0993750020861626	17.693484	3.62862515449524
17.709809	0.101000003516674	17.716042	3.62887525558472
17.732361	0.0985000059008598	17.738606	3.62850022315979
17.754925	0.098750002682209	17.761163	3.62600016593933
17.777481	0.0990000069141388	17.783713	3.62612509727478
17.800037	0.0977500081062317	17.806264	3.62575006484985
17.822592	0.0985000059008598	17.828849	3.62637519836426
17.845192	0.0972500070929527	17.851425	3.62775015830994
17.867744	0.0993750020861626	17.873976	3.62887525558472
17.890308	0.0991250053048134	17.896541	3.62875008583069
17.912869	0.0985000059008598	17.919103	3.62800025939941
17.935414	0.0983750075101852	17.941647	3.62700009346008
17.957966	0.0991250053048134	17.964204	3.62625026702881
17.980544	0.0981250032782555	17.986776	3.62575006484985
18.003094	0.0998750030994415	18.009327	3.62675023078918
18.025649	0.0986250042915344	18.031886	3.62812519073486
18.048207	0.100125007331371	18.054439	3.62850022315979
18.070764	0.10037500411272	18.076996	3.62862515449524
18.093315	0.099250003695488	18.099568	3.62750005722046
18.115887	0.0963750034570694	18.122124	3.62687516212463
18.138452	0.0990000069141388	18.144685	3.62587523460388
18.161009	0.0988750010728836	18.167241	3.62537527084351
18.18357	0.0988750010728836	18.189808	3.62687516212463
18.206153	0.100750006735325	18.212392	3.62787508964539
18.228717	0.100250005722046	18.23495	3.62912511825562
18.251275	0.0991250053048134	18.257507	3.62875008583069
18.273828	0.0983750075101852	18.280066	3.62700009346008
18.296387	0.0981250032782555	18.302624	3.62612509727478
18.318943	0.0973750054836273	18.325176	3.62587523460388
18.341501	0.0996250063180923	18.347734	3.62637519836426
18.36405	0.0982500016689301	18.370295	3.62787508964539
18.386636	0.100000001490116	18.392874	3.62825012207031
18.409194	0.099250003695488	18.415431	3.62837505340576
18.431756	0.0973750054836273	18.437989	3.62850022315979
18.454304	0.0990000069141388	18.460541	3.62762522697449
18.476861	0.0977500081062317	18.483094	3.62637519836426
18.499414	0.0978750064969063	18.505647	3.62600016593933
18.521972	0.0986250042915344	18.528204	3.62637519836426
18.544522	0.0980000048875809	18.55076	3.62775015830994
18.567082	0.0990000069141388	18.573315	3.62900018692017
18.58964	0.0996250063180923	18.595872	3.62925028800964
18.612189	0.0986250042915344	18.618423	3.62875008583069
18.634743	0.0981250032782555	18.64098	3.62687516212463
18.6573	0.0977500081062317	18.663533	3.62612509727478
18.679857	0.0975000038743019	18.686084	3.6256251335144
18.702415	0.0993750020861626	18.708648	3.62612509727478
18.724968	0.0978750064969063	18.731205	3.62737512588501
18.747527	0.0995000079274178	18.753768	3.62887525558472
18.770091	0.0983750075101852	18.776323	3.62912511825562
18.792648	0.0982500016689301	18.798892	3.62875008583069
18.81521	0.0978750064969063	18.821442	3.62687516212463
18.83778	0.0975000038743019	18.844014	3.62637519836426
18.860348	0.0983750075101852	18.866581	3.62612509727478
18.882906	0.0982500016689301	18.889139	3.62637519836426
18.905457	0.0990000069141388	18.911693	3.62837505340576
18.928014	0.0991250053048134	18.934246	3.62912511825562
18.950624	0.0988750010728836	18.956896	3.62912511825562
18.97328	0.0982500016689301	18.979625	3.62787508964539
18.995963	0.0970000028610229	19.002198	3.62700009346008
19.018513	0.0973750054836273	19.024781	3.62612509727478
19.041141	0.0982500016689301	19.047375	3.62575006484985
19.063695	0.0980000048875809	19.069928	3.62800025939941
19.086274	0.0996250063180923	19.092526	3.62850022315979
19.108859	0.0991250053048134	19.115092	3.62912511825562
19.131423	0.0986250042915344	19.137657	3.62925028800964
19.153977	0.0990000069141388	19.160215	3.62800025939941
19.176535	0.0985000059008598	19.182772	3.62687516212463
19.199115	0.0971250012516975	19.205348	3.62612509727478
19.221674	0.0991250053048134	19.227907	3.62637519836426
19.244246	0.0983750075101852	19.250483	3.62750005722046
19.266803	0.100500002503395	19.27304	3.62900018692017
19.289382	0.0993750020861626	19.295614	3.62962508201599
19.311938	0.0986250042915344	19.31817	3.62787508964539
19.33449	0.101625002920628	19.340728	3.62762522697449
19.357048	0.0971250012516975	19.363281	3.62637519836426
19.379605	0.0978750064969063	19.385837	3.62625026702881
19.402162	0.0983750075101852	19.408389	3.62675023078918
19.424743	0.0980000048875809	19.430977	3.62800025939941
19.447315	0.0991250053048134	19.453584	3.62900018692017
19.469924	0.0990000069141388	19.476164	3.62937521934509
19.492504	0.0985000059008598	19.498743	3.62900018692017
19.515077	0.0985000059008598	19.52131	3.62762522697449
19.537631	0.0973750054836273	19.543864	3.62650012969971
19.560188	0.0978750064969063	19.566421	3.62625026702881
19.582745	0.0978750064969063	19.588981	3.62712526321411
19.605299	0.098750002682209	19.611536	3.62862515449524
19.627861	0.100125007331371	19.634094	3.62925028800964
19.650416	0.0995000079274178	19.656649	3.62887525558472
19.672973	0.0971250012516975	19.679206	3.62875008583069
19.695526	0.0993750020861626	19.701763	3.62700009346008
19.718082	0.0980000048875809	19.724335	3.62637519836426
19.740662	0.0986250042915344	19.746895	3.62625026702881
19.763213	0.101250007748604	19.769447	3.62750005722046
19.785766	0.0986250042915344	19.792003	3.62875008583069
19.808312	0.0995000079274178	19.814544	3.62975025177002
